H123-compact:
([1, 1, 7, 2, 6, 2], ['h1', 'h3', 'h2', 'h2', 'h2', 'h2'])
H123:
[[1, 0, 0, 0, 0, 0], [0, 0, 7, 2, 6, 2], [0, 1, 0, 0, 0, 0]]
H123-compact:
([1, 1, 7, 2, 6, 2], ['h1', 'h3', 'h2', 'h2', 'h2', 'h2'])
H123:
[[1, 0, 0, 0, 0, 0], [0, 0, 7, 2, 6, 2], [0, 1, 0, 0, 0, 0]]
H123-compact:
([1, 1, 7, 2, 6], ['h1', 'h3', 'h2', 'h2', 'h2'])
H123:
[[1, 0, 0, 0, 0], [0, 0, 7, 2, 6], [0, 1, 0, 0, 0]]
H123-compact:
([1, 8, 1, 2, 6], ['h1', 'h2', 'h3', 'h2', 'h2'])
H123:
[[1, 0, 0, 0, 0], [0, 8, 0, 2, 6], [0, 0, 1, 0, 0]]
H123-compact:
([1, 1, 7, 2, 6, 2], ['h1', 'h3', 'h2', 'h2', 'h2', 'h2'])
H123:
[[1, 0, 0, 0, 0, 0], [0, 0, 7, 2, 6, 2], [0, 1, 0, 0, 0, 0]]
H123-compact:
([1, 1, 7, 2, 6, 2], ['h1', 'h3', 'h2', 'h2', 'h2', 'h2'])
H123:
[[1, 0, 0, 0, 0, 0], [0, 0, 7, 2, 6, 2], [0, 1, 0, 0, 0, 0]]
H123-compact:
([1, 1, 7, 2, 6, 2], ['h1', 'h3', 'h2', 'h2', 'h2', 'h2'])
H123:
[[1, 0, 0, 0, 0, 0], [0, 0, 7, 2, 6, 2], [0, 1, 0, 0, 0, 0]]
H123-compact:
([1, 1, 7, 2, 6, 2], ['h1', 'h3', 'h2', 'h2', 'h2', 'h2'])
H123:
[[1, 0, 0, 0, 0, 0], [0, 0, 7, 2, 6, 2], [0, 1, 0, 0, 0, 0]]
H123-compact:
([1, 1, 7, 2, 6], ['h1', 'h3', 'h2', 'h2', 'h2'])
H123:
[[1, 0, 0, 0, 0], [0, 0, 7, 2, 6], [0, 1, 0, 0, 0]]
H123-compact:
([1, 1, 7, 2, 6], ['h1', 'h3', 'h2', 'h2', 'h2'])
H123:
[[1, 0, 0, 0, 0], [0, 0, 7, 2, 6], [0, 1, 0, 0, 0]]
H123-compact:
([1, 1, 7, 2, 6, 2], ['h1', 'h3', 'h2', 'h2', 'h2', 'h2'])
H123:
[[1, 0, 0, 0, 0, 0], [0, 0, 7, 2, 6, 2], [0, 1, 0, 0, 0, 0]]
H123-compact:
([1, 1, 7, 2, 6, 2], ['h1', 'h3', 'h2', 'h2', 'h2', 'h2'])
H123:
[[1, 0, 0, 0, 0, 0], [0, 0, 7, 2, 6, 2], [0, 1, 0, 0, 0, 0]]
H123-compact:
([1, 1, 8, 2, 6, 2], ['h1', 'h3', 'h2', 'h2', 'h2', 'h2'])
H123:
[[1, 0, 0, 0, 0, 0], [0, 0, 8, 2, 6, 2], [0, 1, 0, 0, 0, 0]]
H123-compact:
([1, 1, 7, 2, 6, 2], ['h1', 'h3', 'h2', 'h2', 'h2', 'h2'])
H123:
[[1, 0, 0, 0, 0, 0], [0, 0, 7, 2, 6, 2], [0, 1, 0, 0, 0, 0]]
H123-compact:
([1, 1, 7, 2, 6, 2], ['h1', 'h3', 'h2', 'h2', 'h2', 'h2'])
H123:
[[1, 0, 0, 0, 0, 0], [0, 0, 7, 2, 6, 2], [0, 1, 0, 0, 0, 0]]
H123-compact:
([1, 1, 7, 2, 1, 6], ['h1', 'h3', 'h2', 'h2', 'h1', 'h2'])
H123:
[[1, 0, 0, 0, 1, 0], [0, 0, 7, 2, 0, 6], [0, 1, 0, 0, 0, 0]]
H123-compact:
([1, 1, 7, 2, 6, 2], ['h1', 'h3', 'h2', 'h2', 'h2', 'h2'])
H123:
[[1, 0, 0, 0, 0, 0], [0, 0, 7, 2, 6, 2], [0, 1, 0, 0, 0, 0]]
H123-compact:
([1, 1, 7, 2, 6, 2], ['h1', 'h3', 'h2', 'h2', 'h2', 'h2'])
H123:
[[1, 0, 0, 0, 0, 0], [0, 0, 7, 2, 6, 2], [0, 1, 0, 0, 0, 0]]
H123-compact:
([1, 1, 7, 2, 6, 2], ['h1', 'h3', 'h2', 'h2', 'h2', 'h2'])
H123:
[[1, 0, 0, 0, 0, 0], [0, 0, 7, 2, 6, 2], [0, 1, 0, 0, 0, 0]]
H123-compact:
([1, 1, 7, 2, 6, 2], ['h1', 'h3', 'h2', 'h2', 'h2', 'h2'])
H123:
[[1, 0, 0, 0, 0, 0], [0, 0, 7, 2, 6, 2], [0, 1, 0, 0, 0, 0]]

