H123-compact:
([1, 1, 3, 23, 1, 7, 3, 6, 3, 1, 2, 2, 1, 1, 1, 1, 2, 2, 5, 1, 1, 1, 1, 2, 1, 7, 2, 1, 1, 1, 1, 1, 2, 2, 2, 2], ['h1', 'h3', 'h2', 'h2', 'h2', 'h2', 'h2', 'h2', 'h2', 'h2', 'h2', 'h2', 'h3', 'h2', 'h2', 'h2', 'h2', 'h3', 'h2', 'h2', 'h2', 'h2', 'h1', 'h2', 'h2', 'h2', 'h2', 'h2', 'h2', 'h2', 'h1', 'h2', 'h2', 'h2', 'h2', 'h2'])
H123:
[[1, 0, 0, 0, 0, 0, 0, 0, 0, 0, 0, 0, 0, 0, 0, 0, 0, 0, 0, 0, 0, 0, 1, 0, 0, 0, 0, 0, 0, 0, 1, 0, 0, 0, 0, 0], [0, 0, 3, 23, 1, 7, 3, 6, 3, 1, 2, 2, 0, 1, 1, 1, 2, 0, 5, 1, 1, 1, 0, 2, 1, 7, 2, 1, 1, 1, 0, 1, 2, 2, 2, 2], [0, 1, 0, 0, 0, 0, 0, 0, 0, 0, 0, 0, 1, 0, 0, 0, 0, 2, 0, 0, 0, 0, 0, 0, 0, 0, 0, 0, 0, 0, 0, 0, 0, 0, 0, 0]]
H123-compact:
([1, 1, 3, 36, 3, 1, 3, 7, 6, 1, 2, 2, 1, 2, 1, 1, 1, 2, 1, 5, 8, 1, 1, 2, 1, 2, 1, 1, 1, 1, 1, 2, 2, 2, 2], ['h1', 'h3', 'h2', 'h2', 'h2', 'h2', 'h2', 'h2', 'h2', 'h2', 'h2', 'h2', 'h2', 'h3', 'h3', 'h2', 'h2', 'h2', 'h2', 'h2', 'h2', 'h2', 'h1', 'h2', 'h2', 'h2', 'h2', 'h2', 'h2', 'h1', 'h2', 'h2', 'h2', 'h2', 'h2'])
H123:
[[1, 0, 0, 0, 0, 0, 0, 0, 0, 0, 0, 0, 0, 0, 0, 0, 0, 0, 0, 0, 0, 0, 1, 0, 0, 0, 0, 0, 0, 1, 0, 0, 0, 0, 0], [0, 0, 3, 36, 3, 1, 3, 7, 6, 1, 2, 2, 1, 0, 0, 1, 1, 2, 1, 5, 8, 1, 0, 2, 1, 2, 1, 1, 1, 0, 1, 2, 2, 2, 2], [0, 1, 0, 0, 0, 0, 0, 0, 0, 0, 0, 0, 0, 2, 1, 0, 0, 0, 0, 0, 0, 0, 0, 0, 0, 0, 0, 0, 0, 0, 0, 0, 0, 0, 0]]
H123-compact:
([1, 1, 3, 33, 3, 1, 3, 7, 6, 2, 1, 2, 1, 1, 2, 1, 1, 2, 1, 7, 8, 1, 1, 2, 1, 2, 1, 1, 1, 1, 1, 2, 2, 2, 2], ['h1', 'h3', 'h2', 'h2', 'h2', 'h2', 'h2', 'h2', 'h2', 'h2', 'h2', 'h2', 'h2', 'h3', 'h3', 'h2', 'h2', 'h2', 'h2', 'h2', 'h2', 'h2', 'h1', 'h2', 'h2', 'h2', 'h2', 'h2', 'h2', 'h1', 'h2', 'h2', 'h2', 'h2', 'h2'])
H123:
[[1, 0, 0, 0, 0, 0, 0, 0, 0, 0, 0, 0, 0, 0, 0, 0, 0, 0, 0, 0, 0, 0, 1, 0, 0, 0, 0, 0, 0, 1, 0, 0, 0, 0, 0], [0, 0, 3, 33, 3, 1, 3, 7, 6, 2, 1, 2, 1, 0, 0, 1, 1, 2, 1, 7, 8, 1, 0, 2, 1, 2, 1, 1, 1, 0, 1, 2, 2, 2, 2], [0, 1, 0, 0, 0, 0, 0, 0, 0, 0, 0, 0, 0, 1, 2, 0, 0, 0, 0, 0, 0, 0, 0, 0, 0, 0, 0, 0, 0, 0, 0, 0, 0, 0, 0]]
H123-compact:
([1, 1, 1, 3, 26, 1, 3, 7, 6, 3, 2, 1, 2, 1, 2, 1, 1, 1, 1, 2, 5, 1, 8, 1, 2, 1, 2, 1, 1, 1, 1, 1, 2, 2, 2, 2], ['h1', 'h1', 'h3', 'h2', 'h2', 'h2', 'h2', 'h2', 'h2', 'h2', 'h2', 'h2', 'h2', 'h2', 'h3', 'h3', 'h2', 'h2', 'h2', 'h2', 'h2', 'h2', 'h2', 'h1', 'h2', 'h2', 'h2', 'h2', 'h2', 'h2', 'h1', 'h2', 'h2', 'h2', 'h2', 'h2'])
H123:
[[1, 1, 0, 0, 0, 0, 0, 0, 0, 0, 0, 0, 0, 0, 0, 0, 0, 0, 0, 0, 0, 0, 0, 1, 0, 0, 0, 0, 0, 0, 1, 0, 0, 0, 0, 0], [0, 0, 0, 3, 26, 1, 3, 7, 6, 3, 2, 1, 2, 1, 0, 0, 1, 1, 1, 2, 5, 1, 8, 0, 2, 1, 2, 1, 1, 1, 0, 1, 2, 2, 2, 2], [0, 0, 1, 0, 0, 0, 0, 0, 0, 0, 0, 0, 0, 0, 2, 1, 0, 0, 0, 0, 0, 0, 0, 0, 0, 0, 0, 0, 0, 0, 0, 0, 0, 0, 0, 0]]
H123-compact:
([1, 1, 3, 30, 3, 3, 1, 7, 6, 2, 2, 2, 1, 1, 1, 1, 2, 1, 2, 4, 8, 1, 1, 2, 1, 2, 1, 1, 1, 1, 1, 2, 2, 2, 2], ['h1', 'h3', 'h2', 'h2', 'h2', 'h2', 'h2', 'h2', 'h2', 'h2', 'h2', 'h2', 'h2', 'h3', 'h2', 'h2', 'h2', 'h2', 'h3', 'h2', 'h2', 'h2', 'h1', 'h2', 'h2', 'h2', 'h2', 'h2', 'h2', 'h1', 'h2', 'h2', 'h2', 'h2', 'h2'])
H123:
[[1, 0, 0, 0, 0, 0, 0, 0, 0, 0, 0, 0, 0, 0, 0, 0, 0, 0, 0, 0, 0, 0, 1, 0, 0, 0, 0, 0, 0, 1, 0, 0, 0, 0, 0], [0, 0, 3, 30, 3, 3, 1, 7, 6, 2, 2, 2, 1, 0, 1, 1, 2, 1, 0, 4, 8, 1, 0, 2, 1, 2, 1, 1, 1, 0, 1, 2, 2, 2, 2], [0, 1, 0, 0, 0, 0, 0, 0, 0, 0, 0, 0, 0, 1, 0, 0, 0, 0, 2, 0, 0, 0, 0, 0, 0, 0, 0, 0, 0, 0, 0, 0, 0, 0, 0]]
H123-compact:
([1, 1, 3, 26, 3, 1, 3, 7, 2, 1, 2, 1, 2, 1, 6, 1, 1, 2, 1, 5, 1, 1, 1, 2, 1, 7, 2, 1, 1, 1, 1, 1, 2, 2, 3, 2], ['h1', 'h3', 'h2', 'h2', 'h2', 'h2', 'h2', 'h2', 'h2', 'h2', 'h2', 'h2', 'h3', 'h3', 'h2', 'h2', 'h2', 'h2', 'h2', 'h2', 'h2', 'h2', 'h1', 'h2', 'h2', 'h2', 'h2', 'h2', 'h2', 'h2', 'h1', 'h2', 'h2', 'h2', 'h2', 'h2'])
H123:
[[1, 0, 0, 0, 0, 0, 0, 0, 0, 0, 0, 0, 0, 0, 0, 0, 0, 0, 0, 0, 0, 0, 1, 0, 0, 0, 0, 0, 0, 0, 1, 0, 0, 0, 0, 0], [0, 0, 3, 26, 3, 1, 3, 7, 2, 1, 2, 1, 0, 0, 6, 1, 1, 2, 1, 5, 1, 1, 0, 2, 1, 7, 2, 1, 1, 1, 0, 1, 2, 2, 3, 2], [0, 1, 0, 0, 0, 0, 0, 0, 0, 0, 0, 0, 2, 1, 0, 0, 0, 0, 0, 0, 0, 0, 0, 0, 0, 0, 0, 0, 0, 0, 0, 0, 0, 0, 0, 0]]
H123-compact:
([1, 1, 3, 23, 3, 1, 3, 7, 2, 1, 2, 1, 1, 1, 6, 1, 2, 1, 4, 2, 1, 1, 1, 2, 1, 7, 2, 1, 1, 1, 1, 1, 2, 2, 2, 2], ['h1', 'h3', 'h2', 'h2', 'h2', 'h2', 'h2', 'h2', 'h2', 'h2', 'h2', 'h2', 'h3', 'h2', 'h2', 'h2', 'h3', 'h2', 'h2', 'h2', 'h2', 'h2', 'h1', 'h2', 'h2', 'h2', 'h2', 'h2', 'h2', 'h2', 'h1', 'h2', 'h2', 'h2', 'h2', 'h2'])
H123:
[[1, 0, 0, 0, 0, 0, 0, 0, 0, 0, 0, 0, 0, 0, 0, 0, 0, 0, 0, 0, 0, 0, 1, 0, 0, 0, 0, 0, 0, 0, 1, 0, 0, 0, 0, 0], [0, 0, 3, 23, 3, 1, 3, 7, 2, 1, 2, 1, 0, 1, 6, 1, 0, 1, 4, 2, 1, 1, 0, 2, 1, 7, 2, 1, 1, 1, 0, 1, 2, 2, 2, 2], [0, 1, 0, 0, 0, 0, 0, 0, 0, 0, 0, 0, 1, 0, 0, 0, 2, 0, 0, 0, 0, 0, 0, 0, 0, 0, 0, 0, 0, 0, 0, 0, 0, 0, 0, 0]]
H123-compact:
([1, 1, 3, 32, 7, 1, 3, 3, 1, 2, 2, 1, 1, 5, 1, 1, 2, 2, 1, 4, 1, 8, 1, 2, 1, 2, 1, 1, 1, 1, 1, 2, 2, 2, 2], ['h1', 'h3', 'h2', 'h2', 'h2', 'h2', 'h2', 'h2', 'h2', 'h2', 'h2', 'h2', 'h3', 'h2', 'h2', 'h2', 'h2', 'h3', 'h2', 'h2', 'h2', 'h2', 'h1', 'h2', 'h2', 'h2', 'h2', 'h2', 'h2', 'h1', 'h2', 'h2', 'h2', 'h2', 'h2'])
H123:
[[1, 0, 0, 0, 0, 0, 0, 0, 0, 0, 0, 0, 0, 0, 0, 0, 0, 0, 0, 0, 0, 0, 1, 0, 0, 0, 0, 0, 0, 1, 0, 0, 0, 0, 0], [0, 0, 3, 32, 7, 1, 3, 3, 1, 2, 2, 1, 0, 5, 1, 1, 2, 0, 1, 4, 1, 8, 0, 2, 1, 2, 1, 1, 1, 0, 1, 2, 2, 2, 2], [0, 1, 0, 0, 0, 0, 0, 0, 0, 0, 0, 0, 1, 0, 0, 0, 0, 2, 0, 0, 0, 0, 0, 0, 0, 0, 0, 0, 0, 0, 0, 0, 0, 0, 0]]
H123-compact:
([1, 1, 3, 27, 3, 3, 1, 7, 7, 1, 2, 2, 1, 1, 2, 1, 1, 2, 1, 5, 8, 1, 1, 2, 1, 2, 1, 1, 1, 1, 1, 2, 2, 2, 2], ['h1', 'h3', 'h2', 'h2', 'h2', 'h2', 'h2', 'h2', 'h2', 'h2', 'h2', 'h2', 'h2', 'h3', 'h3', 'h2', 'h2', 'h2', 'h2', 'h2', 'h2', 'h2', 'h1', 'h2', 'h2', 'h2', 'h2', 'h2', 'h2', 'h1', 'h2', 'h2', 'h2', 'h2', 'h2'])
H123:
[[1, 0, 0, 0, 0, 0, 0, 0, 0, 0, 0, 0, 0, 0, 0, 0, 0, 0, 0, 0, 0, 0, 1, 0, 0, 0, 0, 0, 0, 1, 0, 0, 0, 0, 0], [0, 0, 3, 27, 3, 3, 1, 7, 7, 1, 2, 2, 1, 0, 0, 1, 1, 2, 1, 5, 8, 1, 0, 2, 1, 2, 1, 1, 1, 0, 1, 2, 2, 2, 2], [0, 1, 0, 0, 0, 0, 0, 0, 0, 0, 0, 0, 0, 1, 2, 0, 0, 0, 0, 0, 0, 0, 0, 0, 0, 0, 0, 0, 0, 0, 0, 0, 0, 0, 0]]
H123-compact:
([1, 1, 3, 25, 3, 1, 3, 7, 6, 1, 2, 3, 1, 2, 1, 1, 1, 1, 2, 4, 1, 1, 1, 2, 1, 7, 2, 1, 1, 1, 1, 1, 2, 2, 2, 2], ['h1', 'h3', 'h2', 'h2', 'h2', 'h2', 'h2', 'h2', 'h2', 'h2', 'h2', 'h2', 'h2', 'h3', 'h3', 'h2', 'h2', 'h2', 'h2', 'h2', 'h2', 'h2', 'h1', 'h2', 'h2', 'h2', 'h2', 'h2', 'h2', 'h2', 'h1', 'h2', 'h2', 'h2', 'h2', 'h2'])
H123:
[[1, 0, 0, 0, 0, 0, 0, 0, 0, 0, 0, 0, 0, 0, 0, 0, 0, 0, 0, 0, 0, 0, 1, 0, 0, 0, 0, 0, 0, 0, 1, 0, 0, 0, 0, 0], [0, 0, 3, 25, 3, 1, 3, 7, 6, 1, 2, 3, 1, 0, 0, 1, 1, 1, 2, 4, 1, 1, 0, 2, 1, 7, 2, 1, 1, 1, 0, 1, 2, 2, 2, 2], [0, 1, 0, 0, 0, 0, 0, 0, 0, 0, 0, 0, 0, 2, 1, 0, 0, 0, 0, 0, 0, 0, 0, 0, 0, 0, 0, 0, 0, 0, 0, 0, 0, 0, 0, 0]]
H123-compact:
([1, 1, 3, 28, 3, 1, 3, 7, 6, 1, 2, 2, 1, 1, 1, 1, 2, 1, 2, 4, 1, 1, 1, 2, 1, 7, 2, 1, 1, 1, 1, 1, 2, 2, 2, 2], ['h1', 'h3', 'h2', 'h2', 'h2', 'h2', 'h2', 'h2', 'h2', 'h2', 'h2', 'h2', 'h2', 'h3', 'h2', 'h2', 'h2', 'h2', 'h3', 'h2', 'h2', 'h2', 'h1', 'h2', 'h2', 'h2', 'h2', 'h2', 'h2', 'h2', 'h1', 'h2', 'h2', 'h2', 'h2', 'h2'])
H123:
[[1, 0, 0, 0, 0, 0, 0, 0, 0, 0, 0, 0, 0, 0, 0, 0, 0, 0, 0, 0, 0, 0, 1, 0, 0, 0, 0, 0, 0, 0, 1, 0, 0, 0, 0, 0], [0, 0, 3, 28, 3, 1, 3, 7, 6, 1, 2, 2, 1, 0, 1, 1, 2, 1, 0, 4, 1, 1, 0, 2, 1, 7, 2, 1, 1, 1, 0, 1, 2, 2, 2, 2], [0, 1, 0, 0, 0, 0, 0, 0, 0, 0, 0, 0, 0, 1, 0, 0, 0, 0, 2, 0, 0, 0, 0, 0, 0, 0, 0, 0, 0, 0, 0, 0, 0, 0, 0, 0]]
H123-compact:
([1, 1, 3, 21, 3, 7, 1, 3, 5, 2, 1, 1, 2, 1, 1, 1, 1, 2, 2, 4, 1, 1, 1, 2, 1, 7, 2, 1, 1, 1, 1, 1, 2, 2, 2, 2], ['h1', 'h3', 'h2', 'h2', 'h2', 'h2', 'h2', 'h2', 'h2', 'h2', 'h3', 'h2', 'h2', 'h2', 'h2', 'h2', 'h2', 'h3', 'h2', 'h2', 'h2', 'h2', 'h1', 'h2', 'h2', 'h2', 'h2', 'h2', 'h2', 'h2', 'h1', 'h2', 'h2', 'h2', 'h2', 'h2'])
H123:
[[1, 0, 0, 0, 0, 0, 0, 0, 0, 0, 0, 0, 0, 0, 0, 0, 0, 0, 0, 0, 0, 0, 1, 0, 0, 0, 0, 0, 0, 0, 1, 0, 0, 0, 0, 0], [0, 0, 3, 21, 3, 7, 1, 3, 5, 2, 0, 1, 2, 1, 1, 1, 1, 0, 2, 4, 1, 1, 0, 2, 1, 7, 2, 1, 1, 1, 0, 1, 2, 2, 2, 2], [0, 1, 0, 0, 0, 0, 0, 0, 0, 0, 1, 0, 0, 0, 0, 0, 0, 2, 0, 0, 0, 0, 0, 0, 0, 0, 0, 0, 0, 0, 0, 0, 0, 0, 0, 0]]
H123-compact:
([1, 1, 3, 25, 3, 3, 7, 1, 2, 1, 2, 1, 1, 2, 6, 1, 1, 2, 1, 7, 1, 1, 1, 2, 1, 7, 2, 1, 1, 1, 1, 1, 2, 2, 2, 2], ['h1', 'h3', 'h2', 'h2', 'h2', 'h2', 'h2', 'h2', 'h2', 'h2', 'h2', 'h2', 'h3', 'h3', 'h2', 'h2', 'h2', 'h2', 'h2', 'h2', 'h2', 'h2', 'h1', 'h2', 'h2', 'h2', 'h2', 'h2', 'h2', 'h2', 'h1', 'h2', 'h2', 'h2', 'h2', 'h2'])
H123:
[[1, 0, 0, 0, 0, 0, 0, 0, 0, 0, 0, 0, 0, 0, 0, 0, 0, 0, 0, 0, 0, 0, 1, 0, 0, 0, 0, 0, 0, 0, 1, 0, 0, 0, 0, 0], [0, 0, 3, 25, 3, 3, 7, 1, 2, 1, 2, 1, 0, 0, 6, 1, 1, 2, 1, 7, 1, 1, 0, 2, 1, 7, 2, 1, 1, 1, 0, 1, 2, 2, 2, 2], [0, 1, 0, 0, 0, 0, 0, 0, 0, 0, 0, 0, 1, 2, 0, 0, 0, 0, 0, 0, 0, 0, 0, 0, 0, 0, 0, 0, 0, 0, 0, 0, 0, 0, 0, 0]]
H123-compact:
([1, 1, 3, 28, 3, 1, 3, 7, 5, 1, 2, 2, 1, 1, 1, 1, 1, 2, 2, 4, 1, 1, 1, 2, 1, 7, 2, 1, 1, 1, 1, 1, 2, 2, 2, 2], ['h1', 'h3', 'h2', 'h2', 'h2', 'h2', 'h2', 'h2', 'h2', 'h2', 'h2', 'h2', 'h2', 'h3', 'h2', 'h2', 'h2', 'h3', 'h2', 'h2', 'h2', 'h2', 'h1', 'h2', 'h2', 'h2', 'h2', 'h2', 'h2', 'h2', 'h1', 'h2', 'h2', 'h2', 'h2', 'h2'])
H123:
[[1, 0, 0, 0, 0, 0, 0, 0, 0, 0, 0, 0, 0, 0, 0, 0, 0, 0, 0, 0, 0, 0, 1, 0, 0, 0, 0, 0, 0, 0, 1, 0, 0, 0, 0, 0], [0, 0, 3, 28, 3, 1, 3, 7, 5, 1, 2, 2, 1, 0, 1, 1, 1, 0, 2, 4, 1, 1, 0, 2, 1, 7, 2, 1, 1, 1, 0, 1, 2, 2, 2, 2], [0, 1, 0, 0, 0, 0, 0, 0, 0, 0, 0, 0, 0, 1, 0, 0, 0, 2, 0, 0, 0, 0, 0, 0, 0, 0, 0, 0, 0, 0, 0, 0, 0, 0, 0, 0]]
H123-compact:
([1, 1, 3, 23, 1, 3, 7, 3, 6, 1, 2, 2, 1, 1, 1, 1, 2, 1, 2, 4, 1, 1, 1, 2, 1, 7, 2, 1, 1, 1, 1, 1, 2, 2, 2, 2], ['h1', 'h3', 'h2', 'h2', 'h2', 'h2', 'h2', 'h2', 'h2', 'h2', 'h2', 'h2', 'h2', 'h3', 'h2', 'h2', 'h2', 'h2', 'h3', 'h2', 'h2', 'h2', 'h1', 'h2', 'h2', 'h2', 'h2', 'h2', 'h2', 'h2', 'h1', 'h2', 'h2', 'h2', 'h2', 'h2'])
H123:
[[1, 0, 0, 0, 0, 0, 0, 0, 0, 0, 0, 0, 0, 0, 0, 0, 0, 0, 0, 0, 0, 0, 1, 0, 0, 0, 0, 0, 0, 0, 1, 0, 0, 0, 0, 0], [0, 0, 3, 23, 1, 3, 7, 3, 6, 1, 2, 2, 1, 0, 1, 1, 2, 1, 0, 4, 1, 1, 0, 2, 1, 7, 2, 1, 1, 1, 0, 1, 2, 2, 2, 2], [0, 1, 0, 0, 0, 0, 0, 0, 0, 0, 0, 0, 0, 1, 0, 0, 0, 0, 2, 0, 0, 0, 0, 0, 0, 0, 0, 0, 0, 0, 0, 0, 0, 0, 0, 0]]
H123-compact:
([1, 3, 1, 24, 3, 3, 7, 1, 1, 2, 2, 1, 2, 1, 5, 1, 1, 2, 1, 7, 1, 1, 1, 2, 1, 7, 2, 1, 1, 1, 1, 1, 2, 2, 2, 2], ['h1', 'h2', 'h3', 'h2', 'h2', 'h2', 'h2', 'h2', 'h2', 'h2', 'h2', 'h2', 'h3', 'h3', 'h2', 'h2', 'h2', 'h2', 'h2', 'h2', 'h2', 'h2', 'h1', 'h2', 'h2', 'h2', 'h2', 'h2', 'h2', 'h2', 'h1', 'h2', 'h2', 'h2', 'h2', 'h2'])
H123:
[[1, 0, 0, 0, 0, 0, 0, 0, 0, 0, 0, 0, 0, 0, 0, 0, 0, 0, 0, 0, 0, 0, 1, 0, 0, 0, 0, 0, 0, 0, 1, 0, 0, 0, 0, 0], [0, 3, 0, 24, 3, 3, 7, 1, 1, 2, 2, 1, 0, 0, 5, 1, 1, 2, 1, 7, 1, 1, 0, 2, 1, 7, 2, 1, 1, 1, 0, 1, 2, 2, 2, 2], [0, 0, 1, 0, 0, 0, 0, 0, 0, 0, 0, 0, 2, 1, 0, 0, 0, 0, 0, 0, 0, 0, 0, 0, 0, 0, 0, 0, 0, 0, 0, 0, 0, 0, 0, 0]]
H123-compact:
([1, 1, 3, 27, 3, 1, 3, 7, 2, 1, 2, 1, 1, 2, 5, 1, 1, 1, 2, 4, 1, 1, 1, 2, 1, 7, 2, 1, 1, 1, 1, 1, 2, 2, 2, 2], ['h1', 'h3', 'h2', 'h2', 'h2', 'h2', 'h2', 'h2', 'h2', 'h2', 'h2', 'h2', 'h3', 'h3', 'h2', 'h2', 'h2', 'h2', 'h2', 'h2', 'h2', 'h2', 'h1', 'h2', 'h2', 'h2', 'h2', 'h2', 'h2', 'h2', 'h1', 'h2', 'h2', 'h2', 'h2', 'h2'])
H123:
[[1, 0, 0, 0, 0, 0, 0, 0, 0, 0, 0, 0, 0, 0, 0, 0, 0, 0, 0, 0, 0, 0, 1, 0, 0, 0, 0, 0, 0, 0, 1, 0, 0, 0, 0, 0], [0, 0, 3, 27, 3, 1, 3, 7, 2, 1, 2, 1, 0, 0, 5, 1, 1, 1, 2, 4, 1, 1, 0, 2, 1, 7, 2, 1, 1, 1, 0, 1, 2, 2, 2, 2], [0, 1, 0, 0, 0, 0, 0, 0, 0, 0, 0, 0, 1, 2, 0, 0, 0, 0, 0, 0, 0, 0, 0, 0, 0, 0, 0, 0, 0, 0, 0, 0, 0, 0, 0, 0]]
H123-compact:
([1, 1, 3, 22, 3, 1, 3, 7, 6, 1, 2, 2, 1, 1, 1, 1, 2, 1, 2, 4, 1, 1, 1, 2, 1, 7, 2, 1, 1, 1, 1, 1, 2, 2, 2, 2], ['h1', 'h3', 'h2', 'h2', 'h2', 'h2', 'h2', 'h2', 'h2', 'h2', 'h2', 'h2', 'h2', 'h3', 'h2', 'h2', 'h2', 'h2', 'h3', 'h2', 'h2', 'h2', 'h1', 'h2', 'h2', 'h2', 'h2', 'h2', 'h2', 'h2', 'h1', 'h2', 'h2', 'h2', 'h2', 'h2'])
H123:
[[1, 0, 0, 0, 0, 0, 0, 0, 0, 0, 0, 0, 0, 0, 0, 0, 0, 0, 0, 0, 0, 0, 1, 0, 0, 0, 0, 0, 0, 0, 1, 0, 0, 0, 0, 0], [0, 0, 3, 22, 3, 1, 3, 7, 6, 1, 2, 2, 1, 0, 1, 1, 2, 1, 0, 4, 1, 1, 0, 2, 1, 7, 2, 1, 1, 1, 0, 1, 2, 2, 2, 2], [0, 1, 0, 0, 0, 0, 0, 0, 0, 0, 0, 0, 0, 1, 0, 0, 0, 0, 2, 0, 0, 0, 0, 0, 0, 0, 0, 0, 0, 0, 0, 0, 0, 0, 0, 0]]
H123-compact:
([1, 1, 1, 3, 28, 1, 3, 7, 3, 2, 5, 1, 1, 2, 1, 1, 1, 1, 2, 2, 4, 1, 1, 1, 2, 1, 7, 2, 1, 1, 1, 1, 1, 2, 2, 2, 2], ['h1', 'h1', 'h3', 'h2', 'h2', 'h2', 'h2', 'h2', 'h2', 'h2', 'h2', 'h3', 'h2', 'h2', 'h2', 'h2', 'h2', 'h2', 'h3', 'h2', 'h2', 'h2', 'h2', 'h1', 'h2', 'h2', 'h2', 'h2', 'h2', 'h2', 'h2', 'h1', 'h2', 'h2', 'h2', 'h2', 'h2'])
H123:
[[1, 1, 0, 0, 0, 0, 0, 0, 0, 0, 0, 0, 0, 0, 0, 0, 0, 0, 0, 0, 0, 0, 0, 1, 0, 0, 0, 0, 0, 0, 0, 1, 0, 0, 0, 0, 0], [0, 0, 0, 3, 28, 1, 3, 7, 3, 2, 5, 0, 1, 2, 1, 1, 1, 1, 0, 2, 4, 1, 1, 0, 2, 1, 7, 2, 1, 1, 1, 0, 1, 2, 2, 2, 2], [0, 0, 1, 0, 0, 0, 0, 0, 0, 0, 0, 1, 0, 0, 0, 0, 0, 0, 2, 0, 0, 0, 0, 0, 0, 0, 0, 0, 0, 0, 0, 0, 0, 0, 0, 0, 0]]
H123-compact:
([1, 1, 3, 30, 3, 3, 7, 1, 1, 2, 2, 1, 2, 1, 6, 1, 1, 1, 2, 5, 8, 1, 1, 2, 1, 2, 1, 1, 1, 1, 1, 2, 2, 2, 2], ['h1', 'h3', 'h2', 'h2', 'h2', 'h2', 'h2', 'h2', 'h2', 'h2', 'h2', 'h2', 'h3', 'h3', 'h2', 'h2', 'h2', 'h2', 'h2', 'h2', 'h2', 'h2', 'h1', 'h2', 'h2', 'h2', 'h2', 'h2', 'h2', 'h1', 'h2', 'h2', 'h2', 'h2', 'h2'])
H123:
[[1, 0, 0, 0, 0, 0, 0, 0, 0, 0, 0, 0, 0, 0, 0, 0, 0, 0, 0, 0, 0, 0, 1, 0, 0, 0, 0, 0, 0, 1, 0, 0, 0, 0, 0], [0, 0, 3, 30, 3, 3, 7, 1, 1, 2, 2, 1, 0, 0, 6, 1, 1, 1, 2, 5, 8, 1, 0, 2, 1, 2, 1, 1, 1, 0, 1, 2, 2, 2, 2], [0, 1, 0, 0, 0, 0, 0, 0, 0, 0, 0, 0, 2, 1, 0, 0, 0, 0, 0, 0, 0, 0, 0, 0, 0, 0, 0, 0, 0, 0, 0, 0, 0, 0, 0]]

