H123-compact:
([1, 1, 1, 17, 2, 4, 8, 2, 2, 1, 4, 5, 1, 1, 2, 2, 2, 2, 1, 1, 1, 1, 1, 3, 2, 2, 2, 3, 1, 2, 2, 5, 1, 1, 1, 1, 1, 1, 1, 1, 2], ['h1', 'h3', 'h2', 'h2', 'h3', 'h2', 'h2', 'h2', 'h2', 'h2', 'h3', 'h2', 'h3', 'h3', 'h2', 'h3', 'h2', 'h2', 'h2', 'h2', 'h2', 'h1', 'h2', 'h2', 'h3', 'h3', 'h2', 'h2', 'h2', 'h3', 'h1', 'h3', 'h3', 'h3', 'h3', 'h3', 'h2', 'h1', 'h1', 'h3', 'h2'])
H123:
[[1, 0, 0, 0, 0, 0, 0, 0, 0, 0, 0, 0, 0, 0, 0, 0, 0, 0, 0, 0, 0, 1, 0, 0, 0, 0, 0, 0, 0, 0, 2, 0, 0, 0, 0, 0, 0, 1, 1, 0, 0], [0, 0, 1, 17, 0, 4, 8, 2, 2, 1, 0, 5, 0, 0, 2, 0, 2, 2, 1, 1, 1, 0, 1, 3, 0, 0, 2, 3, 1, 0, 0, 0, 0, 0, 0, 0, 1, 0, 0, 0, 2], [0, 1, 0, 0, 2, 0, 0, 0, 0, 0, 4, 0, 1, 1, 0, 2, 0, 0, 0, 0, 0, 0, 0, 0, 2, 2, 0, 0, 0, 2, 0, 5, 1, 1, 1, 1, 0, 0, 0, 1, 0]]
H123-compact:
([1, 1, 1, 15, 2, 8, 2, 4, 2, 1, 4, 6, 1, 1, 2, 2, 2, 1, 2, 1, 3, 1, 1, 2, 1, 2, 3, 2, 1, 2, 1, 1, 1, 2, 5, 1, 1, 1, 1, 2], ['h1', 'h3', 'h2', 'h2', 'h3', 'h2', 'h2', 'h2', 'h2', 'h2', 'h3', 'h2', 'h3', 'h3', 'h2', 'h2', 'h3', 'h2', 'h2', 'h2', 'h2', 'h2', 'h2', 'h3', 'h1', 'h2', 'h2', 'h3', 'h2', 'h3', 'h1', 'h3', 'h3', 'h1', 'h3', 'h3', 'h2', 'h1', 'h3', 'h2'])
H123:
[[1, 0, 0, 0, 0, 0, 0, 0, 0, 0, 0, 0, 0, 0, 0, 0, 0, 0, 0, 0, 0, 0, 0, 0, 1, 0, 0, 0, 0, 0, 1, 0, 0, 2, 0, 0, 0, 1, 0, 0], [0, 0, 1, 15, 0, 8, 2, 4, 2, 1, 0, 6, 0, 0, 2, 2, 0, 1, 2, 1, 3, 1, 1, 0, 0, 2, 3, 0, 1, 0, 0, 0, 0, 0, 0, 0, 1, 0, 0, 2], [0, 1, 0, 0, 2, 0, 0, 0, 0, 0, 4, 0, 1, 1, 0, 0, 2, 0, 0, 0, 0, 0, 0, 2, 0, 0, 0, 2, 0, 2, 0, 1, 1, 0, 5, 1, 0, 0, 1, 0]]
H123-compact:
([1, 1, 1, 15, 2, 9, 2, 4, 2, 1, 4, 5, 1, 1, 2, 2, 2, 1, 2, 1, 3, 1, 1, 1, 2, 2, 2, 3, 1, 2, 1, 2, 1, 1, 5, 1, 1, 1, 1, 2], ['h1', 'h3', 'h2', 'h2', 'h3', 'h2', 'h2', 'h2', 'h2', 'h2', 'h3', 'h2', 'h3', 'h3', 'h2', 'h2', 'h3', 'h2', 'h2', 'h2', 'h2', 'h1', 'h2', 'h2', 'h3', 'h3', 'h2', 'h2', 'h2', 'h3', 'h1', 'h1', 'h3', 'h3', 'h3', 'h3', 'h2', 'h1', 'h3', 'h2'])
H123:
[[1, 0, 0, 0, 0, 0, 0, 0, 0, 0, 0, 0, 0, 0, 0, 0, 0, 0, 0, 0, 0, 1, 0, 0, 0, 0, 0, 0, 0, 0, 1, 2, 0, 0, 0, 0, 0, 1, 0, 0], [0, 0, 1, 15, 0, 9, 2, 4, 2, 1, 0, 5, 0, 0, 2, 2, 0, 1, 2, 1, 3, 0, 1, 1, 0, 0, 2, 3, 1, 0, 0, 0, 0, 0, 0, 0, 1, 0, 0, 2], [0, 1, 0, 0, 2, 0, 0, 0, 0, 0, 4, 0, 1, 1, 0, 0, 2, 0, 0, 0, 0, 0, 0, 0, 2, 2, 0, 0, 0, 2, 0, 0, 1, 1, 5, 1, 0, 0, 1, 0]]
H123-compact:
([1, 1, 1, 16, 9, 2, 2, 4, 1, 2, 4, 5, 1, 1, 2, 2, 2, 1, 2, 1, 1, 1, 3, 1, 2, 2, 2, 3, 1, 2, 1, 2, 5, 1, 1, 1, 1, 1, 1, 1, 2], ['h1', 'h3', 'h2', 'h2', 'h2', 'h3', 'h2', 'h2', 'h2', 'h2', 'h3', 'h2', 'h3', 'h3', 'h2', 'h2', 'h3', 'h2', 'h2', 'h2', 'h2', 'h2', 'h2', 'h1', 'h3', 'h3', 'h2', 'h2', 'h2', 'h3', 'h1', 'h1', 'h3', 'h3', 'h3', 'h3', 'h3', 'h2', 'h1', 'h3', 'h2'])
H123:
[[1, 0, 0, 0, 0, 0, 0, 0, 0, 0, 0, 0, 0, 0, 0, 0, 0, 0, 0, 0, 0, 0, 0, 1, 0, 0, 0, 0, 0, 0, 1, 2, 0, 0, 0, 0, 0, 0, 1, 0, 0], [0, 0, 1, 16, 9, 0, 2, 4, 1, 2, 0, 5, 0, 0, 2, 2, 0, 1, 2, 1, 1, 1, 3, 0, 0, 0, 2, 3, 1, 0, 0, 0, 0, 0, 0, 0, 0, 1, 0, 0, 2], [0, 1, 0, 0, 0, 2, 0, 0, 0, 0, 4, 0, 1, 1, 0, 0, 2, 0, 0, 0, 0, 0, 0, 0, 2, 2, 0, 0, 0, 2, 0, 0, 5, 1, 1, 1, 1, 0, 0, 1, 0]]
H123-compact:
([1, 1, 1, 15, 2, 4, 2, 12, 2, 1, 4, 6, 1, 1, 2, 2, 2, 1, 2, 1, 1, 1, 1, 3, 2, 2, 1, 2, 2, 1, 2, 2, 5, 1, 1, 1, 1, 1, 1, 2], ['h1', 'h3', 'h2', 'h2', 'h3', 'h2', 'h2', 'h2', 'h2', 'h2', 'h3', 'h2', 'h3', 'h3', 'h2', 'h2', 'h3', 'h2', 'h2', 'h2', 'h1', 'h2', 'h2', 'h2', 'h3', 'h3', 'h2', 'h3', 'h2', 'h1', 'h2', 'h1', 'h3', 'h3', 'h3', 'h3', 'h3', 'h1', 'h3', 'h2'])
H123:
[[1, 0, 0, 0, 0, 0, 0, 0, 0, 0, 0, 0, 0, 0, 0, 0, 0, 0, 0, 0, 1, 0, 0, 0, 0, 0, 0, 0, 0, 1, 0, 2, 0, 0, 0, 0, 0, 1, 0, 0], [0, 0, 1, 15, 0, 4, 2, 12, 2, 1, 0, 6, 0, 0, 2, 2, 0, 1, 2, 1, 0, 1, 1, 3, 0, 0, 1, 0, 2, 0, 2, 0, 0, 0, 0, 0, 0, 0, 0, 2], [0, 1, 0, 0, 2, 0, 0, 0, 0, 0, 4, 0, 1, 1, 0, 0, 2, 0, 0, 0, 0, 0, 0, 0, 2, 2, 0, 2, 0, 0, 0, 0, 5, 1, 1, 1, 1, 0, 1, 0]]
H123-compact:
([1, 1, 1, 16, 2, 9, 2, 4, 2, 1, 4, 5, 1, 1, 2, 2, 1, 2, 2, 1, 3, 1, 1, 1, 2, 2, 1, 2, 2, 3, 3, 1, 2, 5, 1, 1, 1, 1, 1, 1, 2], ['h1', 'h3', 'h2', 'h2', 'h3', 'h2', 'h2', 'h2', 'h2', 'h2', 'h3', 'h2', 'h3', 'h3', 'h2', 'h2', 'h2', 'h3', 'h2', 'h2', 'h2', 'h2', 'h2', 'h1', 'h3', 'h3', 'h2', 'h3', 'h2', 'h2', 'h2', 'h1', 'h1', 'h3', 'h3', 'h3', 'h3', 'h3', 'h1', 'h3', 'h2'])
H123:
[[1, 0, 0, 0, 0, 0, 0, 0, 0, 0, 0, 0, 0, 0, 0, 0, 0, 0, 0, 0, 0, 0, 0, 1, 0, 0, 0, 0, 0, 0, 0, 1, 2, 0, 0, 0, 0, 0, 1, 0, 0], [0, 0, 1, 16, 0, 9, 2, 4, 2, 1, 0, 5, 0, 0, 2, 2, 1, 0, 2, 1, 3, 1, 1, 0, 0, 0, 1, 0, 2, 3, 3, 0, 0, 0, 0, 0, 0, 0, 0, 0, 2], [0, 1, 0, 0, 2, 0, 0, 0, 0, 0, 4, 0, 1, 1, 0, 0, 0, 2, 0, 0, 0, 0, 0, 0, 2, 2, 0, 2, 0, 0, 0, 0, 0, 5, 1, 1, 1, 1, 0, 1, 0]]
H123-compact:
([1, 1, 1, 15, 2, 4, 9, 2, 2, 1, 4, 5, 1, 1, 2, 2, 1, 2, 2, 1, 1, 3, 1, 1, 2, 3, 2, 2, 2, 1, 1, 1, 3, 5, 1, 1, 1, 1, 2], ['h1', 'h3', 'h2', 'h2', 'h3', 'h2', 'h2', 'h2', 'h2', 'h2', 'h3', 'h2', 'h3', 'h3', 'h2', 'h2', 'h2', 'h2', 'h2', 'h1', 'h2', 'h2', 'h2', 'h2', 'h3', 'h2', 'h3', 'h2', 'h3', 'h2', 'h3', 'h3', 'h1', 'h3', 'h3', 'h2', 'h3', 'h1', 'h2'])
H123:
[[1, 0, 0, 0, 0, 0, 0, 0, 0, 0, 0, 0, 0, 0, 0, 0, 0, 0, 0, 1, 0, 0, 0, 0, 0, 0, 0, 0, 0, 0, 0, 0, 3, 0, 0, 0, 0, 1, 0], [0, 0, 1, 15, 0, 4, 9, 2, 2, 1, 0, 5, 0, 0, 2, 2, 1, 2, 2, 0, 1, 3, 1, 1, 0, 3, 0, 2, 0, 1, 0, 0, 0, 0, 0, 1, 0, 0, 2], [0, 1, 0, 0, 2, 0, 0, 0, 0, 0, 4, 0, 1, 1, 0, 0, 0, 0, 0, 0, 0, 0, 0, 0, 2, 0, 2, 0, 2, 0, 1, 1, 0, 5, 1, 0, 1, 0, 0]]
H123-compact:
([1, 1, 1, 1, 16, 2, 10, 2, 4, 1, 2, 4, 5, 1, 1, 2, 2, 2, 1, 2, 1, 1, 1, 3, 1, 2, 2, 2, 3, 1, 2, 1, 1, 1, 2, 5, 1, 1, 1, 1, 2], ['h1', 'h1', 'h3', 'h2', 'h2', 'h3', 'h2', 'h2', 'h2', 'h2', 'h2', 'h3', 'h2', 'h3', 'h3', 'h2', 'h2', 'h3', 'h2', 'h2', 'h2', 'h2', 'h2', 'h2', 'h1', 'h3', 'h3', 'h2', 'h2', 'h2', 'h3', 'h1', 'h3', 'h3', 'h1', 'h3', 'h3', 'h2', 'h3', 'h1', 'h2'])
H123:
[[1, 1, 0, 0, 0, 0, 0, 0, 0, 0, 0, 0, 0, 0, 0, 0, 0, 0, 0, 0, 0, 0, 0, 0, 1, 0, 0, 0, 0, 0, 0, 1, 0, 0, 2, 0, 0, 0, 0, 1, 0], [0, 0, 0, 1, 16, 0, 10, 2, 4, 1, 2, 0, 5, 0, 0, 2, 2, 0, 1, 2, 1, 1, 1, 3, 0, 0, 0, 2, 3, 1, 0, 0, 0, 0, 0, 0, 0, 1, 0, 0, 2], [0, 0, 1, 0, 0, 2, 0, 0, 0, 0, 0, 4, 0, 1, 1, 0, 0, 2, 0, 0, 0, 0, 0, 0, 0, 2, 2, 0, 0, 0, 2, 0, 1, 1, 0, 5, 1, 0, 1, 0, 0]]
H123-compact:
([1, 1, 1, 15, 2, 9, 2, 4, 1, 2, 4, 5, 1, 1, 2, 2, 2, 1, 2, 1, 1, 3, 1, 1, 2, 2, 2, 3, 1, 2, 1, 1, 1, 2, 5, 1, 1, 1, 1, 2], ['h1', 'h3', 'h2', 'h2', 'h2', 'h2', 'h3', 'h2', 'h2', 'h2', 'h3', 'h2', 'h3', 'h3', 'h2', 'h2', 'h3', 'h2', 'h2', 'h1', 'h2', 'h2', 'h2', 'h2', 'h3', 'h3', 'h2', 'h2', 'h2', 'h3', 'h1', 'h3', 'h3', 'h1', 'h3', 'h3', 'h2', 'h3', 'h1', 'h2'])
H123:
[[1, 0, 0, 0, 0, 0, 0, 0, 0, 0, 0, 0, 0, 0, 0, 0, 0, 0, 0, 1, 0, 0, 0, 0, 0, 0, 0, 0, 0, 0, 1, 0, 0, 2, 0, 0, 0, 0, 1, 0], [0, 0, 1, 15, 2, 9, 0, 4, 1, 2, 0, 5, 0, 0, 2, 2, 0, 1, 2, 0, 1, 3, 1, 1, 0, 0, 2, 3, 1, 0, 0, 0, 0, 0, 0, 0, 1, 0, 0, 2], [0, 1, 0, 0, 0, 0, 2, 0, 0, 0, 4, 0, 1, 1, 0, 0, 2, 0, 0, 0, 0, 0, 0, 0, 2, 2, 0, 0, 0, 2, 0, 1, 1, 0, 5, 1, 0, 1, 0, 0]]
H123-compact:
([1, 1, 1, 1, 16, 9, 2, 2, 4, 2, 1, 4, 5, 1, 1, 2, 2, 2, 1, 2, 1, 3, 1, 1, 1, 2, 2, 2, 3, 1, 2, 3, 1, 1, 5, 1, 1, 1, 1, 2], ['h1', 'h1', 'h3', 'h2', 'h2', 'h2', 'h2', 'h3', 'h2', 'h2', 'h2', 'h3', 'h2', 'h3', 'h3', 'h2', 'h2', 'h3', 'h2', 'h2', 'h2', 'h2', 'h1', 'h2', 'h2', 'h3', 'h2', 'h3', 'h2', 'h2', 'h3', 'h1', 'h3', 'h3', 'h3', 'h3', 'h2', 'h3', 'h1', 'h2'])
H123:
[[1, 1, 0, 0, 0, 0, 0, 0, 0, 0, 0, 0, 0, 0, 0, 0, 0, 0, 0, 0, 0, 0, 1, 0, 0, 0, 0, 0, 0, 0, 0, 3, 0, 0, 0, 0, 0, 0, 1, 0], [0, 0, 0, 1, 16, 9, 2, 0, 4, 2, 1, 0, 5, 0, 0, 2, 2, 0, 1, 2, 1, 3, 0, 1, 1, 0, 2, 0, 3, 1, 0, 0, 0, 0, 0, 0, 1, 0, 0, 2], [0, 0, 1, 0, 0, 0, 0, 2, 0, 0, 0, 4, 0, 1, 1, 0, 0, 2, 0, 0, 0, 0, 0, 0, 0, 2, 0, 2, 0, 0, 2, 0, 1, 1, 5, 1, 0, 1, 0, 0]]
H123-compact:
([1, 1, 1, 14, 2, 11, 2, 4, 2, 1, 4, 6, 1, 1, 2, 2, 2, 1, 2, 1, 1, 1, 1, 3, 2, 2, 2, 3, 1, 2, 1, 1, 1, 2, 5, 1, 1, 1, 1, 2], ['h1', 'h3', 'h2', 'h2', 'h3', 'h2', 'h2', 'h2', 'h2', 'h2', 'h3', 'h2', 'h3', 'h3', 'h2', 'h2', 'h3', 'h2', 'h2', 'h1', 'h2', 'h2', 'h2', 'h2', 'h3', 'h2', 'h3', 'h2', 'h2', 'h3', 'h1', 'h3', 'h3', 'h1', 'h3', 'h3', 'h2', 'h3', 'h1', 'h2'])
H123:
[[1, 0, 0, 0, 0, 0, 0, 0, 0, 0, 0, 0, 0, 0, 0, 0, 0, 0, 0, 1, 0, 0, 0, 0, 0, 0, 0, 0, 0, 0, 1, 0, 0, 2, 0, 0, 0, 0, 1, 0], [0, 0, 1, 14, 0, 11, 2, 4, 2, 1, 0, 6, 0, 0, 2, 2, 0, 1, 2, 0, 1, 1, 1, 3, 0, 2, 0, 3, 1, 0, 0, 0, 0, 0, 0, 0, 1, 0, 0, 2], [0, 1, 0, 0, 2, 0, 0, 0, 0, 0, 4, 0, 1, 1, 0, 0, 2, 0, 0, 0, 0, 0, 0, 0, 2, 0, 2, 0, 0, 2, 0, 1, 1, 0, 5, 1, 0, 1, 0, 0]]
H123-compact:
([1, 1, 1, 16, 2, 8, 2, 4, 1, 2, 4, 6, 1, 1, 2, 2, 2, 1, 2, 1, 3, 1, 1, 1, 2, 2, 2, 3, 1, 2, 1, 1, 1, 2, 5, 1, 1, 1, 1, 2], ['h1', 'h3', 'h2', 'h2', 'h2', 'h2', 'h3', 'h2', 'h2', 'h2', 'h3', 'h2', 'h3', 'h3', 'h2', 'h2', 'h3', 'h2', 'h2', 'h2', 'h2', 'h2', 'h2', 'h1', 'h3', 'h3', 'h2', 'h2', 'h2', 'h3', 'h1', 'h3', 'h3', 'h1', 'h3', 'h3', 'h2', 'h3', 'h1', 'h2'])
H123:
[[1, 0, 0, 0, 0, 0, 0, 0, 0, 0, 0, 0, 0, 0, 0, 0, 0, 0, 0, 0, 0, 0, 0, 1, 0, 0, 0, 0, 0, 0, 1, 0, 0, 2, 0, 0, 0, 0, 1, 0], [0, 0, 1, 16, 2, 8, 0, 4, 1, 2, 0, 6, 0, 0, 2, 2, 0, 1, 2, 1, 3, 1, 1, 0, 0, 0, 2, 3, 1, 0, 0, 0, 0, 0, 0, 0, 1, 0, 0, 2], [0, 1, 0, 0, 0, 0, 2, 0, 0, 0, 4, 0, 1, 1, 0, 0, 2, 0, 0, 0, 0, 0, 0, 0, 2, 2, 0, 0, 0, 2, 0, 1, 1, 0, 5, 1, 0, 1, 0, 0]]
H123-compact:
([1, 1, 1, 14, 9, 2, 2, 4, 1, 2, 5, 5, 1, 1, 2, 2, 2, 1, 2, 1, 3, 1, 1, 1, 2, 2, 2, 3, 1, 2, 1, 1, 1, 2, 5, 1, 1, 1, 1, 3], ['h1', 'h3', 'h2', 'h2', 'h2', 'h2', 'h3', 'h2', 'h2', 'h2', 'h3', 'h2', 'h3', 'h3', 'h2', 'h2', 'h3', 'h2', 'h2', 'h2', 'h2', 'h1', 'h2', 'h2', 'h3', 'h2', 'h3', 'h2', 'h2', 'h3', 'h1', 'h3', 'h3', 'h1', 'h3', 'h3', 'h2', 'h3', 'h1', 'h2'])
H123:
[[1, 0, 0, 0, 0, 0, 0, 0, 0, 0, 0, 0, 0, 0, 0, 0, 0, 0, 0, 0, 0, 1, 0, 0, 0, 0, 0, 0, 0, 0, 1, 0, 0, 2, 0, 0, 0, 0, 1, 0], [0, 0, 1, 14, 9, 2, 0, 4, 1, 2, 0, 5, 0, 0, 2, 2, 0, 1, 2, 1, 3, 0, 1, 1, 0, 2, 0, 3, 1, 0, 0, 0, 0, 0, 0, 0, 1, 0, 0, 3], [0, 1, 0, 0, 0, 0, 2, 0, 0, 0, 5, 0, 1, 1, 0, 0, 2, 0, 0, 0, 0, 0, 0, 0, 2, 0, 2, 0, 0, 2, 0, 1, 1, 0, 5, 1, 0, 1, 0, 0]]
H123-compact:
([1, 1, 1, 15, 2, 8, 2, 4, 2, 1, 4, 5, 1, 1, 2, 2, 2, 1, 2, 1, 1, 3, 1, 1, 2, 2, 2, 3, 1, 2, 1, 1, 1, 2, 5, 1, 1, 1, 1, 2], ['h1', 'h3', 'h2', 'h2', 'h3', 'h2', 'h2', 'h2', 'h2', 'h2', 'h3', 'h2', 'h3', 'h3', 'h2', 'h2', 'h3', 'h2', 'h2', 'h1', 'h2', 'h2', 'h2', 'h2', 'h3', 'h3', 'h2', 'h2', 'h2', 'h3', 'h1', 'h3', 'h3', 'h1', 'h3', 'h3', 'h2', 'h3', 'h1', 'h2'])
H123:
[[1, 0, 0, 0, 0, 0, 0, 0, 0, 0, 0, 0, 0, 0, 0, 0, 0, 0, 0, 1, 0, 0, 0, 0, 0, 0, 0, 0, 0, 0, 1, 0, 0, 2, 0, 0, 0, 0, 1, 0], [0, 0, 1, 15, 0, 8, 2, 4, 2, 1, 0, 5, 0, 0, 2, 2, 0, 1, 2, 0, 1, 3, 1, 1, 0, 0, 2, 3, 1, 0, 0, 0, 0, 0, 0, 0, 1, 0, 0, 2], [0, 1, 0, 0, 2, 0, 0, 0, 0, 0, 4, 0, 1, 1, 0, 0, 2, 0, 0, 0, 0, 0, 0, 0, 2, 2, 0, 0, 0, 2, 0, 1, 1, 0, 5, 1, 0, 1, 0, 0]]
H123-compact:
([1, 1, 1, 15, 2, 4, 2, 10, 2, 1, 5, 5, 1, 1, 2, 2, 2, 2, 1, 1, 1, 1, 3, 1, 2, 2, 2, 3, 1, 2, 1, 1, 1, 2, 5, 1, 1, 1, 1, 2], ['h1', 'h2', 'h3', 'h2', 'h3', 'h2', 'h2', 'h2', 'h2', 'h2', 'h3', 'h2', 'h3', 'h3', 'h2', 'h2', 'h3', 'h2', 'h2', 'h2', 'h2', 'h1', 'h2', 'h2', 'h3', 'h3', 'h2', 'h2', 'h2', 'h3', 'h1', 'h3', 'h3', 'h1', 'h3', 'h3', 'h2', 'h3', 'h1', 'h2'])
H123:
[[1, 0, 0, 0, 0, 0, 0, 0, 0, 0, 0, 0, 0, 0, 0, 0, 0, 0, 0, 0, 0, 1, 0, 0, 0, 0, 0, 0, 0, 0, 1, 0, 0, 2, 0, 0, 0, 0, 1, 0], [0, 1, 0, 15, 0, 4, 2, 10, 2, 1, 0, 5, 0, 0, 2, 2, 0, 2, 1, 1, 1, 0, 3, 1, 0, 0, 2, 3, 1, 0, 0, 0, 0, 0, 0, 0, 1, 0, 0, 2], [0, 0, 1, 0, 2, 0, 0, 0, 0, 0, 5, 0, 1, 1, 0, 0, 2, 0, 0, 0, 0, 0, 0, 0, 2, 2, 0, 0, 0, 2, 0, 1, 1, 0, 5, 1, 0, 1, 0, 0]]
H123-compact:
([1, 1, 1, 15, 10, 2, 2, 4, 2, 1, 4, 5, 1, 1, 2, 2, 2, 1, 2, 1, 3, 1, 1, 1, 2, 2, 3, 2, 1, 2, 1, 1, 1, 2, 5, 1, 1, 1, 1, 2], ['h1', 'h3', 'h2', 'h2', 'h2', 'h3', 'h2', 'h2', 'h2', 'h2', 'h3', 'h2', 'h3', 'h3', 'h2', 'h2', 'h3', 'h2', 'h2', 'h2', 'h2', 'h2', 'h2', 'h1', 'h3', 'h3', 'h2', 'h2', 'h2', 'h3', 'h1', 'h3', 'h3', 'h1', 'h3', 'h3', 'h2', 'h3', 'h1', 'h2'])
H123:
[[1, 0, 0, 0, 0, 0, 0, 0, 0, 0, 0, 0, 0, 0, 0, 0, 0, 0, 0, 0, 0, 0, 0, 1, 0, 0, 0, 0, 0, 0, 1, 0, 0, 2, 0, 0, 0, 0, 1, 0], [0, 0, 1, 15, 10, 0, 2, 4, 2, 1, 0, 5, 0, 0, 2, 2, 0, 1, 2, 1, 3, 1, 1, 0, 0, 0, 3, 2, 1, 0, 0, 0, 0, 0, 0, 0, 1, 0, 0, 2], [0, 1, 0, 0, 0, 2, 0, 0, 0, 0, 4, 0, 1, 1, 0, 0, 2, 0, 0, 0, 0, 0, 0, 0, 2, 2, 0, 0, 0, 2, 0, 1, 1, 0, 5, 1, 0, 1, 0, 0]]
H123-compact:
([1, 1, 1, 15, 2, 10, 2, 4, 2, 1, 4, 1, 1, 2, 2, 2, 1, 2, 5, 1, 1, 3, 1, 1, 2, 2, 2, 3, 1, 2, 3, 1, 1, 5, 1, 1, 1, 1, 2], ['h1', 'h3', 'h2', 'h2', 'h3', 'h2', 'h2', 'h2', 'h2', 'h2', 'h3', 'h3', 'h3', 'h2', 'h2', 'h3', 'h2', 'h2', 'h2', 'h1', 'h2', 'h2', 'h2', 'h2', 'h3', 'h2', 'h3', 'h2', 'h2', 'h3', 'h1', 'h3', 'h3', 'h3', 'h3', 'h2', 'h3', 'h1', 'h2'])
H123:
[[1, 0, 0, 0, 0, 0, 0, 0, 0, 0, 0, 0, 0, 0, 0, 0, 0, 0, 0, 1, 0, 0, 0, 0, 0, 0, 0, 0, 0, 0, 3, 0, 0, 0, 0, 0, 0, 1, 0], [0, 0, 1, 15, 0, 10, 2, 4, 2, 1, 0, 0, 0, 2, 2, 0, 1, 2, 5, 0, 1, 3, 1, 1, 0, 2, 0, 3, 1, 0, 0, 0, 0, 0, 0, 1, 0, 0, 2], [0, 1, 0, 0, 2, 0, 0, 0, 0, 0, 4, 1, 1, 0, 0, 2, 0, 0, 0, 0, 0, 0, 0, 0, 2, 0, 2, 0, 0, 2, 0, 1, 1, 5, 1, 0, 1, 0, 0]]
H123-compact:
([1, 1, 1, 15, 2, 9, 2, 4, 1, 2, 5, 1, 1, 2, 2, 2, 1, 2, 1, 1, 3, 1, 1, 2, 2, 2, 3, 1, 2, 1, 1, 1, 2, 5, 1, 1, 1, 1, 3, 6], ['h1', 'h3', 'h2', 'h2', 'h2', 'h2', 'h3', 'h2', 'h2', 'h2', 'h3', 'h3', 'h3', 'h2', 'h2', 'h3', 'h2', 'h2', 'h1', 'h2', 'h2', 'h2', 'h2', 'h3', 'h3', 'h2', 'h2', 'h2', 'h3', 'h1', 'h3', 'h3', 'h1', 'h3', 'h3', 'h2', 'h3', 'h1', 'h2', 'h2'])
H123:
[[1, 0, 0, 0, 0, 0, 0, 0, 0, 0, 0, 0, 0, 0, 0, 0, 0, 0, 1, 0, 0, 0, 0, 0, 0, 0, 0, 0, 0, 1, 0, 0, 2, 0, 0, 0, 0, 1, 0, 0], [0, 0, 1, 15, 2, 9, 0, 4, 1, 2, 0, 0, 0, 2, 2, 0, 1, 2, 0, 1, 3, 1, 1, 0, 0, 2, 3, 1, 0, 0, 0, 0, 0, 0, 0, 1, 0, 0, 3, 6], [0, 1, 0, 0, 0, 0, 2, 0, 0, 0, 5, 1, 1, 0, 0, 2, 0, 0, 0, 0, 0, 0, 0, 2, 2, 0, 0, 0, 2, 0, 1, 1, 0, 5, 1, 0, 1, 0, 0, 0]]
H123-compact:
([1, 1, 1, 16, 2, 4, 10, 2, 2, 1, 4, 5, 1, 1, 2, 2, 2, 2, 1, 1, 1, 1, 3, 1, 2, 2, 2, 3, 1, 2, 1, 1, 2, 1, 5, 1, 1, 1, 1, 2], ['h1', 'h3', 'h2', 'h2', 'h3', 'h2', 'h2', 'h2', 'h2', 'h2', 'h3', 'h2', 'h3', 'h3', 'h2', 'h2', 'h3', 'h2', 'h2', 'h2', 'h2', 'h1', 'h2', 'h2', 'h3', 'h2', 'h3', 'h2', 'h2', 'h3', 'h3', 'h3', 'h1', 'h1', 'h3', 'h3', 'h2', 'h3', 'h1', 'h2'])
H123:
[[1, 0, 0, 0, 0, 0, 0, 0, 0, 0, 0, 0, 0, 0, 0, 0, 0, 0, 0, 0, 0, 1, 0, 0, 0, 0, 0, 0, 0, 0, 0, 0, 2, 1, 0, 0, 0, 0, 1, 0], [0, 0, 1, 16, 0, 4, 10, 2, 2, 1, 0, 5, 0, 0, 2, 2, 0, 2, 1, 1, 1, 0, 3, 1, 0, 2, 0, 3, 1, 0, 0, 0, 0, 0, 0, 0, 1, 0, 0, 2], [0, 1, 0, 0, 2, 0, 0, 0, 0, 0, 4, 0, 1, 1, 0, 0, 2, 0, 0, 0, 0, 0, 0, 0, 2, 0, 2, 0, 0, 2, 1, 1, 0, 0, 5, 1, 0, 1, 0, 0]]
H123-compact:
([1, 1, 1, 16, 2, 9, 2, 4, 1, 2, 4, 1, 1, 2, 2, 1, 2, 2, 1, 3, 1, 1, 1, 2, 2, 2, 3, 1, 2, 1, 1, 1, 2, 5, 1, 1, 1, 1, 2, 2, 2, 6], ['h1', 'h3', 'h2', 'h2', 'h3', 'h2', 'h2', 'h2', 'h2', 'h2', 'h3', 'h3', 'h3', 'h2', 'h3', 'h2', 'h2', 'h2', 'h2', 'h2', 'h1', 'h2', 'h2', 'h3', 'h2', 'h3', 'h2', 'h2', 'h3', 'h1', 'h3', 'h3', 'h1', 'h3', 'h3', 'h2', 'h3', 'h1', 'h2', 'h2', 'h2', 'h2'])
H123:
[[1, 0, 0, 0, 0, 0, 0, 0, 0, 0, 0, 0, 0, 0, 0, 0, 0, 0, 0, 0, 1, 0, 0, 0, 0, 0, 0, 0, 0, 1, 0, 0, 2, 0, 0, 0, 0, 1, 0, 0, 0, 0], [0, 0, 1, 16, 0, 9, 2, 4, 1, 2, 0, 0, 0, 2, 0, 1, 2, 2, 1, 3, 0, 1, 1, 0, 2, 0, 3, 1, 0, 0, 0, 0, 0, 0, 0, 1, 0, 0, 2, 2, 2, 6], [0, 1, 0, 0, 2, 0, 0, 0, 0, 0, 4, 1, 1, 0, 2, 0, 0, 0, 0, 0, 0, 0, 0, 2, 0, 2, 0, 0, 2, 0, 1, 1, 0, 5, 1, 0, 1, 0, 0, 0, 0, 0]]

