H123-compact:
([1, 1, 1, 10, 1, 4, 2, 6], ['h1', 'h3', 'h2', 'h2', 'h1', 'h1', 'h2', 'h2'])
H123:
[[1, 0, 0, 0, 1, 4, 0, 0], [0, 0, 1, 10, 0, 0, 2, 6], [0, 1, 0, 0, 0, 0, 0, 0]]
H123-compact:
([1, 1, 1, 9, 1, 4, 2, 6], ['h1', 'h3', 'h2', 'h2', 'h1', 'h1', 'h2', 'h2'])
H123:
[[1, 0, 0, 0, 1, 4, 0, 0], [0, 0, 1, 9, 0, 0, 2, 6], [0, 1, 0, 0, 0, 0, 0, 0]]
H123-compact:
([1, 1, 1, 10, 1, 4, 6, 2, 2], ['h1', 'h3', 'h2', 'h2', 'h1', 'h1', 'h2', 'h2', 'h2'])
H123:
[[1, 0, 0, 0, 1, 4, 0, 0, 0], [0, 0, 1, 10, 0, 0, 6, 2, 2], [0, 1, 0, 0, 0, 0, 0, 0, 0]]
H123-compact:
([1, 1, 1, 9, 1, 4, 2, 6], ['h1', 'h3', 'h2', 'h2', 'h1', 'h1', 'h2', 'h2'])
H123:
[[1, 0, 0, 0, 1, 4, 0, 0], [0, 0, 1, 9, 0, 0, 2, 6], [0, 1, 0, 0, 0, 0, 0, 0]]
H123-compact:
([1, 1, 1, 9, 1, 4, 2, 6], ['h1', 'h3', 'h2', 'h2', 'h1', 'h1', 'h2', 'h2'])
H123:
[[1, 0, 0, 0, 1, 4, 0, 0], [0, 0, 1, 9, 0, 0, 2, 6], [0, 1, 0, 0, 0, 0, 0, 0]]
H123-compact:
([1, 1, 1, 10, 1, 4, 2, 6], ['h1', 'h3', 'h2', 'h2', 'h1', 'h1', 'h2', 'h2'])
H123:
[[1, 0, 0, 0, 1, 4, 0, 0], [0, 0, 1, 10, 0, 0, 2, 6], [0, 1, 0, 0, 0, 0, 0, 0]]
H123-compact:
([1, 1, 1, 9, 1, 4, 2, 6], ['h1', 'h3', 'h2', 'h2', 'h1', 'h1', 'h2', 'h2'])
H123:
[[1, 0, 0, 0, 1, 4, 0, 0], [0, 0, 1, 9, 0, 0, 2, 6], [0, 1, 0, 0, 0, 0, 0, 0]]
H123-compact:
([1, 1, 1, 10, 1, 4, 2, 6], ['h1', 'h3', 'h2', 'h2', 'h1', 'h1', 'h2', 'h2'])
H123:
[[1, 0, 0, 0, 1, 4, 0, 0], [0, 0, 1, 10, 0, 0, 2, 6], [0, 1, 0, 0, 0, 0, 0, 0]]
H123-compact:
([1, 1, 1, 9, 1, 4, 2, 6], ['h1', 'h3', 'h2', 'h2', 'h1', 'h1', 'h2', 'h2'])
H123:
[[1, 0, 0, 0, 1, 4, 0, 0], [0, 0, 1, 9, 0, 0, 2, 6], [0, 1, 0, 0, 0, 0, 0, 0]]
H123-compact:
([1, 1, 1, 9, 1, 4, 2, 6], ['h1', 'h3', 'h2', 'h2', 'h1', 'h1', 'h2', 'h2'])
H123:
[[1, 0, 0, 0, 1, 4, 0, 0], [0, 0, 1, 9, 0, 0, 2, 6], [0, 1, 0, 0, 0, 0, 0, 0]]
H123-compact:
([1, 1, 1, 9, 1, 4, 2, 6], ['h1', 'h3', 'h2', 'h2', 'h1', 'h1', 'h2', 'h2'])
H123:
[[1, 0, 0, 0, 1, 4, 0, 0], [0, 0, 1, 9, 0, 0, 2, 6], [0, 1, 0, 0, 0, 0, 0, 0]]
H123-compact:
([1, 1, 1, 10, 1, 4, 2, 6], ['h1', 'h3', 'h2', 'h2', 'h1', 'h1', 'h2', 'h2'])
H123:
[[1, 0, 0, 0, 1, 4, 0, 0], [0, 0, 1, 10, 0, 0, 2, 6], [0, 1, 0, 0, 0, 0, 0, 0]]
H123-compact:
([1, 1, 1, 9, 1, 4, 2, 6], ['h1', 'h3', 'h2', 'h2', 'h1', 'h1', 'h2', 'h2'])
H123:
[[1, 0, 0, 0, 1, 4, 0, 0], [0, 0, 1, 9, 0, 0, 2, 6], [0, 1, 0, 0, 0, 0, 0, 0]]
H123-compact:
([1, 1, 1, 9, 1, 4, 2, 6], ['h1', 'h3', 'h2', 'h2', 'h1', 'h1', 'h2', 'h2'])
H123:
[[1, 0, 0, 0, 1, 4, 0, 0], [0, 0, 1, 9, 0, 0, 2, 6], [0, 1, 0, 0, 0, 0, 0, 0]]
H123-compact:
([1, 1, 1, 10, 1, 4, 2, 6], ['h1', 'h3', 'h2', 'h2', 'h1', 'h1', 'h2', 'h2'])
H123:
[[1, 0, 0, 0, 1, 4, 0, 0], [0, 0, 1, 10, 0, 0, 2, 6], [0, 1, 0, 0, 0, 0, 0, 0]]
H123-compact:
([1, 1, 1, 9, 1, 4, 2, 6], ['h1', 'h3', 'h2', 'h2', 'h1', 'h1', 'h2', 'h2'])
H123:
[[1, 0, 0, 0, 1, 4, 0, 0], [0, 0, 1, 9, 0, 0, 2, 6], [0, 1, 0, 0, 0, 0, 0, 0]]
H123-compact:
([1, 1, 1, 10, 1, 4, 2, 6], ['h1', 'h3', 'h2', 'h2', 'h1', 'h1', 'h2', 'h2'])
H123:
[[1, 0, 0, 0, 1, 4, 0, 0], [0, 0, 1, 10, 0, 0, 2, 6], [0, 1, 0, 0, 0, 0, 0, 0]]
H123-compact:
([1, 1, 1, 10, 1, 4, 2, 6], ['h1', 'h3', 'h2', 'h2', 'h1', 'h1', 'h2', 'h2'])
H123:
[[1, 0, 0, 0, 1, 4, 0, 0], [0, 0, 1, 10, 0, 0, 2, 6], [0, 1, 0, 0, 0, 0, 0, 0]]
H123-compact:
([1, 1, 1, 10, 1, 4, 2, 6], ['h1', 'h3', 'h2', 'h2', 'h1', 'h1', 'h2', 'h2'])
H123:
[[1, 0, 0, 0, 1, 4, 0, 0], [0, 0, 1, 10, 0, 0, 2, 6], [0, 1, 0, 0, 0, 0, 0, 0]]
H123-compact:
([1, 1, 1, 10, 1, 4, 1, 2, 6], ['h1', 'h3', 'h2', 'h2', 'h1', 'h1', 'h1', 'h2', 'h2'])
H123:
[[1, 0, 0, 0, 1, 4, 1, 0, 0], [0, 0, 1, 10, 0, 0, 0, 2, 6], [0, 1, 0, 0, 0, 0, 0, 0, 0]]

