H123-compact:
([1, 1, 2, 11, 9, 1, 2, 1, 2, 6], ['h1', 'h3', 'h2', 'h3', 'h2', 'h2', 'h2', 'h3', 'h2', 'h2'])
H123:
[[1, 0, 0, 0, 0, 0, 0, 0, 0, 0], [0, 0, 2, 0, 9, 1, 2, 0, 2, 6], [0, 1, 0, 11, 0, 0, 0, 1, 0, 0]]
H123-compact:
([1, 1, 2, 12, 9, 1, 2, 1, 2, 6], ['h1', 'h3', 'h2', 'h3', 'h2', 'h2', 'h2', 'h3', 'h2', 'h2'])
H123:
[[1, 0, 0, 0, 0, 0, 0, 0, 0, 0], [0, 0, 2, 0, 9, 1, 2, 0, 2, 6], [0, 1, 0, 12, 0, 0, 0, 1, 0, 0]]
H123-compact:
([1, 1, 2, 12, 9, 1, 2, 1, 2, 6], ['h1', 'h3', 'h2', 'h3', 'h2', 'h2', 'h2', 'h3', 'h2', 'h2'])
H123:
[[1, 0, 0, 0, 0, 0, 0, 0, 0, 0], [0, 0, 2, 0, 9, 1, 2, 0, 2, 6], [0, 1, 0, 12, 0, 0, 0, 1, 0, 0]]
H123-compact:
([1, 1, 2, 11, 9, 2, 1, 1, 2, 6], ['h1', 'h3', 'h2', 'h3', 'h2', 'h2', 'h2', 'h3', 'h2', 'h2'])
H123:
[[1, 0, 0, 0, 0, 0, 0, 0, 0, 0], [0, 0, 2, 0, 9, 2, 1, 0, 2, 6], [0, 1, 0, 11, 0, 0, 0, 1, 0, 0]]
H123-compact:
([1, 1, 2, 11, 9, 1, 2, 1, 2, 6], ['h1', 'h3', 'h2', 'h3', 'h2', 'h2', 'h2', 'h3', 'h2', 'h2'])
H123:
[[1, 0, 0, 0, 0, 0, 0, 0, 0, 0], [0, 0, 2, 0, 9, 1, 2, 0, 2, 6], [0, 1, 0, 11, 0, 0, 0, 1, 0, 0]]
H123-compact:
([1, 1, 2, 13, 1, 2, 9, 1, 2, 6], ['h1', 'h3', 'h2', 'h3', 'h2', 'h2', 'h2', 'h3', 'h2', 'h2'])
H123:
[[1, 0, 0, 0, 0, 0, 0, 0, 0, 0], [0, 0, 2, 0, 1, 2, 9, 0, 2, 6], [0, 1, 0, 13, 0, 0, 0, 1, 0, 0]]
H123-compact:
([1, 1, 2, 11, 9, 2, 1, 1, 2, 6], ['h1', 'h3', 'h2', 'h3', 'h2', 'h2', 'h2', 'h3', 'h2', 'h2'])
H123:
[[1, 0, 0, 0, 0, 0, 0, 0, 0, 0], [0, 0, 2, 0, 9, 2, 1, 0, 2, 6], [0, 1, 0, 11, 0, 0, 0, 1, 0, 0]]
H123-compact:
([1, 1, 2, 12, 9, 1, 2, 1, 2, 6], ['h1', 'h3', 'h2', 'h3', 'h2', 'h2', 'h2', 'h3', 'h2', 'h2'])
H123:
[[1, 0, 0, 0, 0, 0, 0, 0, 0, 0], [0, 0, 2, 0, 9, 1, 2, 0, 2, 6], [0, 1, 0, 12, 0, 0, 0, 1, 0, 0]]
H123-compact:
([1, 1, 2, 12, 8, 1, 2, 1, 2, 6], ['h1', 'h3', 'h2', 'h3', 'h2', 'h2', 'h2', 'h3', 'h2', 'h2'])
H123:
[[1, 0, 0, 0, 0, 0, 0, 0, 0, 0], [0, 0, 2, 0, 8, 1, 2, 0, 2, 6], [0, 1, 0, 12, 0, 0, 0, 1, 0, 0]]
H123-compact:
([1, 2, 1, 11, 7, 2, 1, 1, 2, 6], ['h1', 'h2', 'h3', 'h3', 'h2', 'h2', 'h2', 'h3', 'h2', 'h2'])
H123:
[[1, 0, 0, 0, 0, 0, 0, 0, 0, 0], [0, 2, 0, 0, 7, 2, 1, 0, 2, 6], [0, 0, 1, 11, 0, 0, 0, 1, 0, 0]]
H123-compact:
([1, 1, 2, 12, 1, 2, 9, 1, 2, 6], ['h1', 'h3', 'h2', 'h3', 'h2', 'h2', 'h2', 'h3', 'h2', 'h2'])
H123:
[[1, 0, 0, 0, 0, 0, 0, 0, 0, 0], [0, 0, 2, 0, 1, 2, 9, 0, 2, 6], [0, 1, 0, 12, 0, 0, 0, 1, 0, 0]]
H123-compact:
([1, 1, 2, 12, 7, 1, 2, 1, 2, 6], ['h1', 'h3', 'h2', 'h3', 'h2', 'h2', 'h2', 'h3', 'h2', 'h2'])
H123:
[[1, 0, 0, 0, 0, 0, 0, 0, 0, 0], [0, 0, 2, 0, 7, 1, 2, 0, 2, 6], [0, 1, 0, 12, 0, 0, 0, 1, 0, 0]]
H123-compact:
([1, 1, 2, 12, 7, 2, 1, 1, 2, 6], ['h1', 'h3', 'h2', 'h3', 'h2', 'h2', 'h2', 'h3', 'h2', 'h2'])
H123:
[[1, 0, 0, 0, 0, 0, 0, 0, 0, 0], [0, 0, 2, 0, 7, 2, 1, 0, 2, 6], [0, 1, 0, 12, 0, 0, 0, 1, 0, 0]]
H123-compact:
([1, 1, 2, 11, 7, 1, 2, 1, 2, 6], ['h1', 'h3', 'h2', 'h3', 'h2', 'h2', 'h2', 'h3', 'h2', 'h2'])
H123:
[[1, 0, 0, 0, 0, 0, 0, 0, 0, 0], [0, 0, 2, 0, 7, 1, 2, 0, 2, 6], [0, 1, 0, 11, 0, 0, 0, 1, 0, 0]]
H123-compact:
([1, 1, 2, 12, 8, 1, 2, 1, 2, 6], ['h1', 'h3', 'h2', 'h3', 'h2', 'h2', 'h2', 'h3', 'h2', 'h2'])
H123:
[[1, 0, 0, 0, 0, 0, 0, 0, 0, 0], [0, 0, 2, 0, 8, 1, 2, 0, 2, 6], [0, 1, 0, 12, 0, 0, 0, 1, 0, 0]]
H123-compact:
([1, 1, 2, 11, 2, 1, 9, 1, 2, 6], ['h1', 'h3', 'h2', 'h3', 'h2', 'h2', 'h2', 'h3', 'h2', 'h2'])
H123:
[[1, 0, 0, 0, 0, 0, 0, 0, 0, 0], [0, 0, 2, 0, 2, 1, 9, 0, 2, 6], [0, 1, 0, 11, 0, 0, 0, 1, 0, 0]]
H123-compact:
([1, 1, 2, 12, 9, 1, 2, 1, 2, 6], ['h1', 'h3', 'h2', 'h3', 'h2', 'h2', 'h2', 'h3', 'h2', 'h2'])
H123:
[[1, 0, 0, 0, 0, 0, 0, 0, 0, 0], [0, 0, 2, 0, 9, 1, 2, 0, 2, 6], [0, 1, 0, 12, 0, 0, 0, 1, 0, 0]]
H123-compact:
([1, 1, 2, 12, 9, 1, 2, 1, 2, 6], ['h1', 'h3', 'h2', 'h3', 'h2', 'h2', 'h2', 'h3', 'h2', 'h2'])
H123:
[[1, 0, 0, 0, 0, 0, 0, 0, 0, 0], [0, 0, 2, 0, 9, 1, 2, 0, 2, 6], [0, 1, 0, 12, 0, 0, 0, 1, 0, 0]]
H123-compact:
([1, 1, 2, 14, 9, 2, 1, 1, 2, 6], ['h1', 'h3', 'h2', 'h3', 'h2', 'h2', 'h2', 'h3', 'h2', 'h2'])
H123:
[[1, 0, 0, 0, 0, 0, 0, 0, 0, 0], [0, 0, 2, 0, 9, 2, 1, 0, 2, 6], [0, 1, 0, 14, 0, 0, 0, 1, 0, 0]]
H123-compact:
([1, 1, 2, 12, 9, 1, 2, 1, 2, 6], ['h1', 'h3', 'h2', 'h3', 'h2', 'h2', 'h2', 'h3', 'h2', 'h2'])
H123:
[[1, 0, 0, 0, 0, 0, 0, 0, 0, 0], [0, 0, 2, 0, 9, 1, 2, 0, 2, 6], [0, 1, 0, 12, 0, 0, 0, 1, 0, 0]]

