H123-compact:
([1, 1, 2, 7, 6, 1, 7, 6, 2, 1, 2], ['h1', 'h3', 'h2', 'h3', 'h2', 'h2', 'h2', 'h2', 'h2', 'h2', 'h2'])
H123:
[[1, 0, 0, 0, 0, 0, 0, 0, 0, 0, 0], [0, 0, 2, 0, 6, 1, 7, 6, 2, 1, 2], [0, 1, 0, 7, 0, 0, 0, 0, 0, 0, 0]]
H123-compact:
([1, 1, 2, 7, 1, 6, 7, 2, 1, 6], ['h1', 'h3', 'h2', 'h3', 'h2', 'h2', 'h2', 'h2', 'h2', 'h2'])
H123:
[[1, 0, 0, 0, 0, 0, 0, 0, 0, 0], [0, 0, 2, 0, 1, 6, 7, 2, 1, 6], [0, 1, 0, 7, 0, 0, 0, 0, 0, 0]]
H123-compact:
([1, 1, 2, 8, 6, 1, 7, 2, 1, 6], ['h1', 'h3', 'h2', 'h3', 'h2', 'h2', 'h2', 'h2', 'h2', 'h2'])
H123:
[[1, 0, 0, 0, 0, 0, 0, 0, 0, 0], [0, 0, 2, 0, 6, 1, 7, 2, 1, 6], [0, 1, 0, 8, 0, 0, 0, 0, 0, 0]]
H123-compact:
([1, 1, 2, 7, 6, 1, 7, 2, 1, 6], ['h1', 'h3', 'h2', 'h3', 'h2', 'h2', 'h2', 'h2', 'h2', 'h2'])
H123:
[[1, 0, 0, 0, 0, 0, 0, 0, 0, 0], [0, 0, 2, 0, 6, 1, 7, 2, 1, 6], [0, 1, 0, 7, 0, 0, 0, 0, 0, 0]]
H123-compact:
([1, 1, 2, 8, 6, 1, 7, 2, 1, 6], ['h1', 'h3', 'h2', 'h3', 'h2', 'h2', 'h2', 'h2', 'h2', 'h2'])
H123:
[[1, 0, 0, 0, 0, 0, 0, 0, 0, 0], [0, 0, 2, 0, 6, 1, 7, 2, 1, 6], [0, 1, 0, 8, 0, 0, 0, 0, 0, 0]]
H123-compact:
([1, 1, 2, 8, 6, 1, 7, 2, 1, 6], ['h1', 'h3', 'h2', 'h3', 'h2', 'h2', 'h2', 'h2', 'h2', 'h2'])
H123:
[[1, 0, 0, 0, 0, 0, 0, 0, 0, 0], [0, 0, 2, 0, 6, 1, 7, 2, 1, 6], [0, 1, 0, 8, 0, 0, 0, 0, 0, 0]]
H123-compact:
([1, 1, 2, 8, 6, 1, 7, 2, 1, 6], ['h1', 'h3', 'h2', 'h3', 'h2', 'h2', 'h2', 'h2', 'h2', 'h2'])
H123:
[[1, 0, 0, 0, 0, 0, 0, 0, 0, 0], [0, 0, 2, 0, 6, 1, 7, 2, 1, 6], [0, 1, 0, 8, 0, 0, 0, 0, 0, 0]]
H123-compact:
([1, 1, 2, 8, 6, 1, 7, 2, 6, 1], ['h1', 'h3', 'h2', 'h3', 'h2', 'h2', 'h2', 'h2', 'h2', 'h2'])
H123:
[[1, 0, 0, 0, 0, 0, 0, 0, 0, 0], [0, 0, 2, 0, 6, 1, 7, 2, 6, 1], [0, 1, 0, 8, 0, 0, 0, 0, 0, 0]]
H123-compact:
([1, 1, 2, 8, 6, 1, 7, 2, 1, 6], ['h1', 'h3', 'h2', 'h3', 'h2', 'h2', 'h2', 'h2', 'h2', 'h2'])
H123:
[[1, 0, 0, 0, 0, 0, 0, 0, 0, 0], [0, 0, 2, 0, 6, 1, 7, 2, 1, 6], [0, 1, 0, 8, 0, 0, 0, 0, 0, 0]]
H123-compact:
([1, 1, 2, 8, 6, 1, 7, 2, 1, 6], ['h1', 'h3', 'h2', 'h3', 'h2', 'h2', 'h2', 'h2', 'h2', 'h2'])
H123:
[[1, 0, 0, 0, 0, 0, 0, 0, 0, 0], [0, 0, 2, 0, 6, 1, 7, 2, 1, 6], [0, 1, 0, 8, 0, 0, 0, 0, 0, 0]]
H123-compact:
([1, 1, 2, 7, 6, 1, 7, 2, 1, 6], ['h1', 'h3', 'h2', 'h3', 'h2', 'h2', 'h2', 'h2', 'h2', 'h2'])
H123:
[[1, 0, 0, 0, 0, 0, 0, 0, 0, 0], [0, 0, 2, 0, 6, 1, 7, 2, 1, 6], [0, 1, 0, 7, 0, 0, 0, 0, 0, 0]]
H123-compact:
([1, 1, 2, 8, 6, 1, 7, 2, 1, 7], ['h1', 'h3', 'h2', 'h3', 'h2', 'h2', 'h2', 'h2', 'h2', 'h2'])
H123:
[[1, 0, 0, 0, 0, 0, 0, 0, 0, 0], [0, 0, 2, 0, 6, 1, 7, 2, 1, 7], [0, 1, 0, 8, 0, 0, 0, 0, 0, 0]]
H123-compact:
([1, 1, 2, 8, 6, 1, 7, 2, 1, 6], ['h1', 'h3', 'h2', 'h3', 'h2', 'h2', 'h2', 'h2', 'h2', 'h2'])
H123:
[[1, 0, 0, 0, 0, 0, 0, 0, 0, 0], [0, 0, 2, 0, 6, 1, 7, 2, 1, 6], [0, 1, 0, 8, 0, 0, 0, 0, 0, 0]]
H123-compact:
([1, 1, 2, 8, 6, 1, 7, 2, 1, 6], ['h1', 'h3', 'h2', 'h3', 'h2', 'h2', 'h2', 'h2', 'h2', 'h2'])
H123:
[[1, 0, 0, 0, 0, 0, 0, 0, 0, 0], [0, 0, 2, 0, 6, 1, 7, 2, 1, 6], [0, 1, 0, 8, 0, 0, 0, 0, 0, 0]]
H123-compact:
([1, 1, 2, 7, 6, 1, 7, 2, 1, 6], ['h1', 'h3', 'h2', 'h3', 'h2', 'h2', 'h2', 'h2', 'h2', 'h2'])
H123:
[[1, 0, 0, 0, 0, 0, 0, 0, 0, 0], [0, 0, 2, 0, 6, 1, 7, 2, 1, 6], [0, 1, 0, 7, 0, 0, 0, 0, 0, 0]]
H123-compact:
([1, 1, 2, 7, 6, 1, 7, 2, 1, 6, 1], ['h1', 'h3', 'h2', 'h3', 'h2', 'h2', 'h2', 'h2', 'h2', 'h2', 'h1'])
H123:
[[1, 0, 0, 0, 0, 0, 0, 0, 0, 0, 1], [0, 0, 2, 0, 6, 1, 7, 2, 1, 6, 0], [0, 1, 0, 7, 0, 0, 0, 0, 0, 0, 0]]
H123-compact:
([1, 1, 2, 8, 6, 5, 7, 1, 2, 1, 6], ['h1', 'h3', 'h2', 'h3', 'h2', 'h2', 'h2', 'h3', 'h2', 'h2', 'h2'])
H123:
[[1, 0, 0, 0, 0, 0, 0, 0, 0, 0, 0], [0, 0, 2, 0, 6, 5, 7, 0, 2, 1, 6], [0, 1, 0, 8, 0, 0, 0, 1, 0, 0, 0]]
H123-compact:
([1, 1, 2, 8, 6, 1, 7, 2, 1, 6], ['h1', 'h3', 'h2', 'h3', 'h2', 'h2', 'h2', 'h2', 'h2', 'h2'])
H123:
[[1, 0, 0, 0, 0, 0, 0, 0, 0, 0], [0, 0, 2, 0, 6, 1, 7, 2, 1, 6], [0, 1, 0, 8, 0, 0, 0, 0, 0, 0]]
H123-compact:
([1, 1, 2, 8, 6, 1, 7, 2, 1, 6], ['h1', 'h3', 'h2', 'h3', 'h2', 'h2', 'h2', 'h2', 'h2', 'h2'])
H123:
[[1, 0, 0, 0, 0, 0, 0, 0, 0, 0], [0, 0, 2, 0, 6, 1, 7, 2, 1, 6], [0, 1, 0, 8, 0, 0, 0, 0, 0, 0]]
H123-compact:
([1, 1, 2, 8, 6, 1, 7, 2, 1, 6], ['h1', 'h3', 'h2', 'h3', 'h2', 'h2', 'h2', 'h2', 'h2', 'h2'])
H123:
[[1, 0, 0, 0, 0, 0, 0, 0, 0, 0], [0, 0, 2, 0, 6, 1, 7, 2, 1, 6], [0, 1, 0, 8, 0, 0, 0, 0, 0, 0]]

