H123-compact:
([1, 1, 64, 9, 28, 11, 9, 5, 3, 2, 2, 2, 2, 6, 2, 4, 2, 2, 2, 1, 2, 4, 2, 2, 2], ['h1', 'h3', 'h2', 'h2', 'h2', 'h2', 'h2', 'h2', 'h3', 'h2', 'h2', 'h2', 'h2', 'h2', 'h2', 'h2', 'h1', 'h2', 'h2', 'h1', 'h2', 'h2', 'h1', 'h2', 'h2'])
H123:
[[1, 0, 0, 0, 0, 0, 0, 0, 0, 0, 0, 0, 0, 0, 0, 0, 2, 0, 0, 1, 0, 0, 2, 0, 0], [0, 0, 64, 9, 28, 11, 9, 5, 0, 2, 2, 2, 2, 6, 2, 4, 0, 2, 2, 0, 2, 4, 0, 2, 2], [0, 1, 0, 0, 0, 0, 0, 0, 3, 0, 0, 0, 0, 0, 0, 0, 0, 0, 0, 0, 0, 0, 0, 0, 0]]
H123-compact:
([1, 1, 58, 11, 28, 10, 9, 6, 2, 2, 2, 2, 2, 6, 2, 4, 2, 2, 1, 1, 2, 4, 1, 2, 1, 2], ['h1', 'h3', 'h2', 'h2', 'h2', 'h2', 'h2', 'h2', 'h3', 'h2', 'h2', 'h2', 'h2', 'h2', 'h2', 'h2', 'h2', 'h1', 'h2', 'h1', 'h2', 'h2', 'h1', 'h2', 'h1', 'h2'])
H123:
[[1, 0, 0, 0, 0, 0, 0, 0, 0, 0, 0, 0, 0, 0, 0, 0, 0, 2, 0, 1, 0, 0, 1, 0, 1, 0], [0, 0, 58, 11, 28, 10, 9, 6, 0, 2, 2, 2, 2, 6, 2, 4, 2, 0, 1, 0, 2, 4, 0, 2, 0, 2], [0, 1, 0, 0, 0, 0, 0, 0, 2, 0, 0, 0, 0, 0, 0, 0, 0, 0, 0, 0, 0, 0, 0, 0, 0, 0]]
H123-compact:
([1, 1, 66, 10, 11, 28, 9, 2, 2, 2, 2, 6, 2, 4, 3, 2, 1, 2, 4, 2, 2, 6, 1, 2], ['h1', 'h3', 'h2', 'h2', 'h2', 'h2', 'h2', 'h2', 'h2', 'h2', 'h2', 'h2', 'h2', 'h2', 'h1', 'h2', 'h2', 'h2', 'h2', 'h1', 'h2', 'h2', 'h3', 'h2'])
H123:
[[1, 0, 0, 0, 0, 0, 0, 0, 0, 0, 0, 0, 0, 0, 3, 0, 0, 0, 0, 2, 0, 0, 0, 0], [0, 0, 66, 10, 11, 28, 9, 2, 2, 2, 2, 6, 2, 4, 0, 2, 1, 2, 4, 0, 2, 6, 0, 2], [0, 1, 0, 0, 0, 0, 0, 0, 0, 0, 0, 0, 0, 0, 0, 0, 0, 0, 0, 0, 0, 0, 1, 0]]
H123-compact:
([1, 1, 65, 9, 11, 26, 9, 6, 1, 2, 2, 2, 2, 6, 2, 4, 1, 3, 2, 2, 2, 2, 2, 2], ['h1', 'h3', 'h2', 'h2', 'h2', 'h2', 'h2', 'h2', 'h3', 'h2', 'h2', 'h2', 'h2', 'h2', 'h2', 'h2', 'h2', 'h1', 'h2', 'h1', 'h2', 'h2', 'h2', 'h2'])
H123:
[[1, 0, 0, 0, 0, 0, 0, 0, 0, 0, 0, 0, 0, 0, 0, 0, 0, 3, 0, 2, 0, 0, 0, 0], [0, 0, 65, 9, 11, 26, 9, 6, 0, 2, 2, 2, 2, 6, 2, 4, 1, 0, 2, 0, 2, 2, 2, 2], [0, 1, 0, 0, 0, 0, 0, 0, 1, 0, 0, 0, 0, 0, 0, 0, 0, 0, 0, 0, 0, 0, 0, 0]]
H123-compact:
([1, 1, 53, 12, 11, 25, 11, 5, 2, 2, 2, 2, 6, 2, 4, 1, 1, 2, 2, 2, 2, 2, 2, 2, 1], ['h1', 'h3', 'h2', 'h2', 'h2', 'h2', 'h2', 'h2', 'h2', 'h2', 'h2', 'h2', 'h2', 'h2', 'h2', 'h2', 'h1', 'h1', 'h2', 'h2', 'h2', 'h1', 'h2', 'h2', 'h3'])
H123:
[[1, 0, 0, 0, 0, 0, 0, 0, 0, 0, 0, 0, 0, 0, 0, 0, 1, 2, 0, 0, 0, 2, 0, 0, 0], [0, 0, 53, 12, 11, 25, 11, 5, 2, 2, 2, 2, 6, 2, 4, 1, 0, 0, 2, 2, 2, 0, 2, 2, 0], [0, 1, 0, 0, 0, 0, 0, 0, 0, 0, 0, 0, 0, 0, 0, 0, 0, 0, 0, 0, 0, 0, 0, 0, 1]]
H123-compact:
([1, 1, 57, 9, 11, 26, 6, 2, 9, 2, 2, 2, 2, 6, 2, 4, 3, 1, 2, 2, 2, 2, 2, 2, 1], ['h1', 'h3', 'h2', 'h2', 'h2', 'h2', 'h2', 'h3', 'h2', 'h2', 'h2', 'h2', 'h2', 'h2', 'h2', 'h2', 'h1', 'h2', 'h2', 'h2', 'h1', 'h2', 'h2', 'h2', 'h1'])
H123:
[[1, 0, 0, 0, 0, 0, 0, 0, 0, 0, 0, 0, 0, 0, 0, 0, 3, 0, 0, 0, 2, 0, 0, 0, 1], [0, 0, 57, 9, 11, 26, 6, 0, 9, 2, 2, 2, 2, 6, 2, 4, 0, 1, 2, 2, 0, 2, 2, 2, 0], [0, 1, 0, 0, 0, 0, 0, 2, 0, 0, 0, 0, 0, 0, 0, 0, 0, 0, 0, 0, 0, 0, 0, 0, 0]]
H123-compact:
([1, 1, 66, 10, 11, 27, 9, 6, 2, 2, 2, 2, 6, 2, 2, 4, 2, 1, 3, 2, 2, 2, 2, 2], ['h1', 'h3', 'h2', 'h2', 'h2', 'h2', 'h2', 'h2', 'h3', 'h2', 'h2', 'h2', 'h2', 'h2', 'h2', 'h2', 'h2', 'h2', 'h1', 'h2', 'h2', 'h1', 'h2', 'h2'])
H123:
[[1, 0, 0, 0, 0, 0, 0, 0, 0, 0, 0, 0, 0, 0, 0, 0, 0, 0, 3, 0, 0, 2, 0, 0], [0, 0, 66, 10, 11, 27, 9, 6, 0, 2, 2, 2, 6, 2, 2, 4, 2, 1, 0, 2, 2, 0, 2, 2], [0, 1, 0, 0, 0, 0, 0, 0, 2, 0, 0, 0, 0, 0, 0, 0, 0, 0, 0, 0, 0, 0, 0, 0]]
H123-compact:
([1, 1, 60, 12, 11, 28, 9, 6, 1, 3, 2, 2, 2, 6, 2, 4, 2, 3, 1, 2, 4, 2, 2, 2], ['h1', 'h3', 'h2', 'h2', 'h2', 'h2', 'h2', 'h2', 'h3', 'h2', 'h2', 'h2', 'h2', 'h2', 'h2', 'h2', 'h2', 'h1', 'h2', 'h2', 'h2', 'h1', 'h2', 'h2'])
H123:
[[1, 0, 0, 0, 0, 0, 0, 0, 0, 0, 0, 0, 0, 0, 0, 0, 0, 3, 0, 0, 0, 2, 0, 0], [0, 0, 60, 12, 11, 28, 9, 6, 0, 3, 2, 2, 2, 6, 2, 4, 2, 0, 1, 2, 4, 0, 2, 2], [0, 1, 0, 0, 0, 0, 0, 0, 1, 0, 0, 0, 0, 0, 0, 0, 0, 0, 0, 0, 0, 0, 0, 0]]
H123-compact:
([1, 1, 58, 12, 11, 26, 9, 5, 2, 2, 2, 2, 6, 2, 2, 4, 2, 1, 3, 2, 2, 2, 2, 2], ['h1', 'h3', 'h2', 'h2', 'h2', 'h2', 'h2', 'h2', 'h3', 'h2', 'h2', 'h2', 'h2', 'h2', 'h2', 'h2', 'h2', 'h2', 'h1', 'h2', 'h1', 'h2', 'h2', 'h2'])
H123:
[[1, 0, 0, 0, 0, 0, 0, 0, 0, 0, 0, 0, 0, 0, 0, 0, 0, 0, 3, 0, 2, 0, 0, 0], [0, 0, 58, 12, 11, 26, 9, 5, 0, 2, 2, 2, 6, 2, 2, 4, 2, 1, 0, 2, 0, 2, 2, 2], [0, 1, 0, 0, 0, 0, 0, 0, 2, 0, 0, 0, 0, 0, 0, 0, 0, 0, 0, 0, 0, 0, 0, 0]]
H123-compact:
([1, 1, 58, 11, 11, 26, 9, 5, 3, 2, 2, 2, 2, 6, 2, 4, 2, 1, 3, 2, 2, 2, 2, 2], ['h1', 'h3', 'h2', 'h2', 'h2', 'h2', 'h2', 'h2', 'h3', 'h2', 'h2', 'h2', 'h2', 'h2', 'h2', 'h2', 'h2', 'h2', 'h1', 'h2', 'h1', 'h2', 'h2', 'h2'])
H123:
[[1, 0, 0, 0, 0, 0, 0, 0, 0, 0, 0, 0, 0, 0, 0, 0, 0, 0, 3, 0, 2, 0, 0, 0], [0, 0, 58, 11, 11, 26, 9, 5, 0, 2, 2, 2, 2, 6, 2, 4, 2, 1, 0, 2, 0, 2, 2, 2], [0, 1, 0, 0, 0, 0, 0, 0, 3, 0, 0, 0, 0, 0, 0, 0, 0, 0, 0, 0, 0, 0, 0, 0]]
H123-compact:
([1, 1, 60, 12, 11, 25, 9, 5, 1, 2, 2, 2, 2, 6, 2, 4, 3, 1, 2, 2, 2, 2, 2, 2], ['h1', 'h3', 'h2', 'h2', 'h2', 'h2', 'h2', 'h2', 'h3', 'h2', 'h2', 'h2', 'h2', 'h2', 'h2', 'h2', 'h1', 'h2', 'h2', 'h2', 'h2', 'h1', 'h2', 'h2'])
H123:
[[1, 0, 0, 0, 0, 0, 0, 0, 0, 0, 0, 0, 0, 0, 0, 0, 3, 0, 0, 0, 0, 2, 0, 0], [0, 0, 60, 12, 11, 25, 9, 5, 0, 2, 2, 2, 2, 6, 2, 4, 0, 1, 2, 2, 2, 0, 2, 2], [0, 1, 0, 0, 0, 0, 0, 0, 1, 0, 0, 0, 0, 0, 0, 0, 0, 0, 0, 0, 0, 0, 0, 0]]
H123-compact:
([1, 1, 60, 11, 10, 26, 9, 6, 3, 2, 2, 2, 6, 2, 2, 4, 3, 1, 2, 2, 1, 2, 2, 1, 2], ['h1', 'h3', 'h2', 'h2', 'h2', 'h2', 'h2', 'h2', 'h3', 'h2', 'h2', 'h2', 'h2', 'h2', 'h2', 'h2', 'h1', 'h2', 'h2', 'h2', 'h1', 'h2', 'h2', 'h1', 'h2'])
H123:
[[1, 0, 0, 0, 0, 0, 0, 0, 0, 0, 0, 0, 0, 0, 0, 0, 3, 0, 0, 0, 1, 0, 0, 1, 0], [0, 0, 60, 11, 10, 26, 9, 6, 0, 2, 2, 2, 6, 2, 2, 4, 0, 1, 2, 2, 0, 2, 2, 0, 2], [0, 1, 0, 0, 0, 0, 0, 0, 3, 0, 0, 0, 0, 0, 0, 0, 0, 0, 0, 0, 0, 0, 0, 0, 0]]
H123-compact:
([1, 1, 62, 12, 11, 25, 9, 7, 2, 2, 2, 2, 6, 2, 2, 4, 2, 1, 3, 2, 2, 2, 2, 2, 1], ['h1', 'h3', 'h2', 'h2', 'h2', 'h2', 'h2', 'h2', 'h3', 'h2', 'h2', 'h2', 'h2', 'h2', 'h2', 'h2', 'h2', 'h2', 'h1', 'h1', 'h2', 'h2', 'h2', 'h2', 'h1'])
H123:
[[1, 0, 0, 0, 0, 0, 0, 0, 0, 0, 0, 0, 0, 0, 0, 0, 0, 0, 3, 2, 0, 0, 0, 0, 1], [0, 0, 62, 12, 11, 25, 9, 7, 0, 2, 2, 2, 6, 2, 2, 4, 2, 1, 0, 0, 2, 2, 2, 2, 0], [0, 1, 0, 0, 0, 0, 0, 0, 2, 0, 0, 0, 0, 0, 0, 0, 0, 0, 0, 0, 0, 0, 0, 0, 0]]
H123-compact:
([1, 1, 67, 12, 11, 26, 9, 3, 3, 3, 2, 2, 6, 4, 1, 3, 2, 2, 4, 2, 2, 2, 6, 2], ['h1', 'h3', 'h2', 'h2', 'h2', 'h2', 'h2', 'h2', 'h2', 'h2', 'h2', 'h2', 'h2', 'h2', 'h2', 'h1', 'h2', 'h2', 'h2', 'h1', 'h2', 'h2', 'h2', 'h3'])
H123:
[[1, 0, 0, 0, 0, 0, 0, 0, 0, 0, 0, 0, 0, 0, 0, 3, 0, 0, 0, 2, 0, 0, 0, 0], [0, 0, 67, 12, 11, 26, 9, 3, 3, 3, 2, 2, 6, 4, 1, 0, 2, 2, 4, 0, 2, 2, 6, 0], [0, 1, 0, 0, 0, 0, 0, 0, 0, 0, 0, 0, 0, 0, 0, 0, 0, 0, 0, 0, 0, 0, 0, 2]]
H123-compact:
([1, 1, 62, 9, 11, 26, 9, 6, 2, 2, 2, 2, 2, 6, 2, 4, 1, 1, 2, 2, 2, 2, 2, 2, 2], ['h1', 'h3', 'h2', 'h2', 'h2', 'h2', 'h2', 'h2', 'h3', 'h2', 'h2', 'h2', 'h2', 'h2', 'h2', 'h2', 'h1', 'h2', 'h2', 'h1', 'h2', 'h1', 'h2', 'h2', 'h2'])
H123:
[[1, 0, 0, 0, 0, 0, 0, 0, 0, 0, 0, 0, 0, 0, 0, 0, 1, 0, 0, 2, 0, 2, 0, 0, 0], [0, 0, 62, 9, 11, 26, 9, 6, 0, 2, 2, 2, 2, 6, 2, 4, 0, 1, 2, 0, 2, 0, 2, 2, 2], [0, 1, 0, 0, 0, 0, 0, 0, 2, 0, 0, 0, 0, 0, 0, 0, 0, 0, 0, 0, 0, 0, 0, 0, 0]]
H123-compact:
([1, 55, 1, 12, 11, 28, 9, 5, 3, 2, 2, 2, 2, 6, 2, 4, 2, 2, 3, 2, 4, 2, 2, 2], ['h1', 'h2', 'h3', 'h2', 'h2', 'h2', 'h2', 'h2', 'h3', 'h2', 'h2', 'h2', 'h2', 'h2', 'h2', 'h2', 'h2', 'h2', 'h1', 'h2', 'h2', 'h1', 'h2', 'h2'])
H123:
[[1, 0, 0, 0, 0, 0, 0, 0, 0, 0, 0, 0, 0, 0, 0, 0, 0, 0, 3, 0, 0, 2, 0, 0], [0, 55, 0, 12, 11, 28, 9, 5, 0, 2, 2, 2, 2, 6, 2, 4, 2, 2, 0, 2, 4, 0, 2, 2], [0, 0, 1, 0, 0, 0, 0, 0, 3, 0, 0, 0, 0, 0, 0, 0, 0, 0, 0, 0, 0, 0, 0, 0]]
H123-compact:
([1, 1, 58, 12, 11, 26, 9, 5, 2, 2, 2, 2, 6, 2, 2, 4, 1, 3, 2, 1, 2, 2, 3, 1, 2], ['h1', 'h3', 'h2', 'h2', 'h2', 'h2', 'h2', 'h2', 'h3', 'h2', 'h2', 'h2', 'h2', 'h2', 'h2', 'h2', 'h2', 'h1', 'h2', 'h1', 'h2', 'h2', 'h2', 'h1', 'h2'])
H123:
[[1, 0, 0, 0, 0, 0, 0, 0, 0, 0, 0, 0, 0, 0, 0, 0, 0, 3, 0, 1, 0, 0, 0, 1, 0], [0, 0, 58, 12, 11, 26, 9, 5, 0, 2, 2, 2, 6, 2, 2, 4, 1, 0, 2, 0, 2, 2, 3, 0, 2], [0, 1, 0, 0, 0, 0, 0, 0, 2, 0, 0, 0, 0, 0, 0, 0, 0, 0, 0, 0, 0, 0, 0, 0, 0]]
H123-compact:
([1, 1, 67, 9, 11, 27, 9, 2, 2, 2, 2, 6, 2, 4, 3, 1, 2, 2, 2, 2, 2, 6, 1, 2], ['h1', 'h3', 'h2', 'h2', 'h2', 'h2', 'h2', 'h2', 'h2', 'h2', 'h2', 'h2', 'h2', 'h2', 'h1', 'h2', 'h2', 'h2', 'h2', 'h1', 'h2', 'h2', 'h3', 'h2'])
H123:
[[1, 0, 0, 0, 0, 0, 0, 0, 0, 0, 0, 0, 0, 0, 3, 0, 0, 0, 0, 2, 0, 0, 0, 0], [0, 0, 67, 9, 11, 27, 9, 2, 2, 2, 2, 6, 2, 4, 0, 1, 2, 2, 2, 0, 2, 6, 0, 2], [0, 1, 0, 0, 0, 0, 0, 0, 0, 0, 0, 0, 0, 0, 0, 0, 0, 0, 0, 0, 0, 0, 1, 0]]
H123-compact:
([1, 1, 62, 10, 11, 26, 9, 2, 2, 2, 6, 2, 2, 4, 2, 3, 1, 2, 2, 2, 2, 6, 2], ['h1', 'h3', 'h2', 'h2', 'h2', 'h2', 'h2', 'h2', 'h2', 'h2', 'h2', 'h2', 'h2', 'h2', 'h2', 'h1', 'h2', 'h1', 'h2', 'h2', 'h2', 'h2', 'h2'])
H123:
[[1, 0, 0, 0, 0, 0, 0, 0, 0, 0, 0, 0, 0, 0, 0, 3, 0, 2, 0, 0, 0, 0, 0], [0, 0, 62, 10, 11, 26, 9, 2, 2, 2, 6, 2, 2, 4, 2, 0, 1, 0, 2, 2, 2, 6, 2], [0, 1, 0, 0, 0, 0, 0, 0, 0, 0, 0, 0, 0, 0, 0, 0, 0, 0, 0, 0, 0, 0, 0]]
H123-compact:
([1, 1, 57, 10, 11, 28, 9, 5, 3, 2, 2, 2, 2, 6, 2, 4, 2, 1, 2, 1, 2, 4, 2, 2, 2, 1], ['h1', 'h3', 'h2', 'h2', 'h2', 'h2', 'h2', 'h2', 'h3', 'h2', 'h2', 'h2', 'h2', 'h2', 'h2', 'h2', 'h2', 'h2', 'h1', 'h1', 'h2', 'h2', 'h1', 'h2', 'h2', 'h1'])
H123:
[[1, 0, 0, 0, 0, 0, 0, 0, 0, 0, 0, 0, 0, 0, 0, 0, 0, 0, 2, 1, 0, 0, 2, 0, 0, 1], [0, 0, 57, 10, 11, 28, 9, 5, 0, 2, 2, 2, 2, 6, 2, 4, 2, 1, 0, 0, 2, 4, 0, 2, 2, 0], [0, 1, 0, 0, 0, 0, 0, 0, 3, 0, 0, 0, 0, 0, 0, 0, 0, 0, 0, 0, 0, 0, 0, 0, 0, 0]]

