H123-compact:
([1, 1, 57, 2, 1, 3, 6, 1, 2], ['h1', 'h3', 'h2', 'h2', 'h3', 'h2', 'h2', 'h2', 'h2'])
H123:
[[1, 0, 0, 0, 0, 0, 0, 0, 0], [0, 0, 57, 2, 0, 3, 6, 1, 2], [0, 1, 0, 0, 1, 0, 0, 0, 0]]
H123-compact:
([1, 1, 60, 2, 1, 3, 6, 1, 2], ['h1', 'h3', 'h2', 'h2', 'h3', 'h2', 'h2', 'h2', 'h2'])
H123:
[[1, 0, 0, 0, 0, 0, 0, 0, 0], [0, 0, 60, 2, 0, 3, 6, 1, 2], [0, 1, 0, 0, 1, 0, 0, 0, 0]]
H123-compact:
([1, 1, 59, 2, 1, 6, 3, 1, 2], ['h1', 'h3', 'h2', 'h2', 'h3', 'h2', 'h2', 'h2', 'h2'])
H123:
[[1, 0, 0, 0, 0, 0, 0, 0, 0], [0, 0, 59, 2, 0, 6, 3, 1, 2], [0, 1, 0, 0, 1, 0, 0, 0, 0]]
H123-compact:
([1, 1, 56, 2, 1, 3, 6, 1, 2], ['h1', 'h3', 'h2', 'h2', 'h3', 'h2', 'h2', 'h2', 'h2'])
H123:
[[1, 0, 0, 0, 0, 0, 0, 0, 0], [0, 0, 56, 2, 0, 3, 6, 1, 2], [0, 1, 0, 0, 1, 0, 0, 0, 0]]
H123-compact:
([1, 1, 58, 2, 1, 3, 6, 1, 2], ['h1', 'h3', 'h2', 'h2', 'h3', 'h2', 'h2', 'h2', 'h2'])
H123:
[[1, 0, 0, 0, 0, 0, 0, 0, 0], [0, 0, 58, 2, 0, 3, 6, 1, 2], [0, 1, 0, 0, 1, 0, 0, 0, 0]]
H123-compact:
([1, 1, 57, 2, 1, 7, 3, 1, 2], ['h1', 'h3', 'h2', 'h2', 'h3', 'h2', 'h2', 'h2', 'h2'])
H123:
[[1, 0, 0, 0, 0, 0, 0, 0, 0], [0, 0, 57, 2, 0, 7, 3, 1, 2], [0, 1, 0, 0, 1, 0, 0, 0, 0]]
H123-compact:
([1, 1, 51, 2, 1, 3, 6, 1, 2], ['h1', 'h3', 'h2', 'h2', 'h3', 'h2', 'h2', 'h2', 'h2'])
H123:
[[1, 0, 0, 0, 0, 0, 0, 0, 0], [0, 0, 51, 2, 0, 3, 6, 1, 2], [0, 1, 0, 0, 1, 0, 0, 0, 0]]
H123-compact:
([1, 1, 55, 2, 1, 3, 6, 1, 2], ['h1', 'h3', 'h2', 'h2', 'h3', 'h2', 'h2', 'h2', 'h2'])
H123:
[[1, 0, 0, 0, 0, 0, 0, 0, 0], [0, 0, 55, 2, 0, 3, 6, 1, 2], [0, 1, 0, 0, 1, 0, 0, 0, 0]]
H123-compact:
([1, 1, 58, 2, 1, 3, 6, 1, 2], ['h1', 'h3', 'h2', 'h2', 'h3', 'h2', 'h2', 'h2', 'h2'])
H123:
[[1, 0, 0, 0, 0, 0, 0, 0, 0], [0, 0, 58, 2, 0, 3, 6, 1, 2], [0, 1, 0, 0, 1, 0, 0, 0, 0]]
H123-compact:
([1, 1, 56, 2, 1, 3, 6, 1, 1, 2], ['h1', 'h3', 'h2', 'h2', 'h3', 'h2', 'h2', 'h1', 'h2', 'h2'])
H123:
[[1, 0, 0, 0, 0, 0, 0, 1, 0, 0], [0, 0, 56, 2, 0, 3, 6, 0, 1, 2], [0, 1, 0, 0, 1, 0, 0, 0, 0, 0]]
H123-compact:
([1, 1, 59, 2, 4, 1, 6, 1, 2], ['h1', 'h3', 'h2', 'h2', 'h2', 'h3', 'h2', 'h2', 'h2'])
H123:
[[1, 0, 0, 0, 0, 0, 0, 0, 0], [0, 0, 59, 2, 4, 0, 6, 1, 2], [0, 1, 0, 0, 0, 1, 0, 0, 0]]
H123-compact:
([1, 1, 52, 2, 1, 3, 6, 1, 2], ['h1', 'h3', 'h2', 'h2', 'h3', 'h2', 'h2', 'h2', 'h2'])
H123:
[[1, 0, 0, 0, 0, 0, 0, 0, 0], [0, 0, 52, 2, 0, 3, 6, 1, 2], [0, 1, 0, 0, 1, 0, 0, 0, 0]]
H123-compact:
([1, 1, 61, 2, 1, 6, 3, 1, 2], ['h1', 'h3', 'h2', 'h2', 'h3', 'h2', 'h2', 'h2', 'h2'])
H123:
[[1, 0, 0, 0, 0, 0, 0, 0, 0], [0, 0, 61, 2, 0, 6, 3, 1, 2], [0, 1, 0, 0, 1, 0, 0, 0, 0]]
H123-compact:
([1, 1, 57, 2, 1, 3, 6, 1, 2], ['h1', 'h3', 'h2', 'h2', 'h3', 'h2', 'h2', 'h2', 'h2'])
H123:
[[1, 0, 0, 0, 0, 0, 0, 0, 0], [0, 0, 57, 2, 0, 3, 6, 1, 2], [0, 1, 0, 0, 1, 0, 0, 0, 0]]
H123-compact:
([1, 1, 58, 2, 1, 3, 6, 1, 2], ['h1', 'h3', 'h2', 'h2', 'h3', 'h2', 'h2', 'h2', 'h2'])
H123:
[[1, 0, 0, 0, 0, 0, 0, 0, 0], [0, 0, 58, 2, 0, 3, 6, 1, 2], [0, 1, 0, 0, 1, 0, 0, 0, 0]]
H123-compact:
([1, 1, 58, 2, 1, 3, 6, 1, 2], ['h1', 'h3', 'h2', 'h2', 'h3', 'h2', 'h2', 'h2', 'h2'])
H123:
[[1, 0, 0, 0, 0, 0, 0, 0, 0], [0, 0, 58, 2, 0, 3, 6, 1, 2], [0, 1, 0, 0, 1, 0, 0, 0, 0]]
H123-compact:
([1, 1, 51, 2, 1, 3, 6, 1, 2], ['h1', 'h3', 'h2', 'h2', 'h3', 'h2', 'h2', 'h2', 'h2'])
H123:
[[1, 0, 0, 0, 0, 0, 0, 0, 0], [0, 0, 51, 2, 0, 3, 6, 1, 2], [0, 1, 0, 0, 1, 0, 0, 0, 0]]
H123-compact:
([1, 1, 63, 2, 1, 3, 1, 6, 2], ['h1', 'h3', 'h2', 'h2', 'h3', 'h2', 'h2', 'h2', 'h2'])
H123:
[[1, 0, 0, 0, 0, 0, 0, 0, 0], [0, 0, 63, 2, 0, 3, 1, 6, 2], [0, 1, 0, 0, 1, 0, 0, 0, 0]]
H123-compact:
([1, 1, 55, 2, 1, 3, 6, 1, 2], ['h1', 'h3', 'h2', 'h2', 'h3', 'h2', 'h2', 'h2', 'h2'])
H123:
[[1, 0, 0, 0, 0, 0, 0, 0, 0], [0, 0, 55, 2, 0, 3, 6, 1, 2], [0, 1, 0, 0, 1, 0, 0, 0, 0]]
H123-compact:
([1, 1, 53, 2, 1, 3, 6, 1, 2], ['h1', 'h3', 'h2', 'h2', 'h3', 'h2', 'h2', 'h2', 'h2'])
H123:
[[1, 0, 0, 0, 0, 0, 0, 0, 0], [0, 0, 53, 2, 0, 3, 6, 1, 2], [0, 1, 0, 0, 1, 0, 0, 0, 0]]

