H123-compact:
([1, 1, 1, 117, 20, 47, 36, 1, 53, 1, 1, 1, 40, 1, 1, 1, 7, 2, 2, 2, 2, 13, 1, 2, 12, 3, 1, 1, 2, 1, 2, 2, 1, 2, 3, 2], ['h1', 'h3', 'h2', 'h2', 'h2', 'h2', 'h2', 'h1', 'h2', 'h2', 'h2', 'h2', 'h2', 'h1', 'h2', 'h2', 'h2', 'h3', 'h2', 'h2', 'h3', 'h1', 'h2', 'h2', 'h2', 'h1', 'h2', 'h1', 'h2', 'h1', 'h1', 'h1', 'h2', 'h1', 'h2', 'h2'])
H123:
[[1, 0, 0, 0, 0, 0, 0, 1, 0, 0, 0, 0, 0, 1, 0, 0, 0, 0, 0, 0, 0, 13, 0, 0, 0, 3, 0, 1, 0, 1, 2, 2, 0, 2, 0, 0], [0, 0, 1, 117, 20, 47, 36, 0, 53, 1, 1, 1, 40, 0, 1, 1, 7, 0, 2, 2, 0, 0, 1, 2, 12, 0, 1, 0, 2, 0, 0, 0, 1, 0, 3, 2], [0, 1, 0, 0, 0, 0, 0, 0, 0, 0, 0, 0, 0, 0, 0, 0, 0, 2, 0, 0, 2, 0, 0, 0, 0, 0, 0, 0, 0, 0, 0, 0, 0, 0, 0, 0]]
H123-compact:
([1, 1, 1, 122, 22, 56, 69, 1, 44, 1, 1, 1, 1, 39, 1, 6, 2, 1, 2, 1, 2, 3, 9, 1, 1, 2, 10, 1, 3, 1, 2, 2, 2, 2, 3, 6], ['h1', 'h2', 'h3', 'h2', 'h2', 'h2', 'h2', 'h1', 'h2', 'h2', 'h2', 'h2', 'h1', 'h2', 'h2', 'h2', 'h2', 'h2', 'h3', 'h2', 'h2', 'h1', 'h2', 'h2', 'h1', 'h2', 'h1', 'h2', 'h2', 'h1', 'h1', 'h1', 'h1', 'h2', 'h2', 'h2'])
H123:
[[1, 0, 0, 0, 0, 0, 0, 1, 0, 0, 0, 0, 1, 0, 0, 0, 0, 0, 0, 0, 0, 3, 0, 0, 1, 0, 10, 0, 0, 1, 2, 2, 2, 0, 0, 0], [0, 1, 0, 122, 22, 56, 69, 0, 44, 1, 1, 1, 0, 39, 1, 6, 2, 1, 0, 1, 2, 0, 9, 1, 0, 2, 0, 1, 3, 0, 0, 0, 0, 2, 3, 6], [0, 0, 1, 0, 0, 0, 0, 0, 0, 0, 0, 0, 0, 0, 0, 0, 0, 0, 2, 0, 0, 0, 0, 0, 0, 0, 0, 0, 0, 0, 0, 0, 0, 0, 0, 0]]
H123-compact:
([1, 1, 1, 116, 20, 55, 73, 1, 1, 44, 1, 1, 1, 42, 1, 6, 1, 1, 1, 4, 2, 2, 10, 1, 2, 11, 1, 3, 1, 1, 2, 1, 4, 3, 1, 1, 2], ['h1', 'h3', 'h2', 'h2', 'h2', 'h2', 'h2', 'h1', 'h1', 'h2', 'h2', 'h2', 'h2', 'h2', 'h1', 'h2', 'h2', 'h3', 'h2', 'h2', 'h2', 'h3', 'h1', 'h2', 'h2', 'h2', 'h2', 'h1', 'h2', 'h1', 'h2', 'h1', 'h1', 'h2', 'h1', 'h1', 'h2'])
H123:
[[1, 0, 0, 0, 0, 0, 0, 1, 1, 0, 0, 0, 0, 0, 1, 0, 0, 0, 0, 0, 0, 0, 10, 0, 0, 0, 0, 3, 0, 1, 0, 1, 4, 0, 1, 1, 0], [0, 0, 1, 116, 20, 55, 73, 0, 0, 44, 1, 1, 1, 42, 0, 6, 1, 0, 1, 4, 2, 0, 0, 1, 2, 11, 1, 0, 1, 0, 2, 0, 0, 3, 0, 0, 2], [0, 1, 0, 0, 0, 0, 0, 0, 0, 0, 0, 0, 0, 0, 0, 0, 0, 1, 0, 0, 0, 2, 0, 0, 0, 0, 0, 0, 0, 0, 0, 0, 0, 0, 0, 0, 0]]
H123-compact:
([1, 1, 1, 119, 19, 80, 67, 1, 53, 1, 1, 1, 40, 1, 1, 1, 2, 2, 2, 6, 10, 1, 2, 1, 11, 3, 1, 2, 1, 4, 1, 2, 3, 2, 1], ['h1', 'h3', 'h2', 'h2', 'h2', 'h2', 'h2', 'h1', 'h2', 'h2', 'h2', 'h2', 'h2', 'h1', 'h2', 'h2', 'h2', 'h2', 'h3', 'h2', 'h1', 'h2', 'h2', 'h2', 'h2', 'h1', 'h1', 'h2', 'h1', 'h1', 'h2', 'h1', 'h2', 'h2', 'h3'])
H123:
[[1, 0, 0, 0, 0, 0, 0, 1, 0, 0, 0, 0, 0, 1, 0, 0, 0, 0, 0, 0, 10, 0, 0, 0, 0, 3, 1, 0, 1, 4, 0, 2, 0, 0, 0], [0, 0, 1, 119, 19, 80, 67, 0, 53, 1, 1, 1, 40, 0, 1, 1, 2, 2, 0, 6, 0, 1, 2, 1, 11, 0, 0, 2, 0, 0, 1, 0, 3, 2, 0], [0, 1, 0, 0, 0, 0, 0, 0, 0, 0, 0, 0, 0, 0, 0, 0, 0, 0, 2, 0, 0, 0, 0, 0, 0, 0, 0, 0, 0, 0, 0, 0, 0, 0, 1]]
H123-compact:
([1, 1, 1, 121, 17, 70, 68, 1, 1, 1, 44, 1, 1, 42, 1, 5, 7, 2, 1, 1, 2, 10, 1, 2, 11, 1, 3, 1, 1, 2, 1, 4, 3, 2, 2], ['h1', 'h3', 'h2', 'h2', 'h2', 'h2', 'h2', 'h1', 'h2', 'h2', 'h2', 'h2', 'h1', 'h2', 'h2', 'h2', 'h2', 'h2', 'h3', 'h2', 'h3', 'h1', 'h2', 'h2', 'h2', 'h2', 'h1', 'h2', 'h1', 'h2', 'h1', 'h1', 'h2', 'h1', 'h2'])
H123:
[[1, 0, 0, 0, 0, 0, 0, 1, 0, 0, 0, 0, 1, 0, 0, 0, 0, 0, 0, 0, 0, 10, 0, 0, 0, 0, 3, 0, 1, 0, 1, 4, 0, 2, 0], [0, 0, 1, 121, 17, 70, 68, 0, 1, 1, 44, 1, 0, 42, 1, 5, 7, 2, 0, 1, 0, 0, 1, 2, 11, 1, 0, 1, 0, 2, 0, 0, 3, 0, 2], [0, 1, 0, 0, 0, 0, 0, 0, 0, 0, 0, 0, 0, 0, 0, 0, 0, 0, 1, 0, 2, 0, 0, 0, 0, 0, 0, 0, 0, 0, 0, 0, 0, 0, 0]]
H123-compact:
([1, 1, 1, 129, 17, 70, 39, 1, 47, 1, 1, 1, 43, 1, 1, 1, 5, 2, 2, 6, 3, 1, 13, 2, 11, 1, 3, 1, 2, 1, 4, 1, 2, 3, 2], ['h1', 'h3', 'h2', 'h2', 'h2', 'h2', 'h2', 'h1', 'h2', 'h2', 'h2', 'h2', 'h2', 'h1', 'h2', 'h2', 'h2', 'h2', 'h3', 'h2', 'h3', 'h2', 'h1', 'h2', 'h2', 'h2', 'h1', 'h1', 'h2', 'h1', 'h1', 'h2', 'h1', 'h2', 'h2'])
H123:
[[1, 0, 0, 0, 0, 0, 0, 1, 0, 0, 0, 0, 0, 1, 0, 0, 0, 0, 0, 0, 0, 0, 13, 0, 0, 0, 3, 1, 0, 1, 4, 0, 2, 0, 0], [0, 0, 1, 129, 17, 70, 39, 0, 47, 1, 1, 1, 43, 0, 1, 1, 5, 2, 0, 6, 0, 1, 0, 2, 11, 1, 0, 0, 2, 0, 0, 1, 0, 3, 2], [0, 1, 0, 0, 0, 0, 0, 0, 0, 0, 0, 0, 0, 0, 0, 0, 0, 0, 2, 0, 3, 0, 0, 0, 0, 0, 0, 0, 0, 0, 0, 0, 0, 0, 0]]
H123-compact:
([1, 1, 1, 126, 18, 75, 64, 1, 59, 1, 1, 1, 39, 1, 1, 1, 4, 2, 2, 6, 1, 1, 10, 2, 1, 3, 10, 1, 2, 1, 4, 1, 2, 3, 2], ['h1', 'h3', 'h2', 'h2', 'h2', 'h2', 'h2', 'h1', 'h2', 'h2', 'h2', 'h2', 'h2', 'h1', 'h2', 'h2', 'h2', 'h2', 'h3', 'h2', 'h3', 'h2', 'h1', 'h2', 'h2', 'h1', 'h2', 'h1', 'h2', 'h1', 'h1', 'h2', 'h1', 'h2', 'h2'])
H123:
[[1, 0, 0, 0, 0, 0, 0, 1, 0, 0, 0, 0, 0, 1, 0, 0, 0, 0, 0, 0, 0, 0, 10, 0, 0, 3, 0, 1, 0, 1, 4, 0, 2, 0, 0], [0, 0, 1, 126, 18, 75, 64, 0, 59, 1, 1, 1, 39, 0, 1, 1, 4, 2, 0, 6, 0, 1, 0, 2, 1, 0, 10, 0, 2, 0, 0, 1, 0, 3, 2], [0, 1, 0, 0, 0, 0, 0, 0, 0, 0, 0, 0, 0, 0, 0, 0, 0, 0, 2, 0, 1, 0, 0, 0, 0, 0, 0, 0, 0, 0, 0, 0, 0, 0, 0]]
H123-compact:
([1, 1, 1, 119, 17, 74, 72, 1, 44, 1, 1, 1, 43, 1, 1, 1, 2, 2, 2, 6, 1, 10, 1, 2, 9, 1, 3, 1, 1, 2, 1, 2, 3, 2, 2, 2], ['h1', 'h3', 'h2', 'h2', 'h2', 'h2', 'h2', 'h1', 'h2', 'h2', 'h2', 'h2', 'h2', 'h1', 'h2', 'h2', 'h2', 'h2', 'h3', 'h2', 'h3', 'h1', 'h2', 'h2', 'h2', 'h2', 'h1', 'h2', 'h1', 'h2', 'h1', 'h1', 'h2', 'h1', 'h1', 'h2'])
H123:
[[1, 0, 0, 0, 0, 0, 0, 1, 0, 0, 0, 0, 0, 1, 0, 0, 0, 0, 0, 0, 0, 10, 0, 0, 0, 0, 3, 0, 1, 0, 1, 2, 0, 2, 2, 0], [0, 0, 1, 119, 17, 74, 72, 0, 44, 1, 1, 1, 43, 0, 1, 1, 2, 2, 0, 6, 0, 0, 1, 2, 9, 1, 0, 1, 0, 2, 0, 0, 3, 0, 0, 2], [0, 1, 0, 0, 0, 0, 0, 0, 0, 0, 0, 0, 0, 0, 0, 0, 0, 0, 2, 0, 1, 0, 0, 0, 0, 0, 0, 0, 0, 0, 0, 0, 0, 0, 0, 0]]
H123-compact:
([1, 1, 1, 118, 22, 86, 63, 1, 39, 1, 1, 1, 42, 1, 6, 1, 1, 1, 2, 2, 2, 1, 10, 2, 3, 10, 1, 1, 1, 2, 1, 3, 4, 2, 2], ['h1', 'h3', 'h2', 'h2', 'h2', 'h2', 'h2', 'h1', 'h2', 'h2', 'h2', 'h2', 'h2', 'h1', 'h2', 'h2', 'h3', 'h2', 'h2', 'h2', 'h3', 'h2', 'h1', 'h2', 'h1', 'h2', 'h2', 'h2', 'h1', 'h2', 'h1', 'h2', 'h1', 'h1', 'h2'])
H123:
[[1, 0, 0, 0, 0, 0, 0, 1, 0, 0, 0, 0, 0, 1, 0, 0, 0, 0, 0, 0, 0, 0, 10, 0, 3, 0, 0, 0, 1, 0, 1, 0, 4, 2, 0], [0, 0, 1, 118, 22, 86, 63, 0, 39, 1, 1, 1, 42, 0, 6, 1, 0, 1, 2, 2, 0, 1, 0, 2, 0, 10, 1, 1, 0, 2, 0, 3, 0, 0, 2], [0, 1, 0, 0, 0, 0, 0, 0, 0, 0, 0, 0, 0, 0, 0, 0, 1, 0, 0, 0, 2, 0, 0, 0, 0, 0, 0, 0, 0, 0, 0, 0, 0, 0, 0]]
H123-compact:
([1, 1, 2, 125, 21, 69, 78, 1, 49, 1, 1, 41, 1, 1, 1, 1, 6, 4, 2, 2, 3, 1, 2, 10, 11, 1, 1, 3, 1, 2, 1, 4, 3, 2, 2, 1], ['h1', 'h3', 'h2', 'h2', 'h2', 'h2', 'h2', 'h1', 'h2', 'h2', 'h2', 'h2', 'h2', 'h1', 'h2', 'h2', 'h2', 'h2', 'h2', 'h3', 'h3', 'h2', 'h2', 'h1', 'h2', 'h2', 'h2', 'h1', 'h1', 'h2', 'h1', 'h1', 'h2', 'h1', 'h2', 'h1'])
H123:
[[1, 0, 0, 0, 0, 0, 0, 1, 0, 0, 0, 0, 0, 1, 0, 0, 0, 0, 0, 0, 0, 0, 0, 10, 0, 0, 0, 3, 1, 0, 1, 4, 0, 2, 0, 1], [0, 0, 2, 125, 21, 69, 78, 0, 49, 1, 1, 41, 1, 0, 1, 1, 6, 4, 2, 0, 0, 1, 2, 0, 11, 1, 1, 0, 0, 2, 0, 0, 3, 0, 2, 0], [0, 1, 0, 0, 0, 0, 0, 0, 0, 0, 0, 0, 0, 0, 0, 0, 0, 0, 0, 2, 3, 0, 0, 0, 0, 0, 0, 0, 0, 0, 0, 0, 0, 0, 0, 0]]
H123-compact:
([1, 1, 1, 121, 14, 50, 71, 1, 48, 1, 1, 1, 23, 1, 6, 1, 2, 1, 8, 2, 2, 10, 1, 2, 1, 10, 3, 1, 1, 2, 21, 1, 4, 17, 3, 2, 2], ['h1', 'h3', 'h2', 'h2', 'h2', 'h2', 'h2', 'h1', 'h2', 'h2', 'h2', 'h2', 'h2', 'h1', 'h2', 'h2', 'h3', 'h2', 'h2', 'h2', 'h3', 'h1', 'h2', 'h2', 'h2', 'h2', 'h1', 'h2', 'h1', 'h2', 'h2', 'h1', 'h1', 'h2', 'h2', 'h1', 'h2'])
H123:
[[1, 0, 0, 0, 0, 0, 0, 1, 0, 0, 0, 0, 0, 1, 0, 0, 0, 0, 0, 0, 0, 10, 0, 0, 0, 0, 3, 0, 1, 0, 0, 1, 4, 0, 0, 2, 0], [0, 0, 1, 121, 14, 50, 71, 0, 48, 1, 1, 1, 23, 0, 6, 1, 0, 1, 8, 2, 0, 0, 1, 2, 1, 10, 0, 1, 0, 2, 21, 0, 0, 17, 3, 0, 2], [0, 1, 0, 0, 0, 0, 0, 0, 0, 0, 0, 0, 0, 0, 0, 0, 2, 0, 0, 0, 2, 0, 0, 0, 0, 0, 0, 0, 0, 0, 0, 0, 0, 0, 0, 0, 0]]
('10.6.56.13', 35524, '185.65.149.228', 443, True) h1
H123-compact:
([1, 1, 1, 113, 17, 64, 69, 1, 1, 52, 1, 1, 40, 1, 1, 7, 1, 2, 2, 3, 2, 1, 2, 1, 10, 3, 10, 1, 2, 1, 4, 2, 1, 3, 2], ['h1', 'h3', 'h2', 'h2', 'h2', 'h2', 'h2', 'h1', 'h2', 'h2', 'h2', 'h2', 'h2', 'h1', 'h2', 'h2', 'h2', 'h2', 'h2', 'h3', 'h3', 'h2', 'h2', 'h2', 'h1', 'h1', 'h2', 'h1', 'h2', 'h1', 'h1', 'h1', 'h2', 'h2', 'h2'])
H123:
[[1, 0, 0, 0, 0, 0, 0, 1, 0, 0, 0, 0, 0, 1, 0, 0, 0, 0, 0, 0, 0, 0, 0, 0, 10, 3, 0, 1, 0, 1, 4, 2, 0, 0, 0], [0, 0, 1, 113, 17, 64, 69, 0, 1, 52, 1, 1, 40, 0, 1, 7, 1, 2, 2, 0, 0, 1, 2, 1, 0, 0, 10, 0, 2, 0, 0, 0, 1, 3, 2], [0, 1, 0, 0, 0, 0, 0, 0, 0, 0, 0, 0, 0, 0, 0, 0, 0, 0, 0, 3, 2, 0, 0, 0, 0, 0, 0, 0, 0, 0, 0, 0, 0, 0, 0]]
H123-compact:
([1, 1, 1, 111, 22, 76, 69, 1, 36, 1, 1, 1, 42, 1, 6, 1, 1, 1, 6, 2, 2, 1, 2, 11, 3, 1, 1, 2, 1, 4, 4, 1, 3, 2, 2], ['h1', 'h3', 'h2', 'h2', 'h2', 'h2', 'h2', 'h1', 'h2', 'h2', 'h2', 'h2', 'h2', 'h1', 'h2', 'h2', 'h3', 'h2', 'h2', 'h2', 'h3', 'h2', 'h2', 'h2', 'h1', 'h2', 'h1', 'h2', 'h1', 'h1', 'h2', 'h2', 'h2', 'h1', 'h2'])
H123:
[[1, 0, 0, 0, 0, 0, 0, 1, 0, 0, 0, 0, 0, 1, 0, 0, 0, 0, 0, 0, 0, 0, 0, 0, 3, 0, 1, 0, 1, 4, 0, 0, 0, 2, 0], [0, 0, 1, 111, 22, 76, 69, 0, 36, 1, 1, 1, 42, 0, 6, 1, 0, 1, 6, 2, 0, 1, 2, 11, 0, 1, 0, 2, 0, 0, 4, 1, 3, 0, 2], [0, 1, 0, 0, 0, 0, 0, 0, 0, 0, 0, 0, 0, 0, 0, 0, 1, 0, 0, 0, 2, 0, 0, 0, 0, 0, 0, 0, 0, 0, 0, 0, 0, 0, 0]]
H123-compact:
([1, 1, 1, 122, 17, 65, 69, 1, 40, 1, 1, 1, 41, 1, 5, 1, 2, 7, 2, 1, 2, 1, 1, 1, 3, 10, 1, 1, 2, 2, 4, 1, 1, 2, 3, 2], ['h1', 'h3', 'h2', 'h2', 'h2', 'h2', 'h2', 'h1', 'h2', 'h2', 'h2', 'h2', 'h2', 'h1', 'h2', 'h2', 'h3', 'h2', 'h2', 'h2', 'h3', 'h2', 'h2', 'h2', 'h1', 'h2', 'h2', 'h1', 'h1', 'h1', 'h2', 'h1', 'h2', 'h1', 'h2', 'h2'])
H123:
[[1, 0, 0, 0, 0, 0, 0, 1, 0, 0, 0, 0, 0, 1, 0, 0, 0, 0, 0, 0, 0, 0, 0, 0, 3, 0, 0, 1, 2, 2, 0, 1, 0, 2, 0, 0], [0, 0, 1, 122, 17, 65, 69, 0, 40, 1, 1, 1, 41, 0, 5, 1, 0, 7, 2, 1, 0, 1, 1, 1, 0, 10, 1, 0, 0, 0, 4, 0, 1, 0, 3, 2], [0, 1, 0, 0, 0, 0, 0, 0, 0, 0, 0, 0, 0, 0, 0, 0, 2, 0, 0, 0, 2, 0, 0, 0, 0, 0, 0, 0, 0, 0, 0, 0, 0, 0, 0, 0]]
H123-compact:
([1, 1, 1, 126, 21, 63, 67, 1, 47, 1, 1, 1, 43, 1, 6, 1, 1, 1, 6, 2, 2, 10, 1, 2, 3, 11, 1, 1, 2, 1, 1, 4, 3, 2, 2], ['h1', 'h3', 'h2', 'h2', 'h2', 'h2', 'h2', 'h1', 'h2', 'h2', 'h2', 'h2', 'h2', 'h1', 'h2', 'h2', 'h3', 'h2', 'h2', 'h2', 'h3', 'h1', 'h2', 'h2', 'h1', 'h2', 'h2', 'h1', 'h2', 'h2', 'h1', 'h1', 'h2', 'h1', 'h2'])
H123:
[[1, 0, 0, 0, 0, 0, 0, 1, 0, 0, 0, 0, 0, 1, 0, 0, 0, 0, 0, 0, 0, 10, 0, 0, 3, 0, 0, 1, 0, 0, 1, 4, 0, 2, 0], [0, 0, 1, 126, 21, 63, 67, 0, 47, 1, 1, 1, 43, 0, 6, 1, 0, 1, 6, 2, 0, 0, 1, 2, 0, 11, 1, 0, 2, 1, 0, 0, 3, 0, 2], [0, 1, 0, 0, 0, 0, 0, 0, 0, 0, 0, 0, 0, 0, 0, 0, 1, 0, 0, 0, 2, 0, 0, 0, 0, 0, 0, 0, 0, 0, 0, 0, 0, 0, 0]]
H123-compact:
([1, 1, 1, 118, 17, 61, 67, 1, 44, 1, 1, 1, 1, 43, 1, 1, 5, 2, 1, 2, 2, 10, 1, 1, 11, 1, 3, 1, 1, 1, 1, 4, 3, 2, 2], ['h1', 'h3', 'h2', 'h2', 'h2', 'h2', 'h2', 'h1', 'h2', 'h2', 'h2', 'h2', 'h1', 'h2', 'h2', 'h2', 'h2', 'h2', 'h3', 'h2', 'h3', 'h1', 'h2', 'h2', 'h2', 'h2', 'h1', 'h2', 'h1', 'h2', 'h1', 'h1', 'h2', 'h1', 'h2'])
H123:
[[1, 0, 0, 0, 0, 0, 0, 1, 0, 0, 0, 0, 1, 0, 0, 0, 0, 0, 0, 0, 0, 10, 0, 0, 0, 0, 3, 0, 1, 0, 1, 4, 0, 2, 0], [0, 0, 1, 118, 17, 61, 67, 0, 44, 1, 1, 1, 0, 43, 1, 1, 5, 2, 0, 2, 0, 0, 1, 1, 11, 1, 0, 1, 0, 1, 0, 0, 3, 0, 2], [0, 1, 0, 0, 0, 0, 0, 0, 0, 0, 0, 0, 0, 0, 0, 0, 0, 0, 1, 0, 2, 0, 0, 0, 0, 0, 0, 0, 0, 0, 0, 0, 0, 0, 0]]
H123-compact:
([1, 1, 1, 115, 22, 62, 72, 1, 42, 1, 1, 1, 43, 1, 1, 1, 2, 2, 2, 10, 1, 2, 1, 3, 12, 1, 1, 2, 1, 3, 4, 2, 2, 1], ['h1', 'h3', 'h2', 'h2', 'h2', 'h2', 'h2', 'h1', 'h2', 'h2', 'h2', 'h2', 'h2', 'h1', 'h2', 'h2', 'h2', 'h2', 'h3', 'h1', 'h2', 'h2', 'h2', 'h1', 'h2', 'h2', 'h1', 'h2', 'h1', 'h2', 'h1', 'h1', 'h2', 'h1'])
H123:
[[1, 0, 0, 0, 0, 0, 0, 1, 0, 0, 0, 0, 0, 1, 0, 0, 0, 0, 0, 10, 0, 0, 0, 3, 0, 0, 1, 0, 1, 0, 4, 2, 0, 1], [0, 0, 1, 115, 22, 62, 72, 0, 42, 1, 1, 1, 43, 0, 1, 1, 2, 2, 0, 0, 1, 2, 1, 0, 12, 1, 0, 2, 0, 3, 0, 0, 2, 0], [0, 1, 0, 0, 0, 0, 0, 0, 0, 0, 0, 0, 0, 0, 0, 0, 0, 0, 2, 0, 0, 0, 0, 0, 0, 0, 0, 0, 0, 0, 0, 0, 0, 0]]
H123-compact:
([1, 1, 1, 123, 19, 70, 73, 1, 41, 1, 1, 1, 1, 42, 1, 7, 2, 2, 2, 1, 1, 1, 2, 10, 1, 3, 1, 2, 1, 4, 1, 4, 4, 2, 2], ['h1', 'h2', 'h3', 'h2', 'h2', 'h2', 'h2', 'h1', 'h2', 'h2', 'h2', 'h2', 'h1', 'h2', 'h2', 'h2', 'h3', 'h2', 'h2', 'h2', 'h3', 'h2', 'h2', 'h2', 'h2', 'h1', 'h1', 'h2', 'h1', 'h2', 'h2', 'h1', 'h2', 'h1', 'h2'])
H123:
[[1, 0, 0, 0, 0, 0, 0, 1, 0, 0, 0, 0, 1, 0, 0, 0, 0, 0, 0, 0, 0, 0, 0, 0, 0, 3, 1, 0, 1, 0, 0, 4, 0, 2, 0], [0, 1, 0, 123, 19, 70, 73, 0, 41, 1, 1, 1, 0, 42, 1, 7, 0, 2, 2, 1, 0, 1, 2, 10, 1, 0, 0, 2, 0, 4, 1, 0, 4, 0, 2], [0, 0, 1, 0, 0, 0, 0, 0, 0, 0, 0, 0, 0, 0, 0, 0, 2, 0, 0, 0, 1, 0, 0, 0, 0, 0, 0, 0, 0, 0, 0, 0, 0, 0, 0]]
H123-compact:
([1, 1, 1, 126, 21, 58, 74, 1, 47, 1, 1, 1, 39, 1, 1, 1, 6, 3, 2, 2, 2, 10, 1, 2, 1, 11, 3, 1, 1, 2, 1, 2, 3, 2, 1, 1, 2], ['h1', 'h3', 'h2', 'h2', 'h2', 'h2', 'h2', 'h1', 'h2', 'h2', 'h2', 'h2', 'h2', 'h1', 'h2', 'h2', 'h2', 'h3', 'h2', 'h2', 'h3', 'h1', 'h2', 'h2', 'h2', 'h2', 'h1', 'h2', 'h1', 'h2', 'h1', 'h1', 'h2', 'h1', 'h1', 'h1', 'h2'])
H123:
[[1, 0, 0, 0, 0, 0, 0, 1, 0, 0, 0, 0, 0, 1, 0, 0, 0, 0, 0, 0, 0, 10, 0, 0, 0, 0, 3, 0, 1, 0, 1, 2, 0, 2, 1, 1, 0], [0, 0, 1, 126, 21, 58, 74, 0, 47, 1, 1, 1, 39, 0, 1, 1, 6, 0, 2, 2, 0, 0, 1, 2, 1, 11, 0, 1, 0, 2, 0, 0, 3, 0, 0, 0, 2], [0, 1, 0, 0, 0, 0, 0, 0, 0, 0, 0, 0, 0, 0, 0, 0, 0, 3, 0, 0, 2, 0, 0, 0, 0, 0, 0, 0, 0, 0, 0, 0, 0, 0, 0, 0, 0]]
H123-compact:
([1, 1, 1, 125, 20, 69, 68, 1, 44, 1, 1, 1, 40, 1, 1, 6, 1, 1, 2, 2, 2, 1, 10, 2, 3, 1, 11, 1, 1, 2, 1, 4, 3, 2, 2], ['h1', 'h3', 'h2', 'h2', 'h2', 'h2', 'h2', 'h1', 'h2', 'h2', 'h2', 'h2', 'h2', 'h1', 'h2', 'h2', 'h3', 'h2', 'h2', 'h2', 'h3', 'h2', 'h1', 'h2', 'h1', 'h2', 'h2', 'h1', 'h2', 'h2', 'h1', 'h1', 'h2', 'h1', 'h2'])
H123:
[[1, 0, 0, 0, 0, 0, 0, 1, 0, 0, 0, 0, 0, 1, 0, 0, 0, 0, 0, 0, 0, 0, 10, 0, 3, 0, 0, 1, 0, 0, 1, 4, 0, 2, 0], [0, 0, 1, 125, 20, 69, 68, 0, 44, 1, 1, 1, 40, 0, 1, 6, 0, 1, 2, 2, 0, 1, 0, 2, 0, 1, 11, 0, 1, 2, 0, 0, 3, 0, 2], [0, 1, 0, 0, 0, 0, 0, 0, 0, 0, 0, 0, 0, 0, 0, 0, 1, 0, 0, 0, 2, 0, 0, 0, 0, 0, 0, 0, 0, 0, 0, 0, 0, 0, 0]]

