H123-compact:
([1, 1, 1, 13, 1, 1, 1, 2, 4, 1, 6], ['h1', 'h3', 'h1', 'h2', 'h2', 'h2', 'h1', 'h2', 'h2', 'h2', 'h2'])
H123:
[[1, 0, 1, 0, 0, 0, 1, 0, 0, 0, 0], [0, 0, 0, 13, 1, 1, 0, 2, 4, 1, 6], [0, 1, 0, 0, 0, 0, 0, 0, 0, 0, 0]]
H123-compact:
([1, 1, 1, 13, 1, 1, 1, 2, 1, 4, 6], ['h1', 'h3', 'h1', 'h2', 'h2', 'h2', 'h1', 'h2', 'h2', 'h2', 'h2'])
H123:
[[1, 0, 1, 0, 0, 0, 1, 0, 0, 0, 0], [0, 0, 0, 13, 1, 1, 0, 2, 1, 4, 6], [0, 1, 0, 0, 0, 0, 0, 0, 0, 0, 0]]
H123-compact:
([1, 1, 1, 12, 1, 1, 1, 2, 4, 1, 6], ['h1', 'h3', 'h1', 'h2', 'h2', 'h2', 'h1', 'h2', 'h2', 'h2', 'h2'])
H123:
[[1, 0, 1, 0, 0, 0, 1, 0, 0, 0, 0], [0, 0, 0, 12, 1, 1, 0, 2, 4, 1, 6], [0, 1, 0, 0, 0, 0, 0, 0, 0, 0, 0]]
H123-compact:
([1, 1, 1, 13, 1, 1, 1, 2, 1, 4, 6], ['h1', 'h3', 'h1', 'h2', 'h2', 'h2', 'h1', 'h2', 'h2', 'h2', 'h2'])
H123:
[[1, 0, 1, 0, 0, 0, 1, 0, 0, 0, 0], [0, 0, 0, 13, 1, 1, 0, 2, 1, 4, 6], [0, 1, 0, 0, 0, 0, 0, 0, 0, 0, 0]]
H123-compact:
([1, 1, 1, 13, 1, 1, 1, 2, 4, 1, 6], ['h1', 'h3', 'h1', 'h2', 'h2', 'h2', 'h1', 'h2', 'h2', 'h2', 'h2'])
H123:
[[1, 0, 1, 0, 0, 0, 1, 0, 0, 0, 0], [0, 0, 0, 13, 1, 1, 0, 2, 4, 1, 6], [0, 1, 0, 0, 0, 0, 0, 0, 0, 0, 0]]
H123-compact:
([1, 1, 1, 13, 1, 1, 1, 2, 1, 4, 6], ['h1', 'h3', 'h1', 'h2', 'h2', 'h2', 'h1', 'h2', 'h2', 'h2', 'h2'])
H123:
[[1, 0, 1, 0, 0, 0, 1, 0, 0, 0, 0], [0, 0, 0, 13, 1, 1, 0, 2, 1, 4, 6], [0, 1, 0, 0, 0, 0, 0, 0, 0, 0, 0]]
H123-compact:
([1, 1, 1, 13, 1, 1, 1, 2, 4, 1, 6, 1], ['h1', 'h3', 'h1', 'h2', 'h2', 'h2', 'h1', 'h2', 'h2', 'h2', 'h2', 'h1'])
H123:
[[1, 0, 1, 0, 0, 0, 1, 0, 0, 0, 0, 1], [0, 0, 0, 13, 1, 1, 0, 2, 4, 1, 6, 0], [0, 1, 0, 0, 0, 0, 0, 0, 0, 0, 0, 0]]
H123-compact:
([1, 1, 1, 13, 1, 1, 1, 2, 4, 1, 6], ['h1', 'h3', 'h1', 'h2', 'h2', 'h2', 'h1', 'h2', 'h2', 'h2', 'h2'])
H123:
[[1, 0, 1, 0, 0, 0, 1, 0, 0, 0, 0], [0, 0, 0, 13, 1, 1, 0, 2, 4, 1, 6], [0, 1, 0, 0, 0, 0, 0, 0, 0, 0, 0]]
H123-compact:
([1, 1, 1, 13, 1, 1, 1, 2, 4, 1, 6], ['h1', 'h3', 'h1', 'h2', 'h2', 'h2', 'h1', 'h2', 'h2', 'h2', 'h2'])
H123:
[[1, 0, 1, 0, 0, 0, 1, 0, 0, 0, 0], [0, 0, 0, 13, 1, 1, 0, 2, 4, 1, 6], [0, 1, 0, 0, 0, 0, 0, 0, 0, 0, 0]]
H123-compact:
([1, 1, 1, 13, 1, 1, 1, 2, 4, 1, 6], ['h1', 'h3', 'h1', 'h2', 'h2', 'h2', 'h1', 'h2', 'h2', 'h2', 'h2'])
H123:
[[1, 0, 1, 0, 0, 0, 1, 0, 0, 0, 0], [0, 0, 0, 13, 1, 1, 0, 2, 4, 1, 6], [0, 1, 0, 0, 0, 0, 0, 0, 0, 0, 0]]
H123-compact:
([1, 1, 1, 13, 1, 1, 1, 2, 1, 4, 6], ['h1', 'h3', 'h1', 'h2', 'h2', 'h2', 'h1', 'h2', 'h2', 'h2', 'h2'])
H123:
[[1, 0, 1, 0, 0, 0, 1, 0, 0, 0, 0], [0, 0, 0, 13, 1, 1, 0, 2, 1, 4, 6], [0, 1, 0, 0, 0, 0, 0, 0, 0, 0, 0]]
H123-compact:
([1, 1, 1, 13, 1, 1, 1, 2, 1, 4, 6], ['h1', 'h3', 'h1', 'h2', 'h2', 'h2', 'h1', 'h2', 'h2', 'h2', 'h2'])
H123:
[[1, 0, 1, 0, 0, 0, 1, 0, 0, 0, 0], [0, 0, 0, 13, 1, 1, 0, 2, 1, 4, 6], [0, 1, 0, 0, 0, 0, 0, 0, 0, 0, 0]]
H123-compact:
([1, 1, 1, 13, 1, 1, 1, 2, 4, 1, 6], ['h1', 'h3', 'h1', 'h2', 'h2', 'h1', 'h2', 'h2', 'h2', 'h2', 'h2'])
H123:
[[1, 0, 1, 0, 0, 1, 0, 0, 0, 0, 0], [0, 0, 0, 13, 1, 0, 1, 2, 4, 1, 6], [0, 1, 0, 0, 0, 0, 0, 0, 0, 0, 0]]
H123-compact:
([1, 1, 1, 13, 1, 1, 1, 2, 1, 4, 6], ['h1', 'h3', 'h1', 'h2', 'h2', 'h2', 'h1', 'h2', 'h2', 'h2', 'h2'])
H123:
[[1, 0, 1, 0, 0, 0, 1, 0, 0, 0, 0], [0, 0, 0, 13, 1, 1, 0, 2, 1, 4, 6], [0, 1, 0, 0, 0, 0, 0, 0, 0, 0, 0]]
H123-compact:
([1, 1, 1, 13, 1, 1, 1, 2, 1, 4, 6], ['h1', 'h3', 'h1', 'h2', 'h2', 'h2', 'h1', 'h2', 'h2', 'h2', 'h2'])
H123:
[[1, 0, 1, 0, 0, 0, 1, 0, 0, 0, 0], [0, 0, 0, 13, 1, 1, 0, 2, 1, 4, 6], [0, 1, 0, 0, 0, 0, 0, 0, 0, 0, 0]]
H123-compact:
([1, 1, 1, 13, 1, 1, 1, 2, 1, 4, 6], ['h1', 'h3', 'h1', 'h2', 'h2', 'h2', 'h1', 'h2', 'h2', 'h2', 'h2'])
H123:
[[1, 0, 1, 0, 0, 0, 1, 0, 0, 0, 0], [0, 0, 0, 13, 1, 1, 0, 2, 1, 4, 6], [0, 1, 0, 0, 0, 0, 0, 0, 0, 0, 0]]
H123-compact:
([1, 1, 1, 13, 1, 1, 1, 2, 4, 1, 6], ['h1', 'h3', 'h1', 'h2', 'h2', 'h2', 'h1', 'h2', 'h2', 'h2', 'h2'])
H123:
[[1, 0, 1, 0, 0, 0, 1, 0, 0, 0, 0], [0, 0, 0, 13, 1, 1, 0, 2, 4, 1, 6], [0, 1, 0, 0, 0, 0, 0, 0, 0, 0, 0]]
H123-compact:
([1, 1, 1, 13, 1, 1, 1, 2, 4, 1, 6], ['h1', 'h3', 'h1', 'h2', 'h2', 'h2', 'h1', 'h2', 'h2', 'h2', 'h2'])
H123:
[[1, 0, 1, 0, 0, 0, 1, 0, 0, 0, 0], [0, 0, 0, 13, 1, 1, 0, 2, 4, 1, 6], [0, 1, 0, 0, 0, 0, 0, 0, 0, 0, 0]]
H123-compact:
([1, 1, 1, 12, 1, 1, 1, 2, 1, 4, 6], ['h1', 'h3', 'h1', 'h2', 'h2', 'h2', 'h1', 'h2', 'h2', 'h2', 'h2'])
H123:
[[1, 0, 1, 0, 0, 0, 1, 0, 0, 0, 0], [0, 0, 0, 12, 1, 1, 0, 2, 1, 4, 6], [0, 1, 0, 0, 0, 0, 0, 0, 0, 0, 0]]
H123-compact:
([1, 1, 1, 13, 1, 1, 1, 2, 1, 4, 6], ['h1', 'h3', 'h1', 'h2', 'h2', 'h2', 'h1', 'h2', 'h2', 'h2', 'h2'])
H123:
[[1, 0, 1, 0, 0, 0, 1, 0, 0, 0, 0], [0, 0, 0, 13, 1, 1, 0, 2, 1, 4, 6], [0, 1, 0, 0, 0, 0, 0, 0, 0, 0, 0]]

