H123-compact:
([1, 1, 5, 19, 7, 1, 3, 3, 1, 2, 3, 2, 1, 2, 2, 1, 4, 1, 1, 1, 2, 1, 1, 6], ['h1', 'h3', 'h2', 'h3', 'h2', 'h2', 'h2', 'h2', 'h2', 'h3', 'h3', 'h2', 'h2', 'h2', 'h3', 'h2', 'h2', 'h2', 'h1', 'h2', 'h3', 'h2', 'h2', 'h2'])
H123:
[[1, 0, 0, 0, 0, 0, 0, 0, 0, 0, 0, 0, 0, 0, 0, 0, 0, 0, 1, 0, 0, 0, 0, 0], [0, 0, 5, 0, 7, 1, 3, 3, 1, 0, 0, 2, 1, 2, 0, 1, 4, 1, 0, 1, 0, 1, 1, 6], [0, 1, 0, 19, 0, 0, 0, 0, 0, 2, 3, 0, 0, 0, 2, 0, 0, 0, 0, 0, 2, 0, 0, 0]]
H123-compact:
([1, 1, 2, 22, 7, 1, 3, 3, 2, 2, 2, 3, 1, 2, 2, 1, 1, 4, 1, 1, 1, 2, 1, 2, 7, 2], ['h1', 'h3', 'h2', 'h3', 'h2', 'h2', 'h2', 'h2', 'h2', 'h2', 'h3', 'h3', 'h2', 'h3', 'h2', 'h2', 'h2', 'h2', 'h1', 'h2', 'h3', 'h3', 'h2', 'h2', 'h2', 'h2'])
H123:
[[1, 0, 0, 0, 0, 0, 0, 0, 0, 0, 0, 0, 0, 0, 0, 0, 0, 0, 1, 0, 0, 0, 0, 0, 0, 0], [0, 0, 2, 0, 7, 1, 3, 3, 2, 2, 0, 0, 1, 0, 2, 1, 1, 4, 0, 1, 0, 0, 1, 2, 7, 2], [0, 1, 0, 22, 0, 0, 0, 0, 0, 0, 2, 3, 0, 2, 0, 0, 0, 0, 0, 0, 1, 2, 0, 0, 0, 0]]
H123-compact:
([1, 1, 2, 22, 7, 1, 5, 3, 1, 2, 2, 2, 1, 2, 2, 1, 4, 1, 1, 1, 1, 2, 1, 6], ['h1', 'h3', 'h2', 'h3', 'h2', 'h2', 'h2', 'h2', 'h2', 'h2', 'h3', 'h3', 'h2', 'h3', 'h2', 'h2', 'h2', 'h2', 'h1', 'h2', 'h3', 'h3', 'h2', 'h2'])
H123:
[[1, 0, 0, 0, 0, 0, 0, 0, 0, 0, 0, 0, 0, 0, 0, 0, 0, 0, 1, 0, 0, 0, 0, 0], [0, 0, 2, 0, 7, 1, 5, 3, 1, 2, 0, 0, 1, 0, 2, 1, 4, 1, 0, 1, 0, 0, 1, 6], [0, 1, 0, 22, 0, 0, 0, 0, 0, 0, 2, 2, 0, 2, 0, 0, 0, 0, 0, 0, 1, 2, 0, 0]]
H123-compact:
([1, 1, 4, 20, 8, 1, 3, 3, 2, 2, 1, 3, 1, 2, 2, 1, 4, 1, 1, 1, 1, 2, 1, 6], ['h1', 'h3', 'h2', 'h3', 'h2', 'h2', 'h2', 'h2', 'h2', 'h2', 'h3', 'h3', 'h2', 'h3', 'h2', 'h2', 'h2', 'h2', 'h1', 'h2', 'h3', 'h3', 'h2', 'h2'])
H123:
[[1, 0, 0, 0, 0, 0, 0, 0, 0, 0, 0, 0, 0, 0, 0, 0, 0, 0, 1, 0, 0, 0, 0, 0], [0, 0, 4, 0, 8, 1, 3, 3, 2, 2, 0, 0, 1, 0, 2, 1, 4, 1, 0, 1, 0, 0, 1, 6], [0, 1, 0, 20, 0, 0, 0, 0, 0, 0, 1, 3, 0, 2, 0, 0, 0, 0, 0, 0, 1, 2, 0, 0]]
H123-compact:
([1, 1, 4, 20, 7, 1, 3, 4, 1, 2, 2, 3, 1, 2, 1, 4, 1, 3, 1, 1, 1, 2, 1, 6], ['h1', 'h3', 'h2', 'h3', 'h2', 'h2', 'h2', 'h2', 'h2', 'h2', 'h3', 'h3', 'h2', 'h2', 'h2', 'h2', 'h2', 'h3', 'h1', 'h2', 'h3', 'h3', 'h2', 'h2'])
H123:
[[1, 0, 0, 0, 0, 0, 0, 0, 0, 0, 0, 0, 0, 0, 0, 0, 0, 0, 1, 0, 0, 0, 0, 0], [0, 0, 4, 0, 7, 1, 3, 4, 1, 2, 0, 0, 1, 2, 1, 4, 1, 0, 0, 1, 0, 0, 1, 6], [0, 1, 0, 20, 0, 0, 0, 0, 0, 0, 2, 3, 0, 0, 0, 0, 0, 3, 0, 0, 1, 2, 0, 0]]
H123-compact:
([1, 1, 4, 20, 1, 7, 3, 3, 1, 2, 2, 3, 1, 2, 1, 1, 2, 4, 1, 1, 1, 2, 1, 6], ['h1', 'h3', 'h2', 'h3', 'h2', 'h2', 'h2', 'h2', 'h2', 'h2', 'h3', 'h3', 'h2', 'h3', 'h2', 'h2', 'h2', 'h2', 'h1', 'h2', 'h3', 'h3', 'h2', 'h2'])
H123:
[[1, 0, 0, 0, 0, 0, 0, 0, 0, 0, 0, 0, 0, 0, 0, 0, 0, 0, 1, 0, 0, 0, 0, 0], [0, 0, 4, 0, 1, 7, 3, 3, 1, 2, 0, 0, 1, 0, 1, 1, 2, 4, 0, 1, 0, 0, 1, 6], [0, 1, 0, 20, 0, 0, 0, 0, 0, 0, 2, 3, 0, 2, 0, 0, 0, 0, 0, 0, 1, 2, 0, 0]]
H123-compact:
([1, 1, 2, 22, 7, 1, 3, 3, 1, 2, 2, 3, 1, 3, 2, 1, 4, 1, 1, 1, 1, 2, 1, 6], ['h1', 'h3', 'h2', 'h3', 'h2', 'h2', 'h2', 'h2', 'h2', 'h2', 'h3', 'h3', 'h2', 'h3', 'h2', 'h2', 'h2', 'h2', 'h1', 'h2', 'h3', 'h3', 'h2', 'h2'])
H123:
[[1, 0, 0, 0, 0, 0, 0, 0, 0, 0, 0, 0, 0, 0, 0, 0, 0, 0, 1, 0, 0, 0, 0, 0], [0, 0, 2, 0, 7, 1, 3, 3, 1, 2, 0, 0, 1, 0, 2, 1, 4, 1, 0, 1, 0, 0, 1, 6], [0, 1, 0, 22, 0, 0, 0, 0, 0, 0, 2, 3, 0, 3, 0, 0, 0, 0, 0, 0, 1, 2, 0, 0]]
H123-compact:
([1, 1, 2, 22, 9, 1, 4, 3, 2, 2, 3, 1, 2, 2, 1, 4, 1, 1, 1, 6, 1, 2, 1], ['h1', 'h3', 'h2', 'h3', 'h2', 'h2', 'h2', 'h2', 'h2', 'h2', 'h3', 'h2', 'h3', 'h2', 'h2', 'h2', 'h2', 'h1', 'h2', 'h2', 'h3', 'h3', 'h2'])
H123:
[[1, 0, 0, 0, 0, 0, 0, 0, 0, 0, 0, 0, 0, 0, 0, 0, 0, 1, 0, 0, 0, 0, 0], [0, 0, 2, 0, 9, 1, 4, 3, 2, 2, 0, 1, 0, 2, 1, 4, 1, 0, 1, 6, 0, 0, 1], [0, 1, 0, 22, 0, 0, 0, 0, 0, 0, 3, 0, 2, 0, 0, 0, 0, 0, 0, 0, 1, 2, 0]]
H123-compact:
([1, 1, 4, 20, 7, 1, 3, 3, 1, 2, 2, 2, 1, 2, 2, 1, 4, 1, 1, 1, 1, 2, 6, 1], ['h1', 'h3', 'h2', 'h3', 'h2', 'h2', 'h2', 'h2', 'h2', 'h2', 'h3', 'h3', 'h2', 'h3', 'h2', 'h2', 'h2', 'h2', 'h1', 'h2', 'h3', 'h3', 'h2', 'h2'])
H123:
[[1, 0, 0, 0, 0, 0, 0, 0, 0, 0, 0, 0, 0, 0, 0, 0, 0, 0, 1, 0, 0, 0, 0, 0], [0, 0, 4, 0, 7, 1, 3, 3, 1, 2, 0, 0, 1, 0, 2, 1, 4, 1, 0, 1, 0, 0, 6, 1], [0, 1, 0, 20, 0, 0, 0, 0, 0, 0, 2, 2, 0, 2, 0, 0, 0, 0, 0, 0, 1, 2, 0, 0]]
H123-compact:
([1, 1, 4, 20, 7, 1, 3, 3, 1, 2, 2, 3, 1, 2, 4, 1, 1, 2, 1, 1, 1, 2, 1, 6], ['h1', 'h3', 'h2', 'h3', 'h2', 'h2', 'h2', 'h2', 'h2', 'h2', 'h3', 'h3', 'h2', 'h2', 'h2', 'h2', 'h2', 'h3', 'h1', 'h2', 'h3', 'h3', 'h2', 'h2'])
H123:
[[1, 0, 0, 0, 0, 0, 0, 0, 0, 0, 0, 0, 0, 0, 0, 0, 0, 0, 1, 0, 0, 0, 0, 0], [0, 0, 4, 0, 7, 1, 3, 3, 1, 2, 0, 0, 1, 2, 4, 1, 1, 0, 0, 1, 0, 0, 1, 6], [0, 1, 0, 20, 0, 0, 0, 0, 0, 0, 2, 3, 0, 0, 0, 0, 0, 2, 0, 0, 1, 2, 0, 0]]
H123-compact:
([1, 1, 2, 22, 9, 1, 1, 3, 4, 2, 3, 1, 2, 2, 1, 4, 1, 1, 1, 1, 2, 1, 6], ['h1', 'h3', 'h2', 'h3', 'h2', 'h2', 'h2', 'h2', 'h2', 'h2', 'h3', 'h2', 'h3', 'h2', 'h2', 'h2', 'h2', 'h1', 'h2', 'h3', 'h3', 'h2', 'h2'])
H123:
[[1, 0, 0, 0, 0, 0, 0, 0, 0, 0, 0, 0, 0, 0, 0, 0, 0, 1, 0, 0, 0, 0, 0], [0, 0, 2, 0, 9, 1, 1, 3, 4, 2, 0, 1, 0, 2, 1, 4, 1, 0, 1, 0, 0, 1, 6], [0, 1, 0, 22, 0, 0, 0, 0, 0, 0, 3, 0, 2, 0, 0, 0, 0, 0, 0, 1, 2, 0, 0]]
H123-compact:
([1, 1, 2, 22, 7, 1, 3, 3, 1, 2, 2, 2, 1, 2, 2, 1, 1, 4, 1, 1, 1, 2, 1, 6, 1], ['h1', 'h3', 'h2', 'h3', 'h2', 'h2', 'h2', 'h2', 'h2', 'h2', 'h3', 'h3', 'h2', 'h3', 'h2', 'h2', 'h2', 'h2', 'h1', 'h2', 'h3', 'h3', 'h2', 'h2', 'h1'])
H123:
[[1, 0, 0, 0, 0, 0, 0, 0, 0, 0, 0, 0, 0, 0, 0, 0, 0, 0, 1, 0, 0, 0, 0, 0, 1], [0, 0, 2, 0, 7, 1, 3, 3, 1, 2, 0, 0, 1, 0, 2, 1, 1, 4, 0, 1, 0, 0, 1, 6, 0], [0, 1, 0, 22, 0, 0, 0, 0, 0, 0, 2, 2, 0, 2, 0, 0, 0, 0, 0, 0, 1, 2, 0, 0, 0]]
H123-compact:
([1, 1, 2, 22, 7, 1, 3, 3, 2, 2, 2, 2, 1, 2, 2, 1, 1, 4, 1, 1, 2, 1, 6, 1, 2, 2], ['h1', 'h3', 'h2', 'h3', 'h2', 'h2', 'h2', 'h2', 'h2', 'h3', 'h3', 'h2', 'h2', 'h2', 'h3', 'h2', 'h2', 'h2', 'h1', 'h2', 'h3', 'h3', 'h2', 'h2', 'h2', 'h2'])
H123:
[[1, 0, 0, 0, 0, 0, 0, 0, 0, 0, 0, 0, 0, 0, 0, 0, 0, 0, 1, 0, 0, 0, 0, 0, 0, 0], [0, 0, 2, 0, 7, 1, 3, 3, 2, 0, 0, 2, 1, 2, 0, 1, 1, 4, 0, 1, 0, 0, 6, 1, 2, 2], [0, 1, 0, 22, 0, 0, 0, 0, 0, 2, 2, 0, 0, 0, 2, 0, 0, 0, 0, 0, 2, 1, 0, 0, 0, 0]]
H123-compact:
([1, 1, 2, 22, 7, 1, 3, 3, 1, 2, 2, 3, 1, 2, 1, 4, 1, 2, 1, 1, 1, 2, 6, 1], ['h1', 'h3', 'h2', 'h3', 'h2', 'h2', 'h2', 'h2', 'h2', 'h2', 'h3', 'h3', 'h2', 'h2', 'h2', 'h2', 'h2', 'h3', 'h1', 'h2', 'h3', 'h3', 'h2', 'h2'])
H123:
[[1, 0, 0, 0, 0, 0, 0, 0, 0, 0, 0, 0, 0, 0, 0, 0, 0, 0, 1, 0, 0, 0, 0, 0], [0, 0, 2, 0, 7, 1, 3, 3, 1, 2, 0, 0, 1, 2, 1, 4, 1, 0, 0, 1, 0, 0, 6, 1], [0, 1, 0, 22, 0, 0, 0, 0, 0, 0, 2, 3, 0, 0, 0, 0, 0, 2, 0, 0, 1, 2, 0, 0]]
H123-compact:
([1, 1, 2, 22, 7, 1, 3, 3, 1, 2, 2, 3, 1, 2, 2, 1, 1, 4, 1, 1, 1, 2, 6, 1], ['h1', 'h3', 'h2', 'h3', 'h2', 'h2', 'h2', 'h2', 'h2', 'h2', 'h3', 'h3', 'h2', 'h3', 'h2', 'h2', 'h2', 'h2', 'h1', 'h2', 'h3', 'h3', 'h2', 'h2'])
H123:
[[1, 0, 0, 0, 0, 0, 0, 0, 0, 0, 0, 0, 0, 0, 0, 0, 0, 0, 1, 0, 0, 0, 0, 0], [0, 0, 2, 0, 7, 1, 3, 3, 1, 2, 0, 0, 1, 0, 2, 1, 1, 4, 0, 1, 0, 0, 6, 1], [0, 1, 0, 22, 0, 0, 0, 0, 0, 0, 2, 3, 0, 2, 0, 0, 0, 0, 0, 0, 1, 2, 0, 0]]
H123-compact:
([1, 1, 2, 22, 9, 1, 4, 4, 2, 3, 2, 1, 2, 2, 4, 1, 1, 1, 1, 1, 2, 1, 6], ['h1', 'h3', 'h2', 'h3', 'h2', 'h2', 'h2', 'h2', 'h2', 'h3', 'h2', 'h2', 'h3', 'h2', 'h2', 'h2', 'h2', 'h1', 'h2', 'h3', 'h3', 'h2', 'h2'])
H123:
[[1, 0, 0, 0, 0, 0, 0, 0, 0, 0, 0, 0, 0, 0, 0, 0, 0, 1, 0, 0, 0, 0, 0], [0, 0, 2, 0, 9, 1, 4, 4, 2, 0, 2, 1, 0, 2, 4, 1, 1, 0, 1, 0, 0, 1, 6], [0, 1, 0, 22, 0, 0, 0, 0, 0, 3, 0, 0, 2, 0, 0, 0, 0, 0, 0, 1, 2, 0, 0]]
H123-compact:
([1, 1, 2, 21, 7, 1, 3, 3, 1, 2, 3, 2, 1, 1, 2, 4, 2, 1, 1, 1, 2, 1, 1, 6], ['h1', 'h3', 'h2', 'h3', 'h2', 'h2', 'h2', 'h2', 'h2', 'h3', 'h3', 'h2', 'h2', 'h2', 'h3', 'h2', 'h2', 'h2', 'h1', 'h2', 'h3', 'h3', 'h2', 'h2'])
H123:
[[1, 0, 0, 0, 0, 0, 0, 0, 0, 0, 0, 0, 0, 0, 0, 0, 0, 0, 1, 0, 0, 0, 0, 0], [0, 0, 2, 0, 7, 1, 3, 3, 1, 0, 0, 2, 1, 1, 0, 4, 2, 1, 0, 1, 0, 0, 1, 6], [0, 1, 0, 21, 0, 0, 0, 0, 0, 2, 3, 0, 0, 0, 2, 0, 0, 0, 0, 0, 2, 1, 0, 0]]
H123-compact:
([1, 1, 2, 22, 7, 1, 3, 1, 3, 2, 2, 3, 1, 2, 2, 1, 4, 1, 1, 1, 2, 1, 1, 6], ['h1', 'h3', 'h2', 'h3', 'h2', 'h2', 'h2', 'h2', 'h2', 'h3', 'h2', 'h3', 'h2', 'h2', 'h3', 'h2', 'h2', 'h2', 'h1', 'h2', 'h3', 'h3', 'h2', 'h2'])
H123:
[[1, 0, 0, 0, 0, 0, 0, 0, 0, 0, 0, 0, 0, 0, 0, 0, 0, 0, 1, 0, 0, 0, 0, 0], [0, 0, 2, 0, 7, 1, 3, 1, 3, 0, 2, 0, 1, 2, 0, 1, 4, 1, 0, 1, 0, 0, 1, 6], [0, 1, 0, 22, 0, 0, 0, 0, 0, 2, 0, 3, 0, 0, 2, 0, 0, 0, 0, 0, 2, 1, 0, 0]]
H123-compact:
([1, 1, 4, 20, 7, 1, 3, 3, 1, 2, 2, 3, 1, 2, 2, 1, 4, 1, 1, 1, 1, 2, 1, 6], ['h1', 'h3', 'h2', 'h3', 'h2', 'h2', 'h2', 'h2', 'h2', 'h2', 'h3', 'h3', 'h2', 'h3', 'h2', 'h2', 'h2', 'h2', 'h1', 'h2', 'h3', 'h3', 'h2', 'h2'])
H123:
[[1, 0, 0, 0, 0, 0, 0, 0, 0, 0, 0, 0, 0, 0, 0, 0, 0, 0, 1, 0, 0, 0, 0, 0], [0, 0, 4, 0, 7, 1, 3, 3, 1, 2, 0, 0, 1, 0, 2, 1, 4, 1, 0, 1, 0, 0, 1, 6], [0, 1, 0, 20, 0, 0, 0, 0, 0, 0, 2, 3, 0, 2, 0, 0, 0, 0, 0, 0, 1, 2, 0, 0]]
H123-compact:
([1, 1, 4, 19, 7, 1, 3, 4, 1, 2, 3, 1, 2, 2, 2, 1, 1, 4, 1, 1, 1, 2, 1, 6], ['h1', 'h3', 'h2', 'h3', 'h2', 'h2', 'h2', 'h2', 'h2', 'h3', 'h3', 'h2', 'h2', 'h3', 'h2', 'h2', 'h2', 'h2', 'h1', 'h2', 'h3', 'h3', 'h2', 'h2'])
H123:
[[1, 0, 0, 0, 0, 0, 0, 0, 0, 0, 0, 0, 0, 0, 0, 0, 0, 0, 1, 0, 0, 0, 0, 0], [0, 0, 4, 0, 7, 1, 3, 4, 1, 0, 0, 1, 2, 0, 2, 1, 1, 4, 0, 1, 0, 0, 1, 6], [0, 1, 0, 19, 0, 0, 0, 0, 0, 2, 3, 0, 0, 2, 0, 0, 0, 0, 0, 0, 1, 2, 0, 0]]

