H123-compact:
([1, 1, 3, 8, 1, 1, 43, 6, 1], ['h1', 'h3', 'h2', 'h3', 'h2', 'h3', 'h3', 'h2', 'h1'])
H123:
[[1, 0, 0, 0, 0, 0, 0, 0, 1], [0, 0, 3, 0, 1, 0, 0, 6, 0], [0, 1, 0, 8, 0, 1, 43, 0, 0]]
H123-compact:
([1, 1, 3, 9, 1, 1, 44, 6], ['h1', 'h3', 'h2', 'h3', 'h2', 'h3', 'h3', 'h2'])
H123:
[[1, 0, 0, 0, 0, 0, 0, 0], [0, 0, 3, 0, 1, 0, 0, 6], [0, 1, 0, 9, 0, 1, 44, 0]]
H123-compact:
([1, 1, 2, 8, 1, 1, 44, 6], ['h1', 'h3', 'h2', 'h3', 'h2', 'h3', 'h3', 'h2'])
H123:
[[1, 0, 0, 0, 0, 0, 0, 0], [0, 0, 2, 0, 1, 0, 0, 6], [0, 1, 0, 8, 0, 1, 44, 0]]
H123-compact:
([1, 1, 2, 8, 1, 1, 43, 6], ['h1', 'h3', 'h2', 'h3', 'h2', 'h3', 'h3', 'h2'])
H123:
[[1, 0, 0, 0, 0, 0, 0, 0], [0, 0, 2, 0, 1, 0, 0, 6], [0, 1, 0, 8, 0, 1, 43, 0]]
H123-compact:
([1, 1, 2, 8, 1, 1, 44, 6], ['h1', 'h3', 'h2', 'h3', 'h2', 'h3', 'h3', 'h2'])
H123:
[[1, 0, 0, 0, 0, 0, 0, 0], [0, 0, 2, 0, 1, 0, 0, 6], [0, 1, 0, 8, 0, 1, 44, 0]]
H123-compact:
([1, 1, 3, 8, 1, 1, 44, 6], ['h1', 'h3', 'h2', 'h3', 'h2', 'h3', 'h3', 'h2'])
H123:
[[1, 0, 0, 0, 0, 0, 0, 0], [0, 0, 3, 0, 1, 0, 0, 6], [0, 1, 0, 8, 0, 1, 44, 0]]
H123-compact:
([1, 1, 3, 8, 1, 1, 43, 5], ['h1', 'h3', 'h2', 'h3', 'h2', 'h3', 'h3', 'h2'])
H123:
[[1, 0, 0, 0, 0, 0, 0, 0], [0, 0, 3, 0, 1, 0, 0, 5], [0, 1, 0, 8, 0, 1, 43, 0]]
H123-compact:
([1, 1, 3, 8, 1, 1, 44, 6], ['h1', 'h3', 'h2', 'h3', 'h2', 'h3', 'h3', 'h2'])
H123:
[[1, 0, 0, 0, 0, 0, 0, 0], [0, 0, 3, 0, 1, 0, 0, 6], [0, 1, 0, 8, 0, 1, 44, 0]]
H123-compact:
([1, 1, 2, 8, 1, 1, 44, 6], ['h1', 'h3', 'h2', 'h3', 'h2', 'h3', 'h3', 'h2'])
H123:
[[1, 0, 0, 0, 0, 0, 0, 0], [0, 0, 2, 0, 1, 0, 0, 6], [0, 1, 0, 8, 0, 1, 44, 0]]
H123-compact:
([1, 1, 2, 8, 1, 1, 45, 6], ['h1', 'h3', 'h2', 'h3', 'h2', 'h3', 'h3', 'h2'])
H123:
[[1, 0, 0, 0, 0, 0, 0, 0], [0, 0, 2, 0, 1, 0, 0, 6], [0, 1, 0, 8, 0, 1, 45, 0]]
H123-compact:
([1, 1, 2, 8, 1, 1, 43, 6], ['h1', 'h3', 'h2', 'h3', 'h2', 'h3', 'h3', 'h2'])
H123:
[[1, 0, 0, 0, 0, 0, 0, 0], [0, 0, 2, 0, 1, 0, 0, 6], [0, 1, 0, 8, 0, 1, 43, 0]]
H123-compact:
([1, 1, 3, 8, 1, 1, 44, 5], ['h1', 'h3', 'h2', 'h3', 'h2', 'h3', 'h3', 'h2'])
H123:
[[1, 0, 0, 0, 0, 0, 0, 0], [0, 0, 3, 0, 1, 0, 0, 5], [0, 1, 0, 8, 0, 1, 44, 0]]
H123-compact:
([1, 1, 3, 8, 1, 1, 44, 5], ['h1', 'h3', 'h2', 'h3', 'h2', 'h3', 'h3', 'h2'])
H123:
[[1, 0, 0, 0, 0, 0, 0, 0], [0, 0, 3, 0, 1, 0, 0, 5], [0, 1, 0, 8, 0, 1, 44, 0]]
H123-compact:
([1, 1, 2, 8, 1, 1, 44, 6], ['h1', 'h3', 'h2', 'h3', 'h2', 'h3', 'h3', 'h2'])
H123:
[[1, 0, 0, 0, 0, 0, 0, 0], [0, 0, 2, 0, 1, 0, 0, 6], [0, 1, 0, 8, 0, 1, 44, 0]]
H123-compact:
([1, 1, 3, 8, 1, 1, 44, 6], ['h1', 'h3', 'h2', 'h3', 'h2', 'h3', 'h3', 'h2'])
H123:
[[1, 0, 0, 0, 0, 0, 0, 0], [0, 0, 3, 0, 1, 0, 0, 6], [0, 1, 0, 8, 0, 1, 44, 0]]
H123-compact:
([1, 1, 3, 8, 1, 1, 44, 6], ['h1', 'h3', 'h2', 'h3', 'h2', 'h3', 'h3', 'h2'])
H123:
[[1, 0, 0, 0, 0, 0, 0, 0], [0, 0, 3, 0, 1, 0, 0, 6], [0, 1, 0, 8, 0, 1, 44, 0]]
H123-compact:
([1, 1, 3, 8, 1, 1, 44, 6], ['h1', 'h3', 'h2', 'h3', 'h2', 'h3', 'h3', 'h2'])
H123:
[[1, 0, 0, 0, 0, 0, 0, 0], [0, 0, 3, 0, 1, 0, 0, 6], [0, 1, 0, 8, 0, 1, 44, 0]]
H123-compact:
([1, 1, 3, 8, 1, 1, 44, 6], ['h1', 'h3', 'h2', 'h3', 'h2', 'h3', 'h3', 'h2'])
H123:
[[1, 0, 0, 0, 0, 0, 0, 0], [0, 0, 3, 0, 1, 0, 0, 6], [0, 1, 0, 8, 0, 1, 44, 0]]
H123-compact:
([1, 1, 2, 8, 1, 1, 44, 5], ['h1', 'h3', 'h2', 'h3', 'h2', 'h3', 'h3', 'h2'])
H123:
[[1, 0, 0, 0, 0, 0, 0, 0], [0, 0, 2, 0, 1, 0, 0, 5], [0, 1, 0, 8, 0, 1, 44, 0]]
H123-compact:
([1, 1, 3, 8, 1, 1, 44, 6], ['h1', 'h3', 'h2', 'h3', 'h2', 'h3', 'h3', 'h2'])
H123:
[[1, 0, 0, 0, 0, 0, 0, 0], [0, 0, 3, 0, 1, 0, 0, 6], [0, 1, 0, 8, 0, 1, 44, 0]]

