H123-compact:
([1, 1, 1, 19, 1, 1, 2, 1, 1, 6, 2], ['h1', 'h3', 'h2', 'h2', 'h1', 'h2', 'h2', 'h1', 'h1', 'h2', 'h2'])
H123:
[[1, 0, 0, 0, 1, 0, 0, 1, 1, 0, 0], [0, 0, 1, 19, 0, 1, 2, 0, 0, 6, 2], [0, 1, 0, 0, 0, 0, 0, 0, 0, 0, 0]]
H123-compact:
([1, 1, 1, 20, 1, 2, 1, 1, 1, 6], ['h1', 'h3', 'h2', 'h2', 'h2', 'h2', 'h1', 'h1', 'h1', 'h2'])
H123:
[[1, 0, 0, 0, 0, 0, 1, 1, 1, 0], [0, 0, 1, 20, 1, 2, 0, 0, 0, 6], [0, 1, 0, 0, 0, 0, 0, 0, 0, 0]]
H123-compact:
([1, 1, 1, 21, 1, 1, 2, 1, 1, 6], ['h1', 'h3', 'h2', 'h2', 'h1', 'h2', 'h2', 'h1', 'h1', 'h2'])
H123:
[[1, 0, 0, 0, 1, 0, 0, 1, 1, 0], [0, 0, 1, 21, 0, 1, 2, 0, 0, 6], [0, 1, 0, 0, 0, 0, 0, 0, 0, 0]]
H123-compact:
([1, 1, 1, 20, 1, 1, 2, 1, 1, 6], ['h1', 'h3', 'h2', 'h2', 'h1', 'h2', 'h2', 'h1', 'h1', 'h2'])
H123:
[[1, 0, 0, 0, 1, 0, 0, 1, 1, 0], [0, 0, 1, 20, 0, 1, 2, 0, 0, 6], [0, 1, 0, 0, 0, 0, 0, 0, 0, 0]]
H123-compact:
([1, 1, 1, 20, 1, 2, 1, 1, 1, 6], ['h1', 'h3', 'h2', 'h2', 'h2', 'h2', 'h1', 'h1', 'h1', 'h2'])
H123:
[[1, 0, 0, 0, 0, 0, 1, 1, 1, 0], [0, 0, 1, 20, 1, 2, 0, 0, 0, 6], [0, 1, 0, 0, 0, 0, 0, 0, 0, 0]]
H123-compact:
([1, 1, 1, 21, 1, 2, 2, 1, 1, 6], ['h1', 'h3', 'h2', 'h2', 'h1', 'h2', 'h2', 'h1', 'h1', 'h2'])
H123:
[[1, 0, 0, 0, 1, 0, 0, 1, 1, 0], [0, 0, 1, 21, 0, 2, 2, 0, 0, 6], [0, 1, 0, 0, 0, 0, 0, 0, 0, 0]]
H123-compact:
([1, 1, 1, 21, 2, 2, 1, 1, 1, 1, 6], ['h1', 'h3', 'h2', 'h2', 'h2', 'h2', 'h1', 'h1', 'h1', 'h1', 'h2'])
H123:
[[1, 0, 0, 0, 0, 0, 1, 1, 1, 1, 0], [0, 0, 1, 21, 2, 2, 0, 0, 0, 0, 6], [0, 1, 0, 0, 0, 0, 0, 0, 0, 0, 0]]
H123-compact:
([1, 1, 1, 19, 1, 1, 2, 1, 1, 6], ['h1', 'h2', 'h3', 'h2', 'h1', 'h2', 'h2', 'h1', 'h1', 'h2'])
H123:
[[1, 0, 0, 0, 1, 0, 0, 1, 1, 0], [0, 1, 0, 19, 0, 1, 2, 0, 0, 6], [0, 0, 1, 0, 0, 0, 0, 0, 0, 0]]
H123-compact:
([1, 1, 1, 18, 1, 3, 1, 1, 1, 6], ['h1', 'h3', 'h2', 'h2', 'h2', 'h2', 'h1', 'h1', 'h1', 'h2'])
H123:
[[1, 0, 0, 0, 0, 0, 1, 1, 1, 0], [0, 0, 1, 18, 1, 3, 0, 0, 0, 6], [0, 1, 0, 0, 0, 0, 0, 0, 0, 0]]
H123-compact:
([1, 1, 1, 20, 1, 1, 3, 1, 1, 6], ['h1', 'h3', 'h2', 'h2', 'h1', 'h2', 'h2', 'h1', 'h1', 'h2'])
H123:
[[1, 0, 0, 0, 1, 0, 0, 1, 1, 0], [0, 0, 1, 20, 0, 1, 3, 0, 0, 6], [0, 1, 0, 0, 0, 0, 0, 0, 0, 0]]
H123-compact:
([1, 1, 1, 21, 1, 4, 1, 1, 1, 6], ['h1', 'h3', 'h2', 'h2', 'h2', 'h2', 'h1', 'h1', 'h1', 'h2'])
H123:
[[1, 0, 0, 0, 0, 0, 1, 1, 1, 0], [0, 0, 1, 21, 1, 4, 0, 0, 0, 6], [0, 1, 0, 0, 0, 0, 0, 0, 0, 0]]
H123-compact:
([1, 1, 1, 21, 1, 1, 2, 1, 1, 6], ['h1', 'h3', 'h2', 'h2', 'h1', 'h2', 'h2', 'h1', 'h1', 'h2'])
H123:
[[1, 0, 0, 0, 1, 0, 0, 1, 1, 0], [0, 0, 1, 21, 0, 1, 2, 0, 0, 6], [0, 1, 0, 0, 0, 0, 0, 0, 0, 0]]
H123-compact:
([1, 1, 1, 21, 1, 2, 1, 1, 1, 6], ['h1', 'h3', 'h2', 'h2', 'h2', 'h2', 'h1', 'h1', 'h1', 'h2'])
H123:
[[1, 0, 0, 0, 0, 0, 1, 1, 1, 0], [0, 0, 1, 21, 1, 2, 0, 0, 0, 6], [0, 1, 0, 0, 0, 0, 0, 0, 0, 0]]
H123-compact:
([1, 1, 2, 20, 1, 1, 3, 1, 1, 6], ['h1', 'h3', 'h2', 'h2', 'h1', 'h2', 'h2', 'h1', 'h1', 'h2'])
H123:
[[1, 0, 0, 0, 1, 0, 0, 1, 1, 0], [0, 0, 2, 20, 0, 1, 3, 0, 0, 6], [0, 1, 0, 0, 0, 0, 0, 0, 0, 0]]
H123-compact:
([1, 1, 1, 20, 1, 2, 1, 1, 1, 6], ['h1', 'h3', 'h2', 'h2', 'h2', 'h2', 'h1', 'h1', 'h1', 'h2'])
H123:
[[1, 0, 0, 0, 0, 0, 1, 1, 1, 0], [0, 0, 1, 20, 1, 2, 0, 0, 0, 6], [0, 1, 0, 0, 0, 0, 0, 0, 0, 0]]
H123-compact:
([1, 1, 1, 21, 1, 1, 2, 1, 1, 6, 2], ['h1', 'h3', 'h2', 'h2', 'h1', 'h2', 'h2', 'h1', 'h1', 'h2', 'h2'])
H123:
[[1, 0, 0, 0, 1, 0, 0, 1, 1, 0, 0], [0, 0, 1, 21, 0, 1, 2, 0, 0, 6, 2], [0, 1, 0, 0, 0, 0, 0, 0, 0, 0, 0]]
H123-compact:
([1, 1, 1, 19, 1, 1, 2, 1, 1, 6], ['h1', 'h3', 'h2', 'h2', 'h1', 'h2', 'h2', 'h1', 'h1', 'h2'])
H123:
[[1, 0, 0, 0, 1, 0, 0, 1, 1, 0], [0, 0, 1, 19, 0, 1, 2, 0, 0, 6], [0, 1, 0, 0, 0, 0, 0, 0, 0, 0]]
H123-compact:
([1, 1, 1, 19, 1, 2, 1, 1, 1, 6], ['h1', 'h3', 'h2', 'h2', 'h2', 'h2', 'h1', 'h1', 'h1', 'h2'])
H123:
[[1, 0, 0, 0, 0, 0, 1, 1, 1, 0], [0, 0, 1, 19, 1, 2, 0, 0, 0, 6], [0, 1, 0, 0, 0, 0, 0, 0, 0, 0]]
H123-compact:
([1, 1, 1, 20, 1, 3, 1, 1, 1, 5, 2], ['h1', 'h3', 'h2', 'h2', 'h2', 'h2', 'h1', 'h1', 'h1', 'h2', 'h2'])
H123:
[[1, 0, 0, 0, 0, 0, 1, 1, 1, 0, 0], [0, 0, 1, 20, 1, 3, 0, 0, 0, 5, 2], [0, 1, 0, 0, 0, 0, 0, 0, 0, 0, 0]]
H123-compact:
([1, 1, 1, 20, 1, 1, 2, 1, 1, 6, 2], ['h1', 'h3', 'h2', 'h2', 'h1', 'h2', 'h2', 'h1', 'h1', 'h2', 'h2'])
H123:
[[1, 0, 0, 0, 1, 0, 0, 1, 1, 0, 0], [0, 0, 1, 20, 0, 1, 2, 0, 0, 6, 2], [0, 1, 0, 0, 0, 0, 0, 0, 0, 0, 0]]

