('10.6.56.13', 52070, '124.251.34.141', 443, True) h1
H123-compact:
([1, 1, 2, 6, 2], ['h1', 'h3', 'h2', 'h2', 'h2'])
H123:
[[1, 0, 0, 0, 0], [0, 0, 2, 6, 2], [0, 1, 0, 0, 0]]
H123-compact:
([1, 1, 2, 6], ['h1', 'h3', 'h2', 'h2'])
H123:
[[1, 0, 0, 0], [0, 0, 2, 6], [0, 1, 0, 0]]
H123-compact:
([1, 1, 2, 6, 2], ['h1', 'h3', 'h2', 'h2', 'h2'])
H123:
[[1, 0, 0, 0, 0], [0, 0, 2, 6, 2], [0, 1, 0, 0, 0]]
H123-compact:
([1, 1, 2, 6], ['h1', 'h3', 'h2', 'h2'])
H123:
[[1, 0, 0, 0], [0, 0, 2, 6], [0, 1, 0, 0]]
('10.6.56.13', 34866, '124.251.34.141', 443, True) h1
H123-compact:
([1, 1, 2, 6], ['h1', 'h3', 'h2', 'h2'])
H123:
[[1, 0, 0, 0], [0, 0, 2, 6], [0, 1, 0, 0]]
H123-compact:
([1, 1, 2, 6], ['h1', 'h3', 'h2', 'h2'])
H123:
[[1, 0, 0, 0], [0, 0, 2, 6], [0, 1, 0, 0]]
H123-compact:
([1, 1, 2, 6], ['h1', 'h3', 'h2', 'h2'])
H123:
[[1, 0, 0, 0], [0, 0, 2, 6], [0, 1, 0, 0]]
H123-compact:
([1, 1, 2, 6], ['h1', 'h3', 'h2', 'h2'])
H123:
[[1, 0, 0, 0], [0, 0, 2, 6], [0, 1, 0, 0]]
H123-compact:
([1, 1, 2, 6], ['h1', 'h3', 'h2', 'h2'])
H123:
[[1, 0, 0, 0], [0, 0, 2, 6], [0, 1, 0, 0]]
('10.6.56.13', 50558, '124.251.34.141', 443, True) h1
H123-compact:
([1, 1, 2, 6], ['h1', 'h3', 'h2', 'h2'])
H123:
[[1, 0, 0, 0], [0, 0, 2, 6], [0, 1, 0, 0]]
H123-compact:
([1, 1, 2, 6], ['h1', 'h3', 'h2', 'h2'])
H123:
[[1, 0, 0, 0], [0, 0, 2, 6], [0, 1, 0, 0]]
H123-compact:
([1, 1, 2, 6], ['h1', 'h3', 'h2', 'h2'])
H123:
[[1, 0, 0, 0], [0, 0, 2, 6], [0, 1, 0, 0]]
H123-compact:
([1, 1, 2, 6], ['h1', 'h3', 'h2', 'h2'])
H123:
[[1, 0, 0, 0], [0, 0, 2, 6], [0, 1, 0, 0]]
H123-compact:
([1, 1, 2, 6], ['h1', 'h3', 'h2', 'h2'])
H123:
[[1, 0, 0, 0], [0, 0, 2, 6], [0, 1, 0, 0]]
H123-compact:
([1, 1, 2, 6], ['h1', 'h3', 'h2', 'h2'])
H123:
[[1, 0, 0, 0], [0, 0, 2, 6], [0, 1, 0, 0]]
H123-compact:
([1, 1, 2, 6], ['h1', 'h3', 'h2', 'h2'])
H123:
[[1, 0, 0, 0], [0, 0, 2, 6], [0, 1, 0, 0]]
H123-compact:
([1, 1, 2, 6], ['h1', 'h3', 'h2', 'h2'])
H123:
[[1, 0, 0, 0], [0, 0, 2, 6], [0, 1, 0, 0]]
H123-compact:
([1, 1, 2, 6], ['h1', 'h3', 'h2', 'h2'])
H123:
[[1, 0, 0, 0], [0, 0, 2, 6], [0, 1, 0, 0]]
H123-compact:
([1, 1, 2, 6], ['h1', 'h3', 'h2', 'h2'])
H123:
[[1, 0, 0, 0], [0, 0, 2, 6], [0, 1, 0, 0]]
H123-compact:
([1, 1, 2, 6], ['h1', 'h3', 'h2', 'h2'])
H123:
[[1, 0, 0, 0], [0, 0, 2, 6], [0, 1, 0, 0]]

