H123-compact:
([1, 1, 8, 2, 1, 2, 2, 2, 4, 2, 1, 2, 6], ['h1', 'h3', 'h2', 'h3', 'h2', 'h2', 'h2', 'h2', 'h2', 'h3', 'h2', 'h2', 'h2'])
H123:
[[1, 0, 0, 0, 0, 0, 0, 0, 0, 0, 0, 0, 0], [0, 0, 8, 0, 1, 2, 2, 2, 4, 0, 1, 2, 6], [0, 1, 0, 2, 0, 0, 0, 0, 0, 2, 0, 0, 0]]
H123-compact:
([1, 1, 8, 2, 1, 2, 2, 2, 4, 2, 1, 2, 6], ['h1', 'h3', 'h2', 'h3', 'h2', 'h2', 'h2', 'h2', 'h2', 'h3', 'h2', 'h2', 'h2'])
H123:
[[1, 0, 0, 0, 0, 0, 0, 0, 0, 0, 0, 0, 0], [0, 0, 8, 0, 1, 2, 2, 2, 4, 0, 1, 2, 6], [0, 1, 0, 2, 0, 0, 0, 0, 0, 2, 0, 0, 0]]
H123-compact:
([1, 1, 8, 2, 1, 2, 2, 2, 4, 2, 1, 2, 6], ['h1', 'h3', 'h2', 'h3', 'h2', 'h2', 'h2', 'h2', 'h2', 'h3', 'h2', 'h2', 'h2'])
H123:
[[1, 0, 0, 0, 0, 0, 0, 0, 0, 0, 0, 0, 0], [0, 0, 8, 0, 1, 2, 2, 2, 4, 0, 1, 2, 6], [0, 1, 0, 2, 0, 0, 0, 0, 0, 2, 0, 0, 0]]
H123-compact:
([1, 1, 8, 2, 1, 2, 2, 2, 4, 2, 1, 2, 6], ['h1', 'h3', 'h2', 'h3', 'h2', 'h2', 'h2', 'h2', 'h2', 'h3', 'h2', 'h2', 'h2'])
H123:
[[1, 0, 0, 0, 0, 0, 0, 0, 0, 0, 0, 0, 0], [0, 0, 8, 0, 1, 2, 2, 2, 4, 0, 1, 2, 6], [0, 1, 0, 2, 0, 0, 0, 0, 0, 2, 0, 0, 0]]
H123-compact:
([1, 1, 8, 2, 1, 2, 2, 2, 2, 4, 1, 2, 6], ['h1', 'h3', 'h2', 'h3', 'h2', 'h2', 'h2', 'h2', 'h3', 'h2', 'h2', 'h2', 'h2'])
H123:
[[1, 0, 0, 0, 0, 0, 0, 0, 0, 0, 0, 0, 0], [0, 0, 8, 0, 1, 2, 2, 2, 0, 4, 1, 2, 6], [0, 1, 0, 2, 0, 0, 0, 0, 2, 0, 0, 0, 0]]
H123-compact:
([1, 1, 8, 2, 1, 2, 2, 2, 4, 2, 1, 2, 6], ['h1', 'h3', 'h2', 'h3', 'h2', 'h2', 'h2', 'h2', 'h2', 'h3', 'h2', 'h2', 'h2'])
H123:
[[1, 0, 0, 0, 0, 0, 0, 0, 0, 0, 0, 0, 0], [0, 0, 8, 0, 1, 2, 2, 2, 4, 0, 1, 2, 6], [0, 1, 0, 2, 0, 0, 0, 0, 0, 2, 0, 0, 0]]
H123-compact:
([1, 1, 8, 2, 1, 2, 2, 2, 4, 2, 1, 2, 6], ['h1', 'h3', 'h2', 'h3', 'h2', 'h2', 'h2', 'h2', 'h2', 'h3', 'h2', 'h2', 'h2'])
H123:
[[1, 0, 0, 0, 0, 0, 0, 0, 0, 0, 0, 0, 0], [0, 0, 8, 0, 1, 2, 2, 2, 4, 0, 1, 2, 6], [0, 1, 0, 2, 0, 0, 0, 0, 0, 2, 0, 0, 0]]
H123-compact:
([1, 1, 8, 2, 1, 2, 2, 2, 4, 2, 1, 2, 6], ['h1', 'h3', 'h2', 'h3', 'h2', 'h2', 'h2', 'h2', 'h2', 'h3', 'h2', 'h2', 'h2'])
H123:
[[1, 0, 0, 0, 0, 0, 0, 0, 0, 0, 0, 0, 0], [0, 0, 8, 0, 1, 2, 2, 2, 4, 0, 1, 2, 6], [0, 1, 0, 2, 0, 0, 0, 0, 0, 2, 0, 0, 0]]
H123-compact:
([1, 1, 8, 2, 1, 2, 2, 2, 4, 2, 1, 2, 6], ['h1', 'h3', 'h2', 'h3', 'h2', 'h2', 'h2', 'h2', 'h2', 'h3', 'h2', 'h2', 'h2'])
H123:
[[1, 0, 0, 0, 0, 0, 0, 0, 0, 0, 0, 0, 0], [0, 0, 8, 0, 1, 2, 2, 2, 4, 0, 1, 2, 6], [0, 1, 0, 2, 0, 0, 0, 0, 0, 2, 0, 0, 0]]
H123-compact:
([1, 1, 8, 2, 1, 2, 2, 2, 4, 2, 1, 2, 6], ['h1', 'h3', 'h2', 'h3', 'h2', 'h2', 'h2', 'h2', 'h2', 'h3', 'h2', 'h2', 'h2'])
H123:
[[1, 0, 0, 0, 0, 0, 0, 0, 0, 0, 0, 0, 0], [0, 0, 8, 0, 1, 2, 2, 2, 4, 0, 1, 2, 6], [0, 1, 0, 2, 0, 0, 0, 0, 0, 2, 0, 0, 0]]
H123-compact:
([1, 1, 8, 2, 1, 2, 3, 2, 1, 2, 1, 1, 2, 6], ['h1', 'h3', 'h2', 'h3', 'h2', 'h2', 'h2', 'h3', 'h3', 'h2', 'h3', 'h2', 'h2', 'h2'])
H123:
[[1, 0, 0, 0, 0, 0, 0, 0, 0, 0, 0, 0, 0, 0], [0, 0, 8, 0, 1, 2, 3, 0, 0, 2, 0, 1, 2, 6], [0, 1, 0, 2, 0, 0, 0, 2, 1, 0, 1, 0, 0, 0]]
H123-compact:
([1, 1, 8, 2, 1, 2, 2, 2, 4, 2, 1, 2, 6], ['h1', 'h3', 'h2', 'h3', 'h2', 'h2', 'h2', 'h2', 'h2', 'h3', 'h2', 'h2', 'h2'])
H123:
[[1, 0, 0, 0, 0, 0, 0, 0, 0, 0, 0, 0, 0], [0, 0, 8, 0, 1, 2, 2, 2, 4, 0, 1, 2, 6], [0, 1, 0, 2, 0, 0, 0, 0, 0, 2, 0, 0, 0]]
H123-compact:
([1, 1, 8, 2, 1, 2, 2, 2, 2, 3, 1, 2, 6], ['h1', 'h3', 'h2', 'h3', 'h2', 'h2', 'h2', 'h2', 'h3', 'h2', 'h2', 'h2', 'h2'])
H123:
[[1, 0, 0, 0, 0, 0, 0, 0, 0, 0, 0, 0, 0], [0, 0, 8, 0, 1, 2, 2, 2, 0, 3, 1, 2, 6], [0, 1, 0, 2, 0, 0, 0, 0, 2, 0, 0, 0, 0]]
H123-compact:
([1, 1, 8, 2, 1, 2, 2, 2, 4, 2, 1, 2, 6], ['h1', 'h3', 'h2', 'h3', 'h2', 'h2', 'h2', 'h2', 'h2', 'h3', 'h2', 'h2', 'h2'])
H123:
[[1, 0, 0, 0, 0, 0, 0, 0, 0, 0, 0, 0, 0], [0, 0, 8, 0, 1, 2, 2, 2, 4, 0, 1, 2, 6], [0, 1, 0, 2, 0, 0, 0, 0, 0, 2, 0, 0, 0]]
H123-compact:
([1, 1, 8, 2, 1, 2, 2, 2, 4, 2, 1, 2, 6], ['h1', 'h3', 'h2', 'h3', 'h2', 'h2', 'h2', 'h2', 'h2', 'h3', 'h2', 'h2', 'h2'])
H123:
[[1, 0, 0, 0, 0, 0, 0, 0, 0, 0, 0, 0, 0], [0, 0, 8, 0, 1, 2, 2, 2, 4, 0, 1, 2, 6], [0, 1, 0, 2, 0, 0, 0, 0, 0, 2, 0, 0, 0]]
H123-compact:
([1, 1, 8, 2, 1, 2, 2, 2, 4, 2, 1, 2, 6], ['h1', 'h3', 'h2', 'h3', 'h2', 'h2', 'h2', 'h2', 'h2', 'h3', 'h2', 'h2', 'h2'])
H123:
[[1, 0, 0, 0, 0, 0, 0, 0, 0, 0, 0, 0, 0], [0, 0, 8, 0, 1, 2, 2, 2, 4, 0, 1, 2, 6], [0, 1, 0, 2, 0, 0, 0, 0, 0, 2, 0, 0, 0]]
H123-compact:
([1, 1, 8, 2, 1, 2, 2, 2, 4, 2, 1, 2, 1, 6], ['h1', 'h3', 'h2', 'h3', 'h2', 'h2', 'h2', 'h2', 'h2', 'h3', 'h2', 'h2', 'h1', 'h2'])
H123:
[[1, 0, 0, 0, 0, 0, 0, 0, 0, 0, 0, 0, 1, 0], [0, 0, 8, 0, 1, 2, 2, 2, 4, 0, 1, 2, 0, 6], [0, 1, 0, 2, 0, 0, 0, 0, 0, 2, 0, 0, 0, 0]]
H123-compact:
([1, 1, 8, 2, 1, 2, 2, 2, 4, 2, 1, 2, 6], ['h1', 'h3', 'h2', 'h3', 'h2', 'h2', 'h2', 'h2', 'h2', 'h3', 'h2', 'h2', 'h2'])
H123:
[[1, 0, 0, 0, 0, 0, 0, 0, 0, 0, 0, 0, 0], [0, 0, 8, 0, 1, 2, 2, 2, 4, 0, 1, 2, 6], [0, 1, 0, 2, 0, 0, 0, 0, 0, 2, 0, 0, 0]]
H123-compact:
([1, 1, 8, 2, 1, 2, 2, 2, 4, 2, 1, 2, 6], ['h1', 'h3', 'h2', 'h3', 'h2', 'h2', 'h2', 'h2', 'h2', 'h3', 'h2', 'h2', 'h2'])
H123:
[[1, 0, 0, 0, 0, 0, 0, 0, 0, 0, 0, 0, 0], [0, 0, 8, 0, 1, 2, 2, 2, 4, 0, 1, 2, 6], [0, 1, 0, 2, 0, 0, 0, 0, 0, 2, 0, 0, 0]]
H123-compact:
([1, 1, 8, 2, 1, 2, 2, 2, 4, 2, 1, 2, 6], ['h1', 'h3', 'h2', 'h3', 'h2', 'h2', 'h2', 'h2', 'h2', 'h3', 'h2', 'h2', 'h2'])
H123:
[[1, 0, 0, 0, 0, 0, 0, 0, 0, 0, 0, 0, 0], [0, 0, 8, 0, 1, 2, 2, 2, 4, 0, 1, 2, 6], [0, 1, 0, 2, 0, 0, 0, 0, 0, 2, 0, 0, 0]]

