H123-compact:
([1, 1, 8, 10, 3, 10, 1, 19, 1, 2, 5, 2], ['h1', 'h3', 'h2', 'h3', 'h2', 'h2', 'h2', 'h3', 'h2', 'h2', 'h2', 'h2'])
H123:
[[1, 0, 0, 0, 0, 0, 0, 0, 0, 0, 0, 0], [0, 0, 8, 0, 3, 10, 1, 0, 1, 2, 5, 2], [0, 1, 0, 10, 0, 0, 0, 19, 0, 0, 0, 0]]
H123-compact:
([1, 1, 8, 9, 3, 9, 1, 14, 1, 2, 6, 2], ['h1', 'h3', 'h2', 'h3', 'h2', 'h2', 'h2', 'h3', 'h2', 'h2', 'h2', 'h2'])
H123:
[[1, 0, 0, 0, 0, 0, 0, 0, 0, 0, 0, 0], [0, 0, 8, 0, 3, 9, 1, 0, 1, 2, 6, 2], [0, 1, 0, 9, 0, 0, 0, 14, 0, 0, 0, 0]]
H123-compact:
([1, 1, 8, 2, 9, 11, 1, 13, 1, 2, 5, 2], ['h1', 'h3', 'h2', 'h2', 'h3', 'h2', 'h2', 'h3', 'h2', 'h2', 'h2', 'h2'])
H123:
[[1, 0, 0, 0, 0, 0, 0, 0, 0, 0, 0, 0], [0, 0, 8, 2, 0, 11, 1, 0, 1, 2, 5, 2], [0, 1, 0, 0, 9, 0, 0, 13, 0, 0, 0, 0]]
H123-compact:
([1, 1, 8, 2, 9, 1, 14, 1, 2, 5, 14, 1, 5, 2], ['h1', 'h3', 'h2', 'h2', 'h3', 'h2', 'h3', 'h2', 'h2', 'h2', 'h3', 'h2', 'h2', 'h2'])
H123:
[[1, 0, 0, 0, 0, 0, 0, 0, 0, 0, 0, 0, 0, 0], [0, 0, 8, 2, 0, 1, 0, 1, 2, 5, 0, 1, 5, 2], [0, 1, 0, 0, 9, 0, 14, 0, 0, 0, 14, 0, 0, 0]]
H123-compact:
([1, 1, 8, 2, 9, 1, 12, 1, 2, 4, 15, 1, 6, 2], ['h1', 'h3', 'h2', 'h2', 'h3', 'h2', 'h3', 'h2', 'h2', 'h2', 'h3', 'h2', 'h2', 'h2'])
H123:
[[1, 0, 0, 0, 0, 0, 0, 0, 0, 0, 0, 0, 0, 0], [0, 0, 8, 2, 0, 1, 0, 1, 2, 4, 0, 1, 6, 2], [0, 1, 0, 0, 9, 0, 12, 0, 0, 0, 15, 0, 0, 0]]
H123-compact:
([1, 1, 8, 3, 11, 8, 1, 13, 1, 2, 1, 6, 2], ['h1', 'h3', 'h2', 'h2', 'h3', 'h2', 'h2', 'h3', 'h2', 'h2', 'h3', 'h2', 'h2'])
H123:
[[1, 0, 0, 0, 0, 0, 0, 0, 0, 0, 0, 0, 0], [0, 0, 8, 3, 0, 8, 1, 0, 1, 2, 0, 6, 2], [0, 1, 0, 0, 11, 0, 0, 13, 0, 0, 1, 0, 0]]
H123-compact:
([1, 1, 8, 2, 11, 9, 1, 12, 1, 2, 1, 6, 2], ['h1', 'h3', 'h2', 'h2', 'h3', 'h2', 'h2', 'h3', 'h2', 'h2', 'h3', 'h2', 'h2'])
H123:
[[1, 0, 0, 0, 0, 0, 0, 0, 0, 0, 0, 0, 0], [0, 0, 8, 2, 0, 9, 1, 0, 1, 2, 0, 6, 2], [0, 1, 0, 0, 11, 0, 0, 12, 0, 0, 1, 0, 0]]
H123-compact:
([1, 1, 8, 2, 9, 1, 14, 1, 2, 4, 12, 1, 6, 2], ['h1', 'h3', 'h2', 'h2', 'h3', 'h2', 'h3', 'h2', 'h2', 'h2', 'h3', 'h3', 'h2', 'h2'])
H123:
[[1, 0, 0, 0, 0, 0, 0, 0, 0, 0, 0, 0, 0, 0], [0, 0, 8, 2, 0, 1, 0, 1, 2, 4, 0, 0, 6, 2], [0, 1, 0, 0, 9, 0, 14, 0, 0, 0, 12, 1, 0, 0]]
H123-compact:
([1, 1, 8, 3, 9, 1, 16, 1, 2, 4, 12, 6, 2], ['h1', 'h3', 'h2', 'h2', 'h3', 'h2', 'h3', 'h2', 'h2', 'h2', 'h3', 'h2', 'h2'])
H123:
[[1, 0, 0, 0, 0, 0, 0, 0, 0, 0, 0, 0, 0], [0, 0, 8, 3, 0, 1, 0, 1, 2, 4, 0, 6, 2], [0, 1, 0, 0, 9, 0, 16, 0, 0, 0, 12, 0, 0]]
H123-compact:
([1, 1, 8, 2, 9, 1, 14, 1, 2, 4, 15, 1, 6, 2], ['h1', 'h3', 'h2', 'h2', 'h3', 'h2', 'h3', 'h2', 'h2', 'h2', 'h3', 'h3', 'h2', 'h2'])
H123:
[[1, 0, 0, 0, 0, 0, 0, 0, 0, 0, 0, 0, 0, 0], [0, 0, 8, 2, 0, 1, 0, 1, 2, 4, 0, 0, 6, 2], [0, 1, 0, 0, 9, 0, 14, 0, 0, 0, 15, 1, 0, 0]]
H123-compact:
([1, 1, 8, 2, 9, 1, 13, 1, 2, 4, 14, 6, 2], ['h1', 'h3', 'h2', 'h2', 'h3', 'h2', 'h3', 'h2', 'h2', 'h2', 'h3', 'h2', 'h2'])
H123:
[[1, 0, 0, 0, 0, 0, 0, 0, 0, 0, 0, 0, 0], [0, 0, 8, 2, 0, 1, 0, 1, 2, 4, 0, 6, 2], [0, 1, 0, 0, 9, 0, 13, 0, 0, 0, 14, 0, 0]]
H123-compact:
([1, 1, 8, 2, 9, 7, 1, 15, 1, 2, 6, 2], ['h1', 'h3', 'h2', 'h2', 'h3', 'h2', 'h2', 'h3', 'h2', 'h2', 'h2', 'h2'])
H123:
[[1, 0, 0, 0, 0, 0, 0, 0, 0, 0, 0, 0], [0, 0, 8, 2, 0, 7, 1, 0, 1, 2, 6, 2], [0, 1, 0, 0, 9, 0, 0, 15, 0, 0, 0, 0]]
H123-compact:
([1, 8, 1, 2, 9, 6, 1, 14, 1, 2, 6, 2, 1], ['h1', 'h2', 'h3', 'h2', 'h3', 'h2', 'h2', 'h3', 'h2', 'h2', 'h2', 'h2', 'h1'])
H123:
[[1, 0, 0, 0, 0, 0, 0, 0, 0, 0, 0, 0, 1], [0, 8, 0, 2, 0, 6, 1, 0, 1, 2, 6, 2, 0], [0, 0, 1, 0, 9, 0, 0, 14, 0, 0, 0, 0, 0]]
H123-compact:
([1, 1, 8, 2, 9, 7, 1, 13, 2, 1, 4, 6, 2], ['h1', 'h3', 'h2', 'h2', 'h3', 'h2', 'h2', 'h3', 'h2', 'h2', 'h3', 'h2', 'h2'])
H123:
[[1, 0, 0, 0, 0, 0, 0, 0, 0, 0, 0, 0, 0], [0, 0, 8, 2, 0, 7, 1, 0, 2, 1, 0, 6, 2], [0, 1, 0, 0, 9, 0, 0, 13, 0, 0, 4, 0, 0]]
H123-compact:
([1, 1, 8, 9, 8, 2, 1, 13, 1, 2, 4, 6, 2], ['h1', 'h3', 'h2', 'h3', 'h2', 'h2', 'h2', 'h3', 'h2', 'h2', 'h3', 'h2', 'h2'])
H123:
[[1, 0, 0, 0, 0, 0, 0, 0, 0, 0, 0, 0, 0], [0, 0, 8, 0, 8, 2, 1, 0, 1, 2, 0, 6, 2], [0, 1, 0, 9, 0, 0, 0, 13, 0, 0, 4, 0, 0]]
H123-compact:
([1, 1, 8, 2, 10, 9, 1, 18, 1, 2, 6, 2], ['h1', 'h3', 'h2', 'h2', 'h3', 'h2', 'h2', 'h3', 'h2', 'h2', 'h2', 'h2'])
H123:
[[1, 0, 0, 0, 0, 0, 0, 0, 0, 0, 0, 0], [0, 0, 8, 2, 0, 9, 1, 0, 1, 2, 6, 2], [0, 1, 0, 0, 10, 0, 0, 18, 0, 0, 0, 0]]
H123-compact:
([1, 1, 8, 2, 10, 8, 1, 18, 1, 2, 6, 2], ['h1', 'h3', 'h2', 'h2', 'h3', 'h2', 'h2', 'h3', 'h2', 'h2', 'h2', 'h2'])
H123:
[[1, 0, 0, 0, 0, 0, 0, 0, 0, 0, 0, 0], [0, 0, 8, 2, 0, 8, 1, 0, 1, 2, 6, 2], [0, 1, 0, 0, 10, 0, 0, 18, 0, 0, 0, 0]]
H123-compact:
([1, 1, 8, 2, 9, 7, 1, 13, 1, 2, 1, 7, 2], ['h1', 'h3', 'h2', 'h2', 'h3', 'h2', 'h2', 'h3', 'h2', 'h2', 'h3', 'h2', 'h2'])
H123:
[[1, 0, 0, 0, 0, 0, 0, 0, 0, 0, 0, 0, 0], [0, 0, 8, 2, 0, 7, 1, 0, 1, 2, 0, 7, 2], [0, 1, 0, 0, 9, 0, 0, 13, 0, 0, 1, 0, 0]]
H123-compact:
([1, 1, 8, 2, 9, 8, 1, 13, 1, 2, 1, 6, 2], ['h1', 'h3', 'h2', 'h2', 'h3', 'h2', 'h2', 'h3', 'h2', 'h2', 'h3', 'h2', 'h2'])
H123:
[[1, 0, 0, 0, 0, 0, 0, 0, 0, 0, 0, 0, 0], [0, 0, 8, 2, 0, 8, 1, 0, 1, 2, 0, 6, 2], [0, 1, 0, 0, 9, 0, 0, 13, 0, 0, 1, 0, 0]]
H123-compact:
([1, 1, 8, 2, 9, 1, 13, 1, 2, 4, 10, 3, 6, 2], ['h1', 'h3', 'h2', 'h2', 'h3', 'h2', 'h3', 'h2', 'h2', 'h2', 'h3', 'h3', 'h2', 'h2'])
H123:
[[1, 0, 0, 0, 0, 0, 0, 0, 0, 0, 0, 0, 0, 0], [0, 0, 8, 2, 0, 1, 0, 1, 2, 4, 0, 0, 6, 2], [0, 1, 0, 0, 9, 0, 13, 0, 0, 0, 10, 3, 0, 0]]

