H123-compact:
([1, 1, 51, 1, 1, 19, 3, 1, 1, 1, 1, 2, 3, 6, 1, 1, 1, 2, 2], ['h1', 'h3', 'h2', 'h1', 'h2', 'h2', 'h2', 'h1', 'h1', 'h1', 'h1', 'h2', 'h2', 'h2', 'h1', 'h1', 'h2', 'h1', 'h2'])
H123:
[[1, 0, 0, 1, 0, 0, 0, 1, 1, 1, 1, 0, 0, 0, 1, 1, 0, 2, 0], [0, 0, 51, 0, 1, 19, 3, 0, 0, 0, 0, 2, 3, 6, 0, 0, 1, 0, 2], [0, 1, 0, 0, 0, 0, 0, 0, 0, 0, 0, 0, 0, 0, 0, 0, 0, 0, 0]]
H123-compact:
([1, 1, 54, 1, 1, 20, 3, 1, 1, 1, 1, 3, 2, 6, 1, 1, 1, 2, 2], ['h1', 'h3', 'h2', 'h2', 'h1', 'h2', 'h2', 'h1', 'h1', 'h1', 'h1', 'h2', 'h2', 'h2', 'h1', 'h1', 'h2', 'h1', 'h2'])
H123:
[[1, 0, 0, 0, 1, 0, 0, 1, 1, 1, 1, 0, 0, 0, 1, 1, 0, 2, 0], [0, 0, 54, 1, 0, 20, 3, 0, 0, 0, 0, 3, 2, 6, 0, 0, 1, 0, 2], [0, 1, 0, 0, 0, 0, 0, 0, 0, 0, 0, 0, 0, 0, 0, 0, 0, 0, 0]]
H123-compact:
([1, 1, 54, 1, 1, 3, 20, 3, 1, 1, 1, 1, 2, 5, 1, 1, 1, 2, 2], ['h1', 'h3', 'h2', 'h2', 'h1', 'h2', 'h2', 'h2', 'h1', 'h1', 'h1', 'h1', 'h2', 'h2', 'h1', 'h1', 'h2', 'h1', 'h2'])
H123:
[[1, 0, 0, 0, 1, 0, 0, 0, 1, 1, 1, 1, 0, 0, 1, 1, 0, 2, 0], [0, 0, 54, 1, 0, 3, 20, 3, 0, 0, 0, 0, 2, 5, 0, 0, 1, 0, 2], [0, 1, 0, 0, 0, 0, 0, 0, 0, 0, 0, 0, 0, 0, 0, 0, 0, 0, 0]]
H123-compact:
([1, 1, 55, 1, 3, 20, 1, 3, 1, 1, 1, 1, 2, 6, 1, 1, 1, 2, 2], ['h1', 'h3', 'h2', 'h2', 'h2', 'h2', 'h1', 'h2', 'h1', 'h1', 'h1', 'h1', 'h2', 'h2', 'h1', 'h1', 'h2', 'h1', 'h2'])
H123:
[[1, 0, 0, 0, 0, 0, 1, 0, 1, 1, 1, 1, 0, 0, 1, 1, 0, 2, 0], [0, 0, 55, 1, 3, 20, 0, 3, 0, 0, 0, 0, 2, 6, 0, 0, 1, 0, 2], [0, 1, 0, 0, 0, 0, 0, 0, 0, 0, 0, 0, 0, 0, 0, 0, 0, 0, 0]]
H123-compact:
([1, 1, 54, 1, 1, 3, 20, 3, 1, 1, 1, 1, 2, 1, 6, 1, 1, 2, 2], ['h1', 'h3', 'h2', 'h2', 'h1', 'h2', 'h2', 'h2', 'h1', 'h1', 'h1', 'h1', 'h2', 'h1', 'h2', 'h1', 'h2', 'h1', 'h2'])
H123:
[[1, 0, 0, 0, 1, 0, 0, 0, 1, 1, 1, 1, 0, 1, 0, 1, 0, 2, 0], [0, 0, 54, 1, 0, 3, 20, 3, 0, 0, 0, 0, 2, 0, 6, 0, 1, 0, 2], [0, 1, 0, 0, 0, 0, 0, 0, 0, 0, 0, 0, 0, 0, 0, 0, 0, 0, 0]]
H123-compact:
([1, 1, 55, 1, 3, 20, 1, 3, 1, 1, 1, 1, 2, 1, 6, 1, 1, 2, 2], ['h1', 'h3', 'h2', 'h2', 'h2', 'h2', 'h1', 'h2', 'h1', 'h1', 'h1', 'h1', 'h2', 'h1', 'h2', 'h1', 'h2', 'h1', 'h2'])
H123:
[[1, 0, 0, 0, 0, 0, 1, 0, 1, 1, 1, 1, 0, 1, 0, 1, 0, 2, 0], [0, 0, 55, 1, 3, 20, 0, 3, 0, 0, 0, 0, 2, 0, 6, 0, 1, 0, 2], [0, 1, 0, 0, 0, 0, 0, 0, 0, 0, 0, 0, 0, 0, 0, 0, 0, 0, 0]]
H123-compact:
([1, 1, 53, 1, 1, 20, 3, 3, 1, 1, 1, 1, 2, 5, 1, 1, 1, 2, 2], ['h1', 'h3', 'h2', 'h2', 'h1', 'h2', 'h2', 'h2', 'h1', 'h1', 'h1', 'h1', 'h2', 'h2', 'h1', 'h1', 'h2', 'h1', 'h2'])
H123:
[[1, 0, 0, 0, 1, 0, 0, 0, 1, 1, 1, 1, 0, 0, 1, 1, 0, 2, 0], [0, 0, 53, 1, 0, 20, 3, 3, 0, 0, 0, 0, 2, 5, 0, 0, 1, 0, 2], [0, 1, 0, 0, 0, 0, 0, 0, 0, 0, 0, 0, 0, 0, 0, 0, 0, 0, 0]]
H123-compact:
([1, 1, 54, 1, 20, 1, 3, 3, 2, 1, 1, 1, 1, 5, 1, 1, 1, 2, 2], ['h1', 'h3', 'h2', 'h2', 'h2', 'h1', 'h2', 'h2', 'h2', 'h1', 'h1', 'h1', 'h1', 'h2', 'h1', 'h1', 'h2', 'h1', 'h2'])
H123:
[[1, 0, 0, 0, 0, 1, 0, 0, 0, 1, 1, 1, 1, 0, 1, 1, 0, 2, 0], [0, 0, 54, 1, 20, 0, 3, 3, 2, 0, 0, 0, 0, 5, 0, 0, 1, 0, 2], [0, 1, 0, 0, 0, 0, 0, 0, 0, 0, 0, 0, 0, 0, 0, 0, 0, 0, 0]]
H123-compact:
([1, 1, 53, 1, 1, 3, 20, 1, 3, 1, 1, 1, 2, 5, 1, 1, 1, 2, 2], ['h1', 'h3', 'h2', 'h2', 'h1', 'h2', 'h2', 'h1', 'h2', 'h1', 'h1', 'h1', 'h2', 'h2', 'h1', 'h1', 'h2', 'h1', 'h2'])
H123:
[[1, 0, 0, 0, 1, 0, 0, 1, 0, 1, 1, 1, 0, 0, 1, 1, 0, 2, 0], [0, 0, 53, 1, 0, 3, 20, 0, 3, 0, 0, 0, 2, 5, 0, 0, 1, 0, 2], [0, 1, 0, 0, 0, 0, 0, 0, 0, 0, 0, 0, 0, 0, 0, 0, 0, 0, 0]]
H123-compact:
([1, 1, 54, 1, 1, 20, 3, 3, 2, 1, 1, 1, 1, 1, 1, 1, 2, 6, 2], ['h1', 'h3', 'h2', 'h2', 'h1', 'h2', 'h2', 'h2', 'h2', 'h1', 'h1', 'h1', 'h1', 'h1', 'h1', 'h2', 'h1', 'h2', 'h2'])
H123:
[[1, 0, 0, 0, 1, 0, 0, 0, 0, 1, 1, 1, 1, 1, 1, 0, 2, 0, 0], [0, 0, 54, 1, 0, 20, 3, 3, 2, 0, 0, 0, 0, 0, 0, 1, 0, 6, 2], [0, 1, 0, 0, 0, 0, 0, 0, 0, 0, 0, 0, 0, 0, 0, 0, 0, 0, 0]]
H123-compact:
([1, 1, 53, 1, 3, 20, 1, 1, 1, 1, 1, 3, 2, 1, 1, 6, 1, 2, 2], ['h1', 'h3', 'h2', 'h2', 'h2', 'h2', 'h1', 'h1', 'h1', 'h1', 'h1', 'h2', 'h2', 'h1', 'h1', 'h2', 'h2', 'h1', 'h2'])
H123:
[[1, 0, 0, 0, 0, 0, 1, 1, 1, 1, 1, 0, 0, 1, 1, 0, 0, 2, 0], [0, 0, 53, 1, 3, 20, 0, 0, 0, 0, 0, 3, 2, 0, 0, 6, 1, 0, 2], [0, 1, 0, 0, 0, 0, 0, 0, 0, 0, 0, 0, 0, 0, 0, 0, 0, 0, 0]]
H123-compact:
([1, 1, 55, 1, 20, 1, 3, 3, 1, 1, 1, 1, 2, 1, 5, 1, 2, 2, 2], ['h1', 'h3', 'h2', 'h2', 'h2', 'h1', 'h2', 'h2', 'h1', 'h1', 'h1', 'h1', 'h2', 'h1', 'h2', 'h1', 'h2', 'h1', 'h2'])
H123:
[[1, 0, 0, 0, 0, 1, 0, 0, 1, 1, 1, 1, 0, 1, 0, 1, 0, 2, 0], [0, 0, 55, 1, 20, 0, 3, 3, 0, 0, 0, 0, 2, 0, 5, 0, 2, 0, 2], [0, 1, 0, 0, 0, 0, 0, 0, 0, 0, 0, 0, 0, 0, 0, 0, 0, 0, 0]]
H123-compact:
([1, 1, 54, 1, 3, 20, 1, 3, 1, 1, 1, 1, 2, 1, 1, 1, 2, 6, 2], ['h1', 'h3', 'h2', 'h2', 'h2', 'h2', 'h1', 'h2', 'h1', 'h1', 'h1', 'h1', 'h2', 'h1', 'h1', 'h2', 'h1', 'h2', 'h2'])
H123:
[[1, 0, 0, 0, 0, 0, 1, 0, 1, 1, 1, 1, 0, 1, 1, 0, 2, 0, 0], [0, 0, 54, 1, 3, 20, 0, 3, 0, 0, 0, 0, 2, 0, 0, 1, 0, 6, 2], [0, 1, 0, 0, 0, 0, 0, 0, 0, 0, 0, 0, 0, 0, 0, 0, 0, 0, 0]]
H123-compact:
([1, 1, 54, 1, 1, 3, 20, 1, 3, 2, 1, 1, 1, 1, 6, 1, 1, 1, 2, 2], ['h1', 'h3', 'h2', 'h2', 'h1', 'h2', 'h2', 'h3', 'h2', 'h2', 'h1', 'h1', 'h1', 'h1', 'h2', 'h1', 'h1', 'h2', 'h1', 'h2'])
H123:
[[1, 0, 0, 0, 1, 0, 0, 0, 0, 0, 1, 1, 1, 1, 0, 1, 1, 0, 2, 0], [0, 0, 54, 1, 0, 3, 20, 0, 3, 2, 0, 0, 0, 0, 6, 0, 0, 1, 0, 2], [0, 1, 0, 0, 0, 0, 0, 1, 0, 0, 0, 0, 0, 0, 0, 0, 0, 0, 0, 0]]
H123-compact:
([1, 1, 54, 1, 1, 20, 3, 3, 1, 1, 1, 1, 2, 7, 1, 1, 1, 2, 2], ['h1', 'h3', 'h2', 'h2', 'h1', 'h2', 'h2', 'h2', 'h1', 'h1', 'h1', 'h1', 'h2', 'h2', 'h1', 'h1', 'h2', 'h1', 'h2'])
H123:
[[1, 0, 0, 0, 1, 0, 0, 0, 1, 1, 1, 1, 0, 0, 1, 1, 0, 2, 0], [0, 0, 54, 1, 0, 20, 3, 3, 0, 0, 0, 0, 2, 7, 0, 0, 1, 0, 2], [0, 1, 0, 0, 0, 0, 0, 0, 0, 0, 0, 0, 0, 0, 0, 0, 0, 0, 0]]
H123-compact:
([1, 1, 49, 1, 20, 3, 1, 3, 2, 1, 1, 1, 1, 6, 1, 1, 1, 2, 1, 2], ['h1', 'h3', 'h2', 'h2', 'h2', 'h2', 'h1', 'h2', 'h2', 'h1', 'h1', 'h1', 'h1', 'h2', 'h1', 'h1', 'h2', 'h1', 'h1', 'h2'])
H123:
[[1, 0, 0, 0, 0, 0, 1, 0, 0, 1, 1, 1, 1, 0, 1, 1, 0, 2, 1, 0], [0, 0, 49, 1, 20, 3, 0, 3, 2, 0, 0, 0, 0, 6, 0, 0, 1, 0, 0, 2], [0, 1, 0, 0, 0, 0, 0, 0, 0, 0, 0, 0, 0, 0, 0, 0, 0, 0, 0, 0]]
H123-compact:
([1, 1, 54, 1, 1, 3, 20, 3, 1, 1, 1, 1, 2, 1, 1, 6, 1, 2, 2], ['h1', 'h3', 'h2', 'h2', 'h1', 'h2', 'h2', 'h2', 'h1', 'h1', 'h1', 'h1', 'h2', 'h1', 'h1', 'h2', 'h2', 'h1', 'h2'])
H123:
[[1, 0, 0, 0, 1, 0, 0, 0, 1, 1, 1, 1, 0, 1, 1, 0, 0, 2, 0], [0, 0, 54, 1, 0, 3, 20, 3, 0, 0, 0, 0, 2, 0, 0, 6, 1, 0, 2], [0, 1, 0, 0, 0, 0, 0, 0, 0, 0, 0, 0, 0, 0, 0, 0, 0, 0, 0]]
H123-compact:
([1, 1, 54, 1, 1, 20, 3, 1, 1, 1, 1, 3, 2, 1, 1, 6, 1, 2, 2], ['h1', 'h3', 'h2', 'h2', 'h1', 'h2', 'h2', 'h1', 'h1', 'h1', 'h1', 'h2', 'h2', 'h1', 'h1', 'h2', 'h2', 'h1', 'h2'])
H123:
[[1, 0, 0, 0, 1, 0, 0, 1, 1, 1, 1, 0, 0, 1, 1, 0, 0, 2, 0], [0, 0, 54, 1, 0, 20, 3, 0, 0, 0, 0, 3, 2, 0, 0, 6, 1, 0, 2], [0, 1, 0, 0, 0, 0, 0, 0, 0, 0, 0, 0, 0, 0, 0, 0, 0, 0, 0]]
H123-compact:
([1, 1, 53, 1, 1, 20, 3, 3, 2, 1, 1, 1, 1, 6, 1, 1, 1, 2, 2], ['h1', 'h3', 'h2', 'h2', 'h1', 'h2', 'h2', 'h2', 'h2', 'h1', 'h1', 'h1', 'h1', 'h2', 'h1', 'h1', 'h2', 'h1', 'h2'])
H123:
[[1, 0, 0, 0, 1, 0, 0, 0, 0, 1, 1, 1, 1, 0, 1, 1, 0, 2, 0], [0, 0, 53, 1, 0, 20, 3, 3, 2, 0, 0, 0, 0, 6, 0, 0, 1, 0, 2], [0, 1, 0, 0, 0, 0, 0, 0, 0, 0, 0, 0, 0, 0, 0, 0, 0, 0, 0]]
H123-compact:
([1, 1, 52, 1, 1, 3, 20, 3, 2, 1, 1, 1, 1, 6, 1, 1, 1, 2, 2], ['h1', 'h3', 'h2', 'h2', 'h1', 'h2', 'h2', 'h2', 'h2', 'h1', 'h1', 'h1', 'h1', 'h2', 'h1', 'h1', 'h2', 'h1', 'h2'])
H123:
[[1, 0, 0, 0, 1, 0, 0, 0, 0, 1, 1, 1, 1, 0, 1, 1, 0, 2, 0], [0, 0, 52, 1, 0, 3, 20, 3, 2, 0, 0, 0, 0, 6, 0, 0, 1, 0, 2], [0, 1, 0, 0, 0, 0, 0, 0, 0, 0, 0, 0, 0, 0, 0, 0, 0, 0, 0]]

