H123-compact:
([1, 1, 1, 2, 1, 17, 9, 6, 192, 5, 10, 42, 22, 48, 2, 13, 1, 2, 1, 6, 9, 3, 1, 3, 2, 1, 1, 1, 1, 1, 1, 1, 2, 1, 2, 1, 1, 1, 1, 1, 1, 1, 4, 1, 2, 3, 1, 2, 2, 2, 1, 2, 1, 1, 2, 2, 1, 1, 1, 1, 1, 1, 1, 1, 1, 1, 2, 1, 4, 1, 2, 2], ['h1', 'h3', 'h1', 'h2', 'h2', 'h3', 'h3', 'h2', 'h3', 'h2', 'h2', 'h3', 'h2', 'h3', 'h2', 'h1', 'h1', 'h1', 'h1', 'h1', 'h1', 'h1', 'h1', 'h2', 'h2', 'h3', 'h2', 'h2', 'h2', 'h2', 'h2', 'h2', 'h2', 'h2', 'h1', 'h2', 'h2', 'h3', 'h2', 'h2', 'h2', 'h1', 'h1', 'h2', 'h2', 'h2', 'h2', 'h2', 'h1', 'h2', 'h2', 'h2', 'h2', 'h1', 'h1', 'h3', 'h2', 'h2', 'h2', 'h2', 'h2', 'h2', 'h2', 'h2', 'h2', 'h2', 'h2', 'h1', 'h1', 'h1', 'h1', 'h1'])
H123:
[[1, 0, 1, 0, 0, 0, 0, 0, 0, 0, 0, 0, 0, 0, 0, 13, 1, 2, 1, 6, 9, 3, 1, 0, 0, 0, 0, 0, 0, 0, 0, 0, 0, 0, 2, 0, 0, 0, 0, 0, 0, 1, 4, 0, 0, 0, 0, 0, 2, 0, 0, 0, 0, 1, 2, 0, 0, 0, 0, 0, 0, 0, 0, 0, 0, 0, 0, 1, 4, 1, 2, 2], [0, 0, 0, 2, 1, 0, 0, 6, 0, 5, 10, 0, 22, 0, 2, 0, 0, 0, 0, 0, 0, 0, 0, 3, 2, 0, 1, 1, 1, 1, 1, 1, 2, 1, 0, 1, 1, 0, 1, 1, 1, 0, 0, 1, 2, 3, 1, 2, 0, 2, 1, 2, 1, 0, 0, 0, 1, 1, 1, 1, 1, 1, 1, 1, 1, 1, 2, 0, 0, 0, 0, 0], [0, 1, 0, 0, 0, 17, 9, 0, 192, 0, 0, 42, 0, 48, 0, 0, 0, 0, 0, 0, 0, 0, 0, 0, 0, 1, 0, 0, 0, 0, 0, 0, 0, 0, 0, 0, 0, 1, 0, 0, 0, 0, 0, 0, 0, 0, 0, 0, 0, 0, 0, 0, 0, 0, 0, 2, 0, 0, 0, 0, 0, 0, 0, 0, 0, 0, 0, 0, 0, 0, 0, 0]]
H123-compact:
([1, 1, 1, 2, 1, 17, 9, 6, 185, 13, 40, 13, 36, 2, 6, 11, 2, 1, 8, 9, 1, 3, 3, 1, 1, 2, 1, 1, 1, 1, 1, 1, 2, 1, 1, 1, 1, 2, 1, 1, 3, 3, 1, 2, 2, 1, 3, 2, 1, 2, 1, 2, 1, 2, 2, 1, 1, 1, 1, 1, 1, 1, 1, 1, 1, 3], ['h1', 'h3', 'h1', 'h2', 'h2', 'h3', 'h3', 'h2', 'h3', 'h2', 'h3', 'h2', 'h3', 'h2', 'h2', 'h1', 'h1', 'h1', 'h1', 'h1', 'h1', 'h1', 'h2', 'h2', 'h2', 'h2', 'h2', 'h2', 'h2', 'h3', 'h2', 'h2', 'h2', 'h2', 'h3', 'h2', 'h2', 'h1', 'h2', 'h2', 'h1', 'h1', 'h1', 'h2', 'h2', 'h2', 'h2', 'h2', 'h1', 'h2', 'h2', 'h2', 'h2', 'h1', 'h3', 'h2', 'h2', 'h2', 'h2', 'h2', 'h2', 'h2', 'h2', 'h2', 'h2', 'h2'])
H123:
[[1, 0, 1, 0, 0, 0, 0, 0, 0, 0, 0, 0, 0, 0, 0, 11, 2, 1, 8, 9, 1, 3, 0, 0, 0, 0, 0, 0, 0, 0, 0, 0, 0, 0, 0, 0, 0, 2, 0, 0, 3, 3, 1, 0, 0, 0, 0, 0, 1, 0, 0, 0, 0, 2, 0, 0, 0, 0, 0, 0, 0, 0, 0, 0, 0, 0], [0, 0, 0, 2, 1, 0, 0, 6, 0, 13, 0, 13, 0, 2, 6, 0, 0, 0, 0, 0, 0, 0, 3, 1, 1, 2, 1, 1, 1, 0, 1, 1, 2, 1, 0, 1, 1, 0, 1, 1, 0, 0, 0, 2, 2, 1, 3, 2, 0, 2, 1, 2, 1, 0, 0, 1, 1, 1, 1, 1, 1, 1, 1, 1, 1, 3], [0, 1, 0, 0, 0, 17, 9, 0, 185, 0, 40, 0, 36, 0, 0, 0, 0, 0, 0, 0, 0, 0, 0, 0, 0, 0, 0, 0, 0, 1, 0, 0, 0, 0, 1, 0, 0, 0, 0, 0, 0, 0, 0, 0, 0, 0, 0, 0, 0, 0, 0, 0, 0, 0, 2, 0, 0, 0, 0, 0, 0, 0, 0, 0, 0, 0]]
H123-compact:
([1, 1, 1, 2, 1, 17, 9, 12, 255, 41, 13, 5, 3, 1, 7, 1, 2, 12, 8, 3, 1, 3, 1, 1, 1, 1, 2, 1, 1, 1, 1, 2, 1, 1, 1, 1, 2, 1, 3, 1, 1, 3, 1, 1, 2, 3, 3, 1, 1, 2, 2, 1, 2, 1, 1, 1, 1, 1, 1, 1, 1, 1, 1, 1, 1, 2], ['h1', 'h3', 'h1', 'h2', 'h2', 'h3', 'h3', 'h2', 'h3', 'h3', 'h2', 'h2', 'h2', 'h3', 'h1', 'h1', 'h1', 'h1', 'h1', 'h1', 'h1', 'h2', 'h3', 'h2', 'h2', 'h2', 'h2', 'h2', 'h2', 'h2', 'h2', 'h2', 'h2', 'h2', 'h3', 'h2', 'h1', 'h2', 'h1', 'h2', 'h1', 'h1', 'h2', 'h2', 'h2', 'h2', 'h2', 'h1', 'h2', 'h2', 'h2', 'h1', 'h1', 'h2', 'h3', 'h2', 'h2', 'h2', 'h2', 'h2', 'h2', 'h2', 'h2', 'h2', 'h2', 'h2'])
H123:
[[1, 0, 1, 0, 0, 0, 0, 0, 0, 0, 0, 0, 0, 0, 7, 1, 2, 12, 8, 3, 1, 0, 0, 0, 0, 0, 0, 0, 0, 0, 0, 0, 0, 0, 0, 0, 2, 0, 3, 0, 1, 3, 0, 0, 0, 0, 0, 1, 0, 0, 0, 1, 2, 0, 0, 0, 0, 0, 0, 0, 0, 0, 0, 0, 0, 0], [0, 0, 0, 2, 1, 0, 0, 12, 0, 0, 13, 5, 3, 0, 0, 0, 0, 0, 0, 0, 0, 3, 0, 1, 1, 1, 2, 1, 1, 1, 1, 2, 1, 1, 0, 1, 0, 1, 0, 1, 0, 0, 1, 1, 2, 3, 3, 0, 1, 2, 2, 0, 0, 1, 0, 1, 1, 1, 1, 1, 1, 1, 1, 1, 1, 2], [0, 1, 0, 0, 0, 17, 9, 0, 255, 41, 0, 0, 0, 1, 0, 0, 0, 0, 0, 0, 0, 0, 1, 0, 0, 0, 0, 0, 0, 0, 0, 0, 0, 0, 1, 0, 0, 0, 0, 0, 0, 0, 0, 0, 0, 0, 0, 0, 0, 0, 0, 0, 0, 0, 1, 0, 0, 0, 0, 0, 0, 0, 0, 0, 0, 0]]
H123-compact:
([1, 1, 1, 2, 1, 17, 9, 12, 260, 41, 13, 5, 2, 1, 1, 2, 13, 6, 9, 3, 1, 1, 3, 1, 1, 1, 2, 1, 1, 1, 1, 2, 1, 1, 1, 2, 1, 1, 4, 2, 1, 1, 1, 2, 1, 3, 3, 1, 2, 1, 2, 1, 2, 1, 1, 1, 1, 1, 1, 1, 1, 1, 1, 1, 2], ['h1', 'h3', 'h1', 'h2', 'h2', 'h3', 'h3', 'h2', 'h3', 'h3', 'h2', 'h2', 'h2', 'h3', 'h1', 'h1', 'h1', 'h1', 'h1', 'h1', 'h1', 'h3', 'h2', 'h2', 'h2', 'h2', 'h2', 'h2', 'h2', 'h2', 'h2', 'h2', 'h3', 'h2', 'h2', 'h1', 'h2', 'h2', 'h1', 'h1', 'h2', 'h1', 'h2', 'h2', 'h2', 'h2', 'h2', 'h1', 'h2', 'h2', 'h2', 'h2', 'h1', 'h3', 'h2', 'h2', 'h2', 'h2', 'h2', 'h2', 'h2', 'h2', 'h2', 'h2', 'h2'])
H123:
[[1, 0, 1, 0, 0, 0, 0, 0, 0, 0, 0, 0, 0, 0, 1, 2, 13, 6, 9, 3, 1, 0, 0, 0, 0, 0, 0, 0, 0, 0, 0, 0, 0, 0, 0, 2, 0, 0, 4, 2, 0, 1, 0, 0, 0, 0, 0, 1, 0, 0, 0, 0, 2, 0, 0, 0, 0, 0, 0, 0, 0, 0, 0, 0, 0], [0, 0, 0, 2, 1, 0, 0, 12, 0, 0, 13, 5, 2, 0, 0, 0, 0, 0, 0, 0, 0, 0, 3, 1, 1, 1, 2, 1, 1, 1, 1, 2, 0, 1, 1, 0, 1, 1, 0, 0, 1, 0, 1, 2, 1, 3, 3, 0, 2, 1, 2, 1, 0, 0, 1, 1, 1, 1, 1, 1, 1, 1, 1, 1, 2], [0, 1, 0, 0, 0, 17, 9, 0, 260, 41, 0, 0, 0, 1, 0, 0, 0, 0, 0, 0, 0, 1, 0, 0, 0, 0, 0, 0, 0, 0, 0, 0, 1, 0, 0, 0, 0, 0, 0, 0, 0, 0, 0, 0, 0, 0, 0, 0, 0, 0, 0, 0, 0, 1, 0, 0, 0, 0, 0, 0, 0, 0, 0, 0, 0]]
H123-compact:
([1, 1, 1, 2, 1, 17, 9, 12, 258, 41, 14, 2, 5, 2, 2, 13, 1, 6, 10, 3, 1, 1, 1, 1, 2, 1, 1, 1, 1, 1, 3, 2, 1, 1, 2, 1, 1, 1, 3, 1, 1, 2, 1, 1, 2, 3, 1, 2, 2, 1, 2, 2, 1, 2, 1, 1, 1, 1, 1, 1, 1, 1, 1, 1, 2], ['h1', 'h3', 'h1', 'h2', 'h2', 'h3', 'h3', 'h2', 'h3', 'h3', 'h2', 'h2', 'h2', 'h3', 'h1', 'h1', 'h1', 'h1', 'h1', 'h2', 'h3', 'h2', 'h2', 'h2', 'h2', 'h2', 'h2', 'h2', 'h2', 'h1', 'h1', 'h2', 'h2', 'h2', 'h1', 'h3', 'h2', 'h2', 'h1', 'h2', 'h1', 'h1', 'h2', 'h2', 'h2', 'h2', 'h1', 'h2', 'h2', 'h2', 'h2', 'h3', 'h2', 'h1', 'h2', 'h2', 'h2', 'h2', 'h2', 'h2', 'h2', 'h2', 'h2', 'h2', 'h2'])
H123:
[[1, 0, 1, 0, 0, 0, 0, 0, 0, 0, 0, 0, 0, 0, 2, 13, 1, 6, 10, 0, 0, 0, 0, 0, 0, 0, 0, 0, 0, 1, 3, 0, 0, 0, 2, 0, 0, 0, 3, 0, 1, 2, 0, 0, 0, 0, 1, 0, 0, 0, 0, 0, 0, 2, 0, 0, 0, 0, 0, 0, 0, 0, 0, 0, 0], [0, 0, 0, 2, 1, 0, 0, 12, 0, 0, 14, 2, 5, 0, 0, 0, 0, 0, 0, 3, 0, 1, 1, 1, 2, 1, 1, 1, 1, 0, 0, 2, 1, 1, 0, 0, 1, 1, 0, 1, 0, 0, 1, 1, 2, 3, 0, 2, 2, 1, 2, 0, 1, 0, 1, 1, 1, 1, 1, 1, 1, 1, 1, 1, 2], [0, 1, 0, 0, 0, 17, 9, 0, 258, 41, 0, 0, 0, 2, 0, 0, 0, 0, 0, 0, 1, 0, 0, 0, 0, 0, 0, 0, 0, 0, 0, 0, 0, 0, 0, 1, 0, 0, 0, 0, 0, 0, 0, 0, 0, 0, 0, 0, 0, 0, 0, 2, 0, 0, 0, 0, 0, 0, 0, 0, 0, 0, 0, 0, 0]]
H123-compact:
([1, 1, 1, 2, 1, 17, 9, 14, 254, 41, 20, 7, 2, 7, 1, 2, 12, 9, 3, 1, 1, 1, 2, 1, 1, 1, 1, 1, 2, 1, 3, 1, 1, 1, 1, 2, 1, 3, 1, 1, 2, 1, 2, 1, 3, 2, 2, 2, 1, 2, 1, 2, 2, 1, 1, 1, 1, 1, 1, 1, 1, 1, 1, 1, 1, 2], ['h1', 'h3', 'h1', 'h2', 'h2', 'h3', 'h3', 'h2', 'h3', 'h3', 'h2', 'h2', 'h2', 'h1', 'h1', 'h1', 'h1', 'h1', 'h2', 'h2', 'h2', 'h2', 'h2', 'h2', 'h2', 'h2', 'h2', 'h2', 'h2', 'h1', 'h1', 'h2', 'h3', 'h2', 'h2', 'h1', 'h2', 'h1', 'h2', 'h1', 'h1', 'h2', 'h2', 'h2', 'h2', 'h2', 'h1', 'h2', 'h2', 'h2', 'h2', 'h1', 'h3', 'h2', 'h2', 'h2', 'h2', 'h2', 'h2', 'h2', 'h2', 'h2', 'h2', 'h2', 'h1', 'h2'])
H123:
[[1, 0, 1, 0, 0, 0, 0, 0, 0, 0, 0, 0, 0, 7, 1, 2, 12, 9, 0, 0, 0, 0, 0, 0, 0, 0, 0, 0, 0, 1, 3, 0, 0, 0, 0, 2, 0, 3, 0, 1, 2, 0, 0, 0, 0, 0, 2, 0, 0, 0, 0, 2, 0, 0, 0, 0, 0, 0, 0, 0, 0, 0, 0, 0, 1, 0], [0, 0, 0, 2, 1, 0, 0, 14, 0, 0, 20, 7, 2, 0, 0, 0, 0, 0, 3, 1, 1, 1, 2, 1, 1, 1, 1, 1, 2, 0, 0, 1, 0, 1, 1, 0, 1, 0, 1, 0, 0, 1, 2, 1, 3, 2, 0, 2, 1, 2, 1, 0, 0, 1, 1, 1, 1, 1, 1, 1, 1, 1, 1, 1, 0, 2], [0, 1, 0, 0, 0, 17, 9, 0, 254, 41, 0, 0, 0, 0, 0, 0, 0, 0, 0, 0, 0, 0, 0, 0, 0, 0, 0, 0, 0, 0, 0, 0, 1, 0, 0, 0, 0, 0, 0, 0, 0, 0, 0, 0, 0, 0, 0, 0, 0, 0, 0, 0, 2, 0, 0, 0, 0, 0, 0, 0, 0, 0, 0, 0, 0, 0]]
H123-compact:
([1, 1, 1, 1, 2, 1, 17, 9, 10, 41, 229, 21, 6, 1, 2, 15, 2, 1, 4, 9, 1, 3, 1, 3, 1, 1, 2, 1, 1, 1, 1, 1, 2, 1, 1, 1, 2, 1, 1, 4, 1, 1, 1, 2, 1, 2, 3, 2, 1, 2, 1, 2, 1, 2, 2, 1, 1, 1, 1, 1, 1, 1, 1, 1, 1, 2], ['h1', 'h1', 'h3', 'h1', 'h2', 'h2', 'h3', 'h3', 'h2', 'h3', 'h3', 'h2', 'h2', 'h3', 'h2', 'h1', 'h1', 'h1', 'h1', 'h1', 'h1', 'h1', 'h3', 'h2', 'h2', 'h2', 'h2', 'h2', 'h2', 'h2', 'h2', 'h2', 'h2', 'h2', 'h2', 'h2', 'h1', 'h3', 'h2', 'h1', 'h1', 'h2', 'h2', 'h1', 'h2', 'h2', 'h2', 'h2', 'h1', 'h2', 'h2', 'h2', 'h2', 'h1', 'h3', 'h2', 'h2', 'h2', 'h2', 'h2', 'h2', 'h2', 'h2', 'h2', 'h2', 'h2'])
H123:
[[1, 1, 0, 1, 0, 0, 0, 0, 0, 0, 0, 0, 0, 0, 0, 15, 2, 1, 4, 9, 1, 3, 0, 0, 0, 0, 0, 0, 0, 0, 0, 0, 0, 0, 0, 0, 2, 0, 0, 4, 1, 0, 0, 2, 0, 0, 0, 0, 1, 0, 0, 0, 0, 2, 0, 0, 0, 0, 0, 0, 0, 0, 0, 0, 0, 0], [0, 0, 0, 0, 2, 1, 0, 0, 10, 0, 0, 21, 6, 0, 2, 0, 0, 0, 0, 0, 0, 0, 0, 3, 1, 1, 2, 1, 1, 1, 1, 1, 2, 1, 1, 1, 0, 0, 1, 0, 0, 1, 1, 0, 1, 2, 3, 2, 0, 2, 1, 2, 1, 0, 0, 1, 1, 1, 1, 1, 1, 1, 1, 1, 1, 2], [0, 0, 1, 0, 0, 0, 17, 9, 0, 41, 229, 0, 0, 1, 0, 0, 0, 0, 0, 0, 0, 0, 1, 0, 0, 0, 0, 0, 0, 0, 0, 0, 0, 0, 0, 0, 0, 1, 0, 0, 0, 0, 0, 0, 0, 0, 0, 0, 0, 0, 0, 0, 0, 0, 2, 0, 0, 0, 0, 0, 0, 0, 0, 0, 0, 0]]
H123-compact:
([1, 1, 1, 2, 1, 17, 9, 7, 41, 232, 14, 2, 6, 2, 13, 1, 6, 1, 8, 1, 3, 1, 1, 1, 1, 2, 1, 1, 3, 1, 1, 2, 1, 1, 2, 1, 1, 1, 4, 1, 3, 1, 1, 1, 2, 3, 2, 2, 1, 1, 2, 2, 1, 2, 1, 1, 1, 1, 1, 1, 1, 1, 1, 1, 2], ['h1', 'h3', 'h1', 'h2', 'h2', 'h3', 'h3', 'h2', 'h3', 'h3', 'h2', 'h2', 'h2', 'h1', 'h1', 'h1', 'h1', 'h3', 'h1', 'h1', 'h1', 'h2', 'h3', 'h2', 'h2', 'h2', 'h2', 'h2', 'h2', 'h2', 'h2', 'h2', 'h3', 'h2', 'h1', 'h2', 'h2', 'h2', 'h1', 'h2', 'h1', 'h1', 'h2', 'h2', 'h2', 'h2', 'h2', 'h2', 'h1', 'h2', 'h2', 'h3', 'h2', 'h1', 'h2', 'h2', 'h2', 'h2', 'h2', 'h2', 'h2', 'h2', 'h2', 'h2', 'h2'])
H123:
[[1, 0, 1, 0, 0, 0, 0, 0, 0, 0, 0, 0, 0, 2, 13, 1, 6, 0, 8, 1, 3, 0, 0, 0, 0, 0, 0, 0, 0, 0, 0, 0, 0, 0, 2, 0, 0, 0, 4, 0, 3, 1, 0, 0, 0, 0, 0, 0, 1, 0, 0, 0, 0, 2, 0, 0, 0, 0, 0, 0, 0, 0, 0, 0, 0], [0, 0, 0, 2, 1, 0, 0, 7, 0, 0, 14, 2, 6, 0, 0, 0, 0, 0, 0, 0, 0, 1, 0, 1, 1, 2, 1, 1, 3, 1, 1, 2, 0, 1, 0, 1, 1, 1, 0, 1, 0, 0, 1, 1, 2, 3, 2, 2, 0, 1, 2, 0, 1, 0, 1, 1, 1, 1, 1, 1, 1, 1, 1, 1, 2], [0, 1, 0, 0, 0, 17, 9, 0, 41, 232, 0, 0, 0, 0, 0, 0, 0, 1, 0, 0, 0, 0, 1, 0, 0, 0, 0, 0, 0, 0, 0, 0, 1, 0, 0, 0, 0, 0, 0, 0, 0, 0, 0, 0, 0, 0, 0, 0, 0, 0, 0, 2, 0, 0, 0, 0, 0, 0, 0, 0, 0, 0, 0, 0, 0]]
H123-compact:
([1, 1, 1, 2, 1, 17, 9, 6, 41, 231, 13, 5, 2, 2, 2, 5, 1, 14, 9, 1, 3, 1, 1, 1, 2, 3, 1, 1, 1, 1, 1, 2, 1, 1, 2, 1, 1, 1, 3, 1, 1, 2, 1, 1, 2, 3, 2, 2, 1, 2, 2, 2, 1, 2, 1, 1, 1, 1, 1, 1, 1, 1, 1, 1, 1, 1, 2], ['h1', 'h3', 'h1', 'h2', 'h2', 'h3', 'h3', 'h2', 'h3', 'h3', 'h2', 'h2', 'h3', 'h2', 'h1', 'h1', 'h1', 'h1', 'h1', 'h1', 'h1', 'h3', 'h2', 'h2', 'h2', 'h2', 'h2', 'h2', 'h2', 'h2', 'h2', 'h2', 'h2', 'h3', 'h1', 'h2', 'h2', 'h2', 'h1', 'h1', 'h2', 'h1', 'h2', 'h2', 'h2', 'h2', 'h2', 'h1', 'h2', 'h2', 'h2', 'h1', 'h2', 'h3', 'h2', 'h2', 'h2', 'h2', 'h2', 'h2', 'h2', 'h2', 'h2', 'h2', 'h2', 'h1', 'h2'])
H123:
[[1, 0, 1, 0, 0, 0, 0, 0, 0, 0, 0, 0, 0, 0, 2, 5, 1, 14, 9, 1, 3, 0, 0, 0, 0, 0, 0, 0, 0, 0, 0, 0, 0, 0, 2, 0, 0, 0, 3, 1, 0, 2, 0, 0, 0, 0, 0, 2, 0, 0, 0, 2, 0, 0, 0, 0, 0, 0, 0, 0, 0, 0, 0, 0, 0, 1, 0], [0, 0, 0, 2, 1, 0, 0, 6, 0, 0, 13, 5, 0, 2, 0, 0, 0, 0, 0, 0, 0, 0, 1, 1, 2, 3, 1, 1, 1, 1, 1, 2, 1, 0, 0, 1, 1, 1, 0, 0, 1, 0, 1, 1, 2, 3, 2, 0, 1, 2, 2, 0, 1, 0, 1, 1, 1, 1, 1, 1, 1, 1, 1, 1, 1, 0, 2], [0, 1, 0, 0, 0, 17, 9, 0, 41, 231, 0, 0, 2, 0, 0, 0, 0, 0, 0, 0, 0, 1, 0, 0, 0, 0, 0, 0, 0, 0, 0, 0, 0, 1, 0, 0, 0, 0, 0, 0, 0, 0, 0, 0, 0, 0, 0, 0, 0, 0, 0, 0, 0, 2, 0, 0, 0, 0, 0, 0, 0, 0, 0, 0, 0, 0, 0]]
H123-compact:
([1, 1, 1, 2, 1, 17, 9, 5, 185, 16, 40, 13, 32, 2, 5, 1, 11, 1, 2, 8, 3, 9, 1, 3, 3, 1, 1, 1, 1, 2, 1, 1, 1, 1, 2, 1, 1, 2, 1, 1, 1, 3, 1, 3, 1, 2, 1, 1, 3, 2, 3, 1, 1, 2, 1, 1, 2, 1, 1, 1, 1, 1, 1, 1, 1, 1, 1, 2], ['h1', 'h3', 'h1', 'h2', 'h2', 'h3', 'h3', 'h2', 'h3', 'h2', 'h3', 'h2', 'h3', 'h2', 'h2', 'h3', 'h1', 'h1', 'h1', 'h1', 'h3', 'h1', 'h1', 'h1', 'h2', 'h3', 'h2', 'h2', 'h2', 'h2', 'h2', 'h2', 'h2', 'h2', 'h2', 'h3', 'h2', 'h1', 'h2', 'h2', 'h2', 'h1', 'h2', 'h1', 'h1', 'h2', 'h2', 'h2', 'h2', 'h2', 'h2', 'h2', 'h1', 'h2', 'h2', 'h3', 'h1', 'h2', 'h2', 'h2', 'h2', 'h2', 'h2', 'h2', 'h2', 'h2', 'h2', 'h2'])
H123:
[[1, 0, 1, 0, 0, 0, 0, 0, 0, 0, 0, 0, 0, 0, 0, 0, 11, 1, 2, 8, 0, 9, 1, 3, 0, 0, 0, 0, 0, 0, 0, 0, 0, 0, 0, 0, 0, 2, 0, 0, 0, 3, 0, 3, 1, 0, 0, 0, 0, 0, 0, 0, 1, 0, 0, 0, 2, 0, 0, 0, 0, 0, 0, 0, 0, 0, 0, 0], [0, 0, 0, 2, 1, 0, 0, 5, 0, 16, 0, 13, 0, 2, 5, 0, 0, 0, 0, 0, 0, 0, 0, 0, 3, 0, 1, 1, 1, 2, 1, 1, 1, 1, 2, 0, 1, 0, 1, 1, 1, 0, 1, 0, 0, 2, 1, 1, 3, 2, 3, 1, 0, 2, 1, 0, 0, 1, 1, 1, 1, 1, 1, 1, 1, 1, 1, 2], [0, 1, 0, 0, 0, 17, 9, 0, 185, 0, 40, 0, 32, 0, 0, 1, 0, 0, 0, 0, 3, 0, 0, 0, 0, 1, 0, 0, 0, 0, 0, 0, 0, 0, 0, 1, 0, 0, 0, 0, 0, 0, 0, 0, 0, 0, 0, 0, 0, 0, 0, 0, 0, 0, 0, 1, 0, 0, 0, 0, 0, 0, 0, 0, 0, 0, 0, 0]]
H123-compact:
([1, 1, 1, 2, 1, 17, 9, 6, 186, 6, 40, 12, 13, 32, 1, 2, 1, 15, 5, 1, 1, 9, 1, 3, 3, 1, 1, 1, 2, 1, 1, 1, 1, 1, 2, 1, 1, 1, 2, 1, 1, 1, 1, 1, 3, 1, 2, 3, 2, 2, 1, 2, 2, 2, 1, 2, 2, 1, 1, 1, 1, 1, 1, 1, 1, 1, 1, 2], ['h1', 'h3', 'h1', 'h2', 'h2', 'h3', 'h3', 'h2', 'h3', 'h2', 'h3', 'h2', 'h2', 'h3', 'h3', 'h2', 'h3', 'h1', 'h1', 'h1', 'h1', 'h1', 'h1', 'h1', 'h2', 'h3', 'h2', 'h2', 'h2', 'h2', 'h2', 'h2', 'h2', 'h2', 'h2', 'h2', 'h2', 'h2', 'h1', 'h3', 'h2', 'h2', 'h1', 'h2', 'h1', 'h2', 'h2', 'h2', 'h2', 'h1', 'h2', 'h2', 'h2', 'h1', 'h2', 'h1', 'h3', 'h2', 'h2', 'h2', 'h2', 'h2', 'h2', 'h2', 'h2', 'h2', 'h2', 'h2'])
H123:
[[1, 0, 1, 0, 0, 0, 0, 0, 0, 0, 0, 0, 0, 0, 0, 0, 0, 15, 5, 1, 1, 9, 1, 3, 0, 0, 0, 0, 0, 0, 0, 0, 0, 0, 0, 0, 0, 0, 2, 0, 0, 0, 1, 0, 3, 0, 0, 0, 0, 2, 0, 0, 0, 2, 0, 2, 0, 0, 0, 0, 0, 0, 0, 0, 0, 0, 0, 0], [0, 0, 0, 2, 1, 0, 0, 6, 0, 6, 0, 12, 13, 0, 0, 2, 0, 0, 0, 0, 0, 0, 0, 0, 3, 0, 1, 1, 2, 1, 1, 1, 1, 1, 2, 1, 1, 1, 0, 0, 1, 1, 0, 1, 0, 1, 2, 3, 2, 0, 1, 2, 2, 0, 1, 0, 0, 1, 1, 1, 1, 1, 1, 1, 1, 1, 1, 2], [0, 1, 0, 0, 0, 17, 9, 0, 186, 0, 40, 0, 0, 32, 1, 0, 1, 0, 0, 0, 0, 0, 0, 0, 0, 1, 0, 0, 0, 0, 0, 0, 0, 0, 0, 0, 0, 0, 0, 1, 0, 0, 0, 0, 0, 0, 0, 0, 0, 0, 0, 0, 0, 0, 0, 0, 2, 0, 0, 0, 0, 0, 0, 0, 0, 0, 0, 0]]
H123-compact:
([1, 1, 1, 2, 1, 17, 9, 6, 191, 16, 42, 20, 24, 5, 2, 1, 4, 2, 12, 4, 11, 1, 3, 3, 1, 1, 1, 2, 1, 1, 1, 1, 1, 2, 1, 1, 1, 1, 2, 1, 1, 1, 3, 2, 1, 1, 3, 2, 2, 2, 1, 2, 1, 2, 1, 1, 1, 1, 1, 1, 1, 1, 1, 1, 2, 2, 1, 1, 2, 4, 2], ['h1', 'h3', 'h1', 'h2', 'h2', 'h3', 'h3', 'h2', 'h3', 'h2', 'h3', 'h2', 'h3', 'h2', 'h2', 'h3', 'h1', 'h1', 'h1', 'h1', 'h1', 'h1', 'h1', 'h2', 'h3', 'h2', 'h2', 'h2', 'h2', 'h2', 'h2', 'h2', 'h2', 'h2', 'h2', 'h3', 'h2', 'h2', 'h1', 'h2', 'h2', 'h1', 'h1', 'h2', 'h2', 'h2', 'h2', 'h2', 'h1', 'h2', 'h2', 'h2', 'h2', 'h3', 'h2', 'h2', 'h2', 'h2', 'h2', 'h2', 'h2', 'h2', 'h2', 'h2', 'h1', 'h2', 'h1', 'h1', 'h1', 'h1', 'h1'])
H123:
[[1, 0, 1, 0, 0, 0, 0, 0, 0, 0, 0, 0, 0, 0, 0, 0, 4, 2, 12, 4, 11, 1, 3, 0, 0, 0, 0, 0, 0, 0, 0, 0, 0, 0, 0, 0, 0, 0, 2, 0, 0, 1, 3, 0, 0, 0, 0, 0, 2, 0, 0, 0, 0, 0, 0, 0, 0, 0, 0, 0, 0, 0, 0, 0, 2, 0, 1, 1, 2, 4, 2], [0, 0, 0, 2, 1, 0, 0, 6, 0, 16, 0, 20, 0, 5, 2, 0, 0, 0, 0, 0, 0, 0, 0, 3, 0, 1, 1, 2, 1, 1, 1, 1, 1, 2, 1, 0, 1, 1, 0, 1, 1, 0, 0, 2, 1, 1, 3, 2, 0, 2, 1, 2, 1, 0, 1, 1, 1, 1, 1, 1, 1, 1, 1, 1, 0, 2, 0, 0, 0, 0, 0], [0, 1, 0, 0, 0, 17, 9, 0, 191, 0, 42, 0, 24, 0, 0, 1, 0, 0, 0, 0, 0, 0, 0, 0, 1, 0, 0, 0, 0, 0, 0, 0, 0, 0, 0, 1, 0, 0, 0, 0, 0, 0, 0, 0, 0, 0, 0, 0, 0, 0, 0, 0, 0, 2, 0, 0, 0, 0, 0, 0, 0, 0, 0, 0, 0, 0, 0, 0, 0, 0, 0]]
H123-compact:
([1, 1, 1, 2, 1, 17, 9, 11, 244, 41, 14, 5, 1, 2, 13, 6, 2, 9, 3, 1, 1, 3, 1, 1, 1, 2, 1, 1, 1, 2, 1, 1, 2, 1, 1, 1, 1, 1, 1, 1, 4, 1, 2, 3, 3, 1, 1, 2, 2, 1, 1, 2, 1, 1, 1, 1, 1, 1, 1, 1, 1, 1, 1, 1, 2], ['h1', 'h3', 'h1', 'h2', 'h2', 'h3', 'h3', 'h2', 'h3', 'h3', 'h2', 'h2', 'h3', 'h2', 'h1', 'h1', 'h1', 'h1', 'h1', 'h1', 'h3', 'h2', 'h2', 'h2', 'h2', 'h2', 'h2', 'h2', 'h2', 'h2', 'h2', 'h2', 'h1', 'h2', 'h3', 'h2', 'h2', 'h1', 'h2', 'h2', 'h1', 'h2', 'h2', 'h2', 'h2', 'h1', 'h2', 'h2', 'h2', 'h2', 'h1', 'h1', 'h1', 'h2', 'h3', 'h2', 'h2', 'h2', 'h2', 'h2', 'h2', 'h2', 'h2', 'h2', 'h2'])
H123:
[[1, 0, 1, 0, 0, 0, 0, 0, 0, 0, 0, 0, 0, 0, 13, 6, 2, 9, 3, 1, 0, 0, 0, 0, 0, 0, 0, 0, 0, 0, 0, 0, 2, 0, 0, 0, 0, 1, 0, 0, 4, 0, 0, 0, 0, 1, 0, 0, 0, 0, 1, 2, 1, 0, 0, 0, 0, 0, 0, 0, 0, 0, 0, 0, 0], [0, 0, 0, 2, 1, 0, 0, 11, 0, 0, 14, 5, 0, 2, 0, 0, 0, 0, 0, 0, 0, 3, 1, 1, 1, 2, 1, 1, 1, 2, 1, 1, 0, 1, 0, 1, 1, 0, 1, 1, 0, 1, 2, 3, 3, 0, 1, 2, 2, 1, 0, 0, 0, 1, 0, 1, 1, 1, 1, 1, 1, 1, 1, 1, 2], [0, 1, 0, 0, 0, 17, 9, 0, 244, 41, 0, 0, 1, 0, 0, 0, 0, 0, 0, 0, 1, 0, 0, 0, 0, 0, 0, 0, 0, 0, 0, 0, 0, 0, 1, 0, 0, 0, 0, 0, 0, 0, 0, 0, 0, 0, 0, 0, 0, 0, 0, 0, 0, 0, 1, 0, 0, 0, 0, 0, 0, 0, 0, 0, 0]]
H123-compact:
([1, 1, 1, 11, 5, 187, 19, 39, 14, 2, 5, 6, 1, 14, 6, 1, 1, 9, 1, 1, 1, 3, 2, 1, 1, 1, 1, 1, 2, 1, 1, 2, 1, 1, 1, 3, 1, 1, 3, 1, 1, 2, 3, 2, 1, 2, 1, 2, 1, 2, 1, 2, 1, 1, 1, 1, 1, 1, 1, 1, 1, 4, 2], ['h1', 'h3', 'h1', 'h2', 'h2', 'h3', 'h2', 'h3', 'h2', 'h2', 'h3', 'h2', 'h1', 'h1', 'h1', 'h3', 'h1', 'h1', 'h2', 'h3', 'h2', 'h2', 'h2', 'h2', 'h2', 'h2', 'h2', 'h2', 'h2', 'h3', 'h2', 'h1', 'h2', 'h2', 'h2', 'h1', 'h2', 'h1', 'h1', 'h2', 'h2', 'h2', 'h2', 'h2', 'h1', 'h2', 'h2', 'h2', 'h2', 'h1', 'h2', 'h3', 'h2', 'h2', 'h2', 'h2', 'h2', 'h2', 'h2', 'h2', 'h2', 'h1', 'h2'])
H123:
[[1, 0, 1, 0, 0, 0, 0, 0, 0, 0, 0, 0, 1, 14, 6, 0, 1, 9, 0, 0, 0, 0, 0, 0, 0, 0, 0, 0, 0, 0, 0, 2, 0, 0, 0, 3, 0, 1, 3, 0, 0, 0, 0, 0, 1, 0, 0, 0, 0, 2, 0, 0, 0, 0, 0, 0, 0, 0, 0, 0, 0, 4, 0], [0, 0, 0, 11, 5, 0, 19, 0, 14, 2, 0, 6, 0, 0, 0, 0, 0, 0, 1, 0, 1, 3, 2, 1, 1, 1, 1, 1, 2, 0, 1, 0, 1, 1, 1, 0, 1, 0, 0, 1, 1, 2, 3, 2, 0, 2, 1, 2, 1, 0, 1, 0, 1, 1, 1, 1, 1, 1, 1, 1, 1, 0, 2], [0, 1, 0, 0, 0, 187, 0, 39, 0, 0, 5, 0, 0, 0, 0, 1, 0, 0, 0, 1, 0, 0, 0, 0, 0, 0, 0, 0, 0, 1, 0, 0, 0, 0, 0, 0, 0, 0, 0, 0, 0, 0, 0, 0, 0, 0, 0, 0, 0, 0, 0, 2, 0, 0, 0, 0, 0, 0, 0, 0, 0, 0, 0]]
H123-compact:
([1, 1, 1, 2, 1, 17, 9, 5, 12, 249, 1, 40, 14, 2, 5, 2, 1, 14, 9, 1, 3, 1, 1, 2, 1, 3, 1, 1, 1, 1, 1, 2, 1, 1, 1, 2, 1, 1, 3, 1, 1, 1, 2, 2, 1, 3, 2, 2, 1, 2, 2, 2, 1, 2, 1, 1, 1, 1, 1, 1, 1, 1, 1, 1, 2, 1], ['h1', 'h3', 'h1', 'h2', 'h2', 'h3', 'h3', 'h2', 'h2', 'h3', 'h3', 'h3', 'h2', 'h2', 'h1', 'h1', 'h1', 'h1', 'h1', 'h1', 'h1', 'h2', 'h2', 'h2', 'h2', 'h2', 'h2', 'h2', 'h3', 'h2', 'h2', 'h2', 'h2', 'h2', 'h2', 'h1', 'h2', 'h2', 'h1', 'h1', 'h2', 'h2', 'h1', 'h2', 'h2', 'h2', 'h1', 'h2', 'h2', 'h2', 'h2', 'h1', 'h2', 'h3', 'h2', 'h2', 'h2', 'h2', 'h2', 'h2', 'h2', 'h2', 'h2', 'h2', 'h2', 'h1'])
H123:
[[1, 0, 1, 0, 0, 0, 0, 0, 0, 0, 0, 0, 0, 0, 5, 2, 1, 14, 9, 1, 3, 0, 0, 0, 0, 0, 0, 0, 0, 0, 0, 0, 0, 0, 0, 2, 0, 0, 3, 1, 0, 0, 2, 0, 0, 0, 2, 0, 0, 0, 0, 2, 0, 0, 0, 0, 0, 0, 0, 0, 0, 0, 0, 0, 0, 1], [0, 0, 0, 2, 1, 0, 0, 5, 12, 0, 0, 0, 14, 2, 0, 0, 0, 0, 0, 0, 0, 1, 1, 2, 1, 3, 1, 1, 0, 1, 1, 2, 1, 1, 1, 0, 1, 1, 0, 0, 1, 1, 0, 2, 1, 3, 0, 2, 1, 2, 2, 0, 1, 0, 1, 1, 1, 1, 1, 1, 1, 1, 1, 1, 2, 0], [0, 1, 0, 0, 0, 17, 9, 0, 0, 249, 1, 40, 0, 0, 0, 0, 0, 0, 0, 0, 0, 0, 0, 0, 0, 0, 0, 0, 1, 0, 0, 0, 0, 0, 0, 0, 0, 0, 0, 0, 0, 0, 0, 0, 0, 0, 0, 0, 0, 0, 0, 0, 0, 2, 0, 0, 0, 0, 0, 0, 0, 0, 0, 0, 0, 0]]
H123-compact:
([1, 1, 1, 2, 1, 17, 9, 6, 18, 18, 8, 14, 27, 6, 2, 2, 1, 2, 7, 1, 12, 9, 1, 3, 1, 1, 1, 1, 2, 1, 3, 1, 1, 1, 2, 1, 1, 1, 1, 2, 1, 4, 1, 2, 1, 1, 2, 1, 3, 3, 1, 2, 1, 2, 1, 1, 2, 1, 1, 1, 1, 1, 1, 1, 1, 1, 1, 2], ['h1', 'h3', 'h1', 'h2', 'h2', 'h3', 'h3', 'h2', 'h3', 'h2', 'h3', 'h2', 'h3', 'h2', 'h2', 'h3', 'h3', 'h1', 'h1', 'h1', 'h1', 'h1', 'h1', 'h1', 'h2', 'h3', 'h2', 'h2', 'h2', 'h2', 'h2', 'h2', 'h2', 'h2', 'h2', 'h2', 'h3', 'h2', 'h2', 'h1', 'h2', 'h1', 'h2', 'h1', 'h1', 'h2', 'h2', 'h2', 'h2', 'h2', 'h1', 'h2', 'h2', 'h2', 'h2', 'h3', 'h1', 'h2', 'h2', 'h2', 'h2', 'h2', 'h2', 'h2', 'h2', 'h2', 'h2', 'h2'])
H123:
[[1, 0, 1, 0, 0, 0, 0, 0, 0, 0, 0, 0, 0, 0, 0, 0, 0, 2, 7, 1, 12, 9, 1, 3, 0, 0, 0, 0, 0, 0, 0, 0, 0, 0, 0, 0, 0, 0, 0, 2, 0, 4, 0, 2, 1, 0, 0, 0, 0, 0, 1, 0, 0, 0, 0, 0, 2, 0, 0, 0, 0, 0, 0, 0, 0, 0, 0, 0], [0, 0, 0, 2, 1, 0, 0, 6, 0, 18, 0, 14, 0, 6, 2, 0, 0, 0, 0, 0, 0, 0, 0, 0, 1, 0, 1, 1, 2, 1, 3, 1, 1, 1, 2, 1, 0, 1, 1, 0, 1, 0, 1, 0, 0, 1, 2, 1, 3, 3, 0, 2, 1, 2, 1, 0, 0, 1, 1, 1, 1, 1, 1, 1, 1, 1, 1, 2], [0, 1, 0, 0, 0, 17, 9, 0, 18, 0, 8, 0, 27, 0, 0, 2, 1, 0, 0, 0, 0, 0, 0, 0, 0, 1, 0, 0, 0, 0, 0, 0, 0, 0, 0, 0, 1, 0, 0, 0, 0, 0, 0, 0, 0, 0, 0, 0, 0, 0, 0, 0, 0, 0, 0, 1, 0, 0, 0, 0, 0, 0, 0, 0, 0, 0, 0, 0]]
H123-compact:
([1, 1, 1, 2, 1, 17, 9, 10, 243, 6, 41, 13, 3, 2, 1, 7, 2, 12, 9, 3, 1, 1, 3, 1, 1, 2, 1, 1, 1, 1, 2, 1, 1, 2, 1, 1, 1, 3, 1, 1, 1, 3, 1, 1, 2, 3, 2, 2, 1, 1, 2, 1, 2, 2, 1, 1, 1, 1, 1, 1, 1, 1, 1, 1, 1, 1, 2], ['h1', 'h3', 'h1', 'h2', 'h2', 'h3', 'h3', 'h2', 'h3', 'h2', 'h3', 'h2', 'h3', 'h2', 'h1', 'h1', 'h1', 'h1', 'h1', 'h1', 'h1', 'h3', 'h2', 'h2', 'h2', 'h2', 'h2', 'h2', 'h2', 'h2', 'h2', 'h2', 'h2', 'h1', 'h2', 'h3', 'h2', 'h1', 'h2', 'h2', 'h1', 'h1', 'h2', 'h2', 'h2', 'h2', 'h2', 'h2', 'h1', 'h2', 'h2', 'h2', 'h1', 'h3', 'h2', 'h2', 'h2', 'h2', 'h2', 'h2', 'h2', 'h2', 'h2', 'h2', 'h2', 'h1', 'h2'])
H123:
[[1, 0, 1, 0, 0, 0, 0, 0, 0, 0, 0, 0, 0, 0, 1, 7, 2, 12, 9, 3, 1, 0, 0, 0, 0, 0, 0, 0, 0, 0, 0, 0, 0, 2, 0, 0, 0, 3, 0, 0, 1, 3, 0, 0, 0, 0, 0, 0, 1, 0, 0, 0, 2, 0, 0, 0, 0, 0, 0, 0, 0, 0, 0, 0, 0, 1, 0], [0, 0, 0, 2, 1, 0, 0, 10, 0, 6, 0, 13, 0, 2, 0, 0, 0, 0, 0, 0, 0, 0, 3, 1, 1, 2, 1, 1, 1, 1, 2, 1, 1, 0, 1, 0, 1, 0, 1, 1, 0, 0, 1, 1, 2, 3, 2, 2, 0, 1, 2, 1, 0, 0, 1, 1, 1, 1, 1, 1, 1, 1, 1, 1, 1, 0, 2], [0, 1, 0, 0, 0, 17, 9, 0, 243, 0, 41, 0, 3, 0, 0, 0, 0, 0, 0, 0, 0, 1, 0, 0, 0, 0, 0, 0, 0, 0, 0, 0, 0, 0, 0, 1, 0, 0, 0, 0, 0, 0, 0, 0, 0, 0, 0, 0, 0, 0, 0, 0, 0, 2, 0, 0, 0, 0, 0, 0, 0, 0, 0, 0, 0, 0, 0]]
H123-compact:
([1, 1, 1, 2, 1, 17, 9, 5, 186, 13, 40, 14, 32, 2, 1, 1, 11, 2, 8, 9, 1, 3, 3, 1, 1, 1, 2, 1, 1, 1, 1, 1, 2, 1, 2, 1, 1, 1, 1, 4, 1, 1, 2, 1, 2, 1, 2, 3, 1, 2, 1, 2, 2, 2, 1, 1, 1, 1, 1, 1, 1, 1, 1, 1, 1, 6, 2], ['h1', 'h3', 'h1', 'h2', 'h2', 'h3', 'h3', 'h2', 'h3', 'h2', 'h3', 'h2', 'h3', 'h2', 'h3', 'h1', 'h1', 'h1', 'h1', 'h1', 'h1', 'h1', 'h2', 'h3', 'h2', 'h2', 'h2', 'h2', 'h2', 'h2', 'h2', 'h2', 'h2', 'h3', 'h1', 'h2', 'h2', 'h2', 'h2', 'h1', 'h2', 'h1', 'h1', 'h2', 'h2', 'h2', 'h2', 'h2', 'h1', 'h2', 'h2', 'h3', 'h2', 'h1', 'h2', 'h2', 'h2', 'h2', 'h2', 'h2', 'h2', 'h2', 'h2', 'h2', 'h2', 'h2', 'h2'])
H123:
[[1, 0, 1, 0, 0, 0, 0, 0, 0, 0, 0, 0, 0, 0, 0, 1, 11, 2, 8, 9, 1, 3, 0, 0, 0, 0, 0, 0, 0, 0, 0, 0, 0, 0, 2, 0, 0, 0, 0, 4, 0, 1, 2, 0, 0, 0, 0, 0, 1, 0, 0, 0, 0, 2, 0, 0, 0, 0, 0, 0, 0, 0, 0, 0, 0, 0, 0], [0, 0, 0, 2, 1, 0, 0, 5, 0, 13, 0, 14, 0, 2, 0, 0, 0, 0, 0, 0, 0, 0, 3, 0, 1, 1, 2, 1, 1, 1, 1, 1, 2, 0, 0, 1, 1, 1, 1, 0, 1, 0, 0, 1, 2, 1, 2, 3, 0, 2, 1, 0, 2, 0, 1, 1, 1, 1, 1, 1, 1, 1, 1, 1, 1, 6, 2], [0, 1, 0, 0, 0, 17, 9, 0, 186, 0, 40, 0, 32, 0, 1, 0, 0, 0, 0, 0, 0, 0, 0, 1, 0, 0, 0, 0, 0, 0, 0, 0, 0, 1, 0, 0, 0, 0, 0, 0, 0, 0, 0, 0, 0, 0, 0, 0, 0, 0, 0, 2, 0, 0, 0, 0, 0, 0, 0, 0, 0, 0, 0, 0, 0, 0, 0]]
H123-compact:
([1, 1, 1, 2, 9, 234, 53, 2, 5, 6, 9, 9, 2, 1, 4, 6, 2], ['h1', 'h3', 'h1', 'h2', 'h2', 'h3', 'h3', 'h2', 'h3', 'h2', 'h2', 'h1', 'h1', 'h1', 'h1', 'h1', 'h2'])
H123:
[[1, 0, 1, 0, 0, 0, 0, 0, 0, 0, 0, 9, 2, 1, 4, 6, 0], [0, 0, 0, 2, 9, 0, 0, 2, 0, 6, 9, 0, 0, 0, 0, 0, 2], [0, 1, 0, 0, 0, 234, 53, 0, 5, 0, 0, 0, 0, 0, 0, 0, 0]]
H123-compact:
([1, 1, 1, 2, 1, 17, 9, 13, 257, 41, 13, 6, 3, 3, 1, 2, 10, 8, 9, 1, 3, 3, 1, 1, 1, 1, 1, 2, 1, 1, 1, 1, 2, 1, 2, 1, 1, 1, 1, 1, 3, 1, 1, 2, 3, 3, 2, 1, 2, 2, 2, 1, 1, 2, 1, 1, 1, 1, 1, 1, 1, 1, 1, 1, 2], ['h1', 'h3', 'h1', 'h2', 'h2', 'h3', 'h3', 'h2', 'h3', 'h3', 'h2', 'h2', 'h3', 'h2', 'h1', 'h1', 'h1', 'h1', 'h1', 'h1', 'h1', 'h2', 'h3', 'h2', 'h2', 'h2', 'h2', 'h2', 'h2', 'h2', 'h2', 'h2', 'h2', 'h2', 'h1', 'h2', 'h3', 'h2', 'h2', 'h1', 'h1', 'h2', 'h2', 'h2', 'h2', 'h1', 'h2', 'h2', 'h2', 'h2', 'h1', 'h2', 'h1', 'h3', 'h2', 'h2', 'h2', 'h2', 'h2', 'h2', 'h2', 'h2', 'h2', 'h2', 'h2'])
H123:
[[1, 0, 1, 0, 0, 0, 0, 0, 0, 0, 0, 0, 0, 0, 1, 2, 10, 8, 9, 1, 3, 0, 0, 0, 0, 0, 0, 0, 0, 0, 0, 0, 0, 0, 2, 0, 0, 0, 0, 1, 3, 0, 0, 0, 0, 3, 0, 0, 0, 0, 2, 0, 1, 0, 0, 0, 0, 0, 0, 0, 0, 0, 0, 0, 0], [0, 0, 0, 2, 1, 0, 0, 13, 0, 0, 13, 6, 0, 3, 0, 0, 0, 0, 0, 0, 0, 3, 0, 1, 1, 1, 1, 2, 1, 1, 1, 1, 2, 1, 0, 1, 0, 1, 1, 0, 0, 1, 1, 2, 3, 0, 2, 1, 2, 2, 0, 1, 0, 0, 1, 1, 1, 1, 1, 1, 1, 1, 1, 1, 2], [0, 1, 0, 0, 0, 17, 9, 0, 257, 41, 0, 0, 3, 0, 0, 0, 0, 0, 0, 0, 0, 0, 1, 0, 0, 0, 0, 0, 0, 0, 0, 0, 0, 0, 0, 0, 1, 0, 0, 0, 0, 0, 0, 0, 0, 0, 0, 0, 0, 0, 0, 0, 0, 2, 0, 0, 0, 0, 0, 0, 0, 0, 0, 0, 0]]

