H123-compact:
([1, 1, 20, 1, 2, 19, 3, 12, 48, 1, 8, 6, 2, 19, 16, 1, 6, 1, 2, 2, 8, 5, 1, 2, 1, 3, 1, 14, 1, 7, 4, 6, 4, 1, 2, 3, 1, 3, 4, 1, 1, 1, 1, 1, 1, 1, 1, 1, 2, 1, 2, 2, 8, 1, 3, 1, 1, 3, 1, 11, 2, 3, 5, 1, 3, 3, 4, 2, 4, 4, 14, 1, 1, 1, 2, 2, 2], ['h1', 'h3', 'h2', 'h2', 'h2', 'h2', 'h2', 'h2', 'h2', 'h2', 'h2', 'h2', 'h2', 'h2', 'h2', 'h1', 'h2', 'h2', 'h2', 'h1', 'h2', 'h1', 'h2', 'h1', 'h2', 'h2', 'h2', 'h2', 'h1', 'h2', 'h2', 'h1', 'h2', 'h2', 'h2', 'h2', 'h1', 'h2', 'h2', 'h2', 'h2', 'h2', 'h2', 'h2', 'h2', 'h2', 'h1', 'h1', 'h1', 'h1', 'h1', 'h1', 'h2', 'h1', 'h1', 'h1', 'h1', 'h1', 'h1', 'h1', 'h1', 'h1', 'h1', 'h1', 'h2', 'h2', 'h1', 'h2', 'h1', 'h1', 'h2', 'h1', 'h1', 'h1', 'h1', 'h1', 'h1'])
H123:
[[1, 0, 0, 0, 0, 0, 0, 0, 0, 0, 0, 0, 0, 0, 0, 1, 0, 0, 0, 2, 0, 5, 0, 2, 0, 0, 0, 0, 1, 0, 0, 6, 0, 0, 0, 0, 1, 0, 0, 0, 0, 0, 0, 0, 0, 0, 1, 1, 2, 1, 2, 2, 0, 1, 3, 1, 1, 3, 1, 11, 2, 3, 5, 1, 0, 0, 4, 0, 4, 4, 0, 1, 1, 1, 2, 2, 2], [0, 0, 20, 1, 2, 19, 3, 12, 48, 1, 8, 6, 2, 19, 16, 0, 6, 1, 2, 0, 8, 0, 1, 0, 1, 3, 1, 14, 0, 7, 4, 0, 4, 1, 2, 3, 0, 3, 4, 1, 1, 1, 1, 1, 1, 1, 0, 0, 0, 0, 0, 0, 8, 0, 0, 0, 0, 0, 0, 0, 0, 0, 0, 0, 3, 3, 0, 2, 0, 0, 14, 0, 0, 0, 0, 0, 0], [0, 1, 0, 0, 0, 0, 0, 0, 0, 0, 0, 0, 0, 0, 0, 0, 0, 0, 0, 0, 0, 0, 0, 0, 0, 0, 0, 0, 0, 0, 0, 0, 0, 0, 0, 0, 0, 0, 0, 0, 0, 0, 0, 0, 0, 0, 0, 0, 0, 0, 0, 0, 0, 0, 0, 0, 0, 0, 0, 0, 0, 0, 0, 0, 0, 0, 0, 0, 0, 0, 0, 0, 0, 0, 0, 0, 0]]
H123-compact:
([1, 1, 24, 1, 2, 4, 3, 22, 6, 11, 37, 10, 7, 1, 1, 17, 7, 12, 1, 2, 1, 3, 2, 2, 1, 1, 8, 16, 1, 2, 3, 2, 2, 4, 1, 7, 4, 4, 6, 1, 3, 6, 2, 3, 1, 1, 2, 1, 1, 1, 1, 3, 10, 3, 1, 2, 1, 1, 2, 8, 10, 3, 2, 3, 1, 1, 3, 4, 4, 2, 4, 3, 1, 1, 1, 2, 2, 2, 2], ['h1', 'h3', 'h2', 'h2', 'h2', 'h2', 'h2', 'h2', 'h2', 'h2', 'h2', 'h2', 'h2', 'h2', 'h2', 'h2', 'h2', 'h2', 'h1', 'h2', 'h2', 'h2', 'h2', 'h1', 'h2', 'h1', 'h2', 'h2', 'h2', 'h2', 'h1', 'h1', 'h1', 'h2', 'h2', 'h2', 'h2', 'h2', 'h1', 'h2', 'h2', 'h2', 'h1', 'h1', 'h2', 'h1', 'h1', 'h2', 'h2', 'h2', 'h2', 'h2', 'h2', 'h1', 'h1', 'h1', 'h1', 'h1', 'h1', 'h1', 'h1', 'h1', 'h1', 'h1', 'h1', 'h2', 'h2', 'h1', 'h1', 'h2', 'h1', 'h2', 'h1', 'h1', 'h1', 'h2', 'h1', 'h1', 'h1'])
H123:
[[1, 0, 0, 0, 0, 0, 0, 0, 0, 0, 0, 0, 0, 0, 0, 0, 0, 0, 1, 0, 0, 0, 0, 2, 0, 1, 0, 0, 0, 0, 3, 2, 2, 0, 0, 0, 0, 0, 6, 0, 0, 0, 2, 3, 0, 1, 2, 0, 0, 0, 0, 0, 0, 3, 1, 2, 1, 1, 2, 8, 10, 3, 2, 3, 1, 0, 0, 4, 4, 0, 4, 0, 1, 1, 1, 0, 2, 2, 2], [0, 0, 24, 1, 2, 4, 3, 22, 6, 11, 37, 10, 7, 1, 1, 17, 7, 12, 0, 2, 1, 3, 2, 0, 1, 0, 8, 16, 1, 2, 0, 0, 0, 4, 1, 7, 4, 4, 0, 1, 3, 6, 0, 0, 1, 0, 0, 1, 1, 1, 1, 3, 10, 0, 0, 0, 0, 0, 0, 0, 0, 0, 0, 0, 0, 1, 3, 0, 0, 2, 0, 3, 0, 0, 0, 2, 0, 0, 0], [0, 1, 0, 0, 0, 0, 0, 0, 0, 0, 0, 0, 0, 0, 0, 0, 0, 0, 0, 0, 0, 0, 0, 0, 0, 0, 0, 0, 0, 0, 0, 0, 0, 0, 0, 0, 0, 0, 0, 0, 0, 0, 0, 0, 0, 0, 0, 0, 0, 0, 0, 0, 0, 0, 0, 0, 0, 0, 0, 0, 0, 0, 0, 0, 0, 0, 0, 0, 0, 0, 0, 0, 0, 0, 0, 0, 0, 0, 0]]
H123-compact:
([1, 1, 24, 1, 2, 3, 20, 3, 7, 13, 5, 37, 1, 7, 6, 1, 17, 13, 1, 2, 2, 2, 8, 5, 1, 2, 1, 3, 1, 12, 1, 7, 3, 4, 6, 1, 2, 1, 1, 4, 1, 2, 1, 1, 1, 6, 1, 1, 1, 1, 2, 2, 1, 1, 3, 8, 2, 1, 1, 5, 12, 1, 4, 3, 1, 1, 3, 4, 4, 2, 2, 4, 4, 1, 1, 1, 2, 2, 2, 6], ['h1', 'h3', 'h2', 'h2', 'h2', 'h2', 'h2', 'h2', 'h2', 'h2', 'h2', 'h2', 'h2', 'h2', 'h2', 'h2', 'h2', 'h2', 'h1', 'h2', 'h2', 'h1', 'h2', 'h1', 'h2', 'h1', 'h2', 'h2', 'h1', 'h2', 'h2', 'h2', 'h2', 'h2', 'h1', 'h2', 'h2', 'h2', 'h1', 'h2', 'h2', 'h1', 'h2', 'h2', 'h2', 'h2', 'h2', 'h1', 'h1', 'h1', 'h1', 'h1', 'h2', 'h1', 'h1', 'h2', 'h2', 'h1', 'h1', 'h1', 'h1', 'h1', 'h1', 'h1', 'h1', 'h1', 'h2', 'h1', 'h1', 'h2', 'h2', 'h1', 'h2', 'h1', 'h1', 'h1', 'h1', 'h1', 'h1', 'h2'])
H123:
[[1, 0, 0, 0, 0, 0, 0, 0, 0, 0, 0, 0, 0, 0, 0, 0, 0, 0, 1, 0, 0, 2, 0, 5, 0, 2, 0, 0, 1, 0, 0, 0, 0, 0, 6, 0, 0, 0, 1, 0, 0, 2, 0, 0, 0, 0, 0, 1, 1, 1, 2, 2, 0, 1, 3, 0, 0, 1, 1, 5, 12, 1, 4, 3, 1, 1, 0, 4, 4, 0, 0, 4, 0, 1, 1, 1, 2, 2, 2, 0], [0, 0, 24, 1, 2, 3, 20, 3, 7, 13, 5, 37, 1, 7, 6, 1, 17, 13, 0, 2, 2, 0, 8, 0, 1, 0, 1, 3, 0, 12, 1, 7, 3, 4, 0, 1, 2, 1, 0, 4, 1, 0, 1, 1, 1, 6, 1, 0, 0, 0, 0, 0, 1, 0, 0, 8, 2, 0, 0, 0, 0, 0, 0, 0, 0, 0, 3, 0, 0, 2, 2, 0, 4, 0, 0, 0, 0, 0, 0, 6], [0, 1, 0, 0, 0, 0, 0, 0, 0, 0, 0, 0, 0, 0, 0, 0, 0, 0, 0, 0, 0, 0, 0, 0, 0, 0, 0, 0, 0, 0, 0, 0, 0, 0, 0, 0, 0, 0, 0, 0, 0, 0, 0, 0, 0, 0, 0, 0, 0, 0, 0, 0, 0, 0, 0, 0, 0, 0, 0, 0, 0, 0, 0, 0, 0, 0, 0, 0, 0, 0, 0, 0, 0, 0, 0, 0, 0, 0, 0, 0]]
H123-compact:
([1, 1, 22, 1, 2, 19, 6, 3, 12, 48, 5, 1, 1, 1, 17, 12, 1, 2, 7, 2, 2, 8, 5, 1, 3, 2, 5, 1, 1, 14, 1, 2, 2, 4, 1, 7, 4, 4, 6, 1, 3, 1, 6, 1, 2, 1, 2, 2, 1, 1, 1, 1, 8, 1, 3, 2, 1, 1, 3, 2, 2, 2, 9, 8, 1, 3, 4, 4, 2, 4, 4, 1, 1, 1, 2, 2, 2, 2], ['h1', 'h3', 'h2', 'h2', 'h2', 'h2', 'h2', 'h2', 'h2', 'h2', 'h2', 'h2', 'h2', 'h2', 'h2', 'h2', 'h1', 'h2', 'h2', 'h1', 'h2', 'h2', 'h2', 'h2', 'h2', 'h1', 'h1', 'h2', 'h1', 'h2', 'h2', 'h2', 'h2', 'h2', 'h2', 'h2', 'h2', 'h2', 'h1', 'h2', 'h2', 'h2', 'h2', 'h1', 'h1', 'h1', 'h1', 'h1', 'h2', 'h2', 'h2', 'h2', 'h2', 'h1', 'h1', 'h1', 'h1', 'h1', 'h1', 'h1', 'h1', 'h1', 'h1', 'h1', 'h1', 'h2', 'h1', 'h1', 'h2', 'h1', 'h2', 'h1', 'h1', 'h1', 'h2', 'h1', 'h1', 'h1'])
H123:
[[1, 0, 0, 0, 0, 0, 0, 0, 0, 0, 0, 0, 0, 0, 0, 0, 1, 0, 0, 2, 0, 0, 0, 0, 0, 2, 5, 0, 1, 0, 0, 0, 0, 0, 0, 0, 0, 0, 6, 0, 0, 0, 0, 1, 2, 1, 2, 2, 0, 0, 0, 0, 0, 1, 3, 2, 1, 1, 3, 2, 2, 2, 9, 8, 1, 0, 4, 4, 0, 4, 0, 1, 1, 1, 0, 2, 2, 2], [0, 0, 22, 1, 2, 19, 6, 3, 12, 48, 5, 1, 1, 1, 17, 12, 0, 2, 7, 0, 2, 8, 5, 1, 3, 0, 0, 1, 0, 14, 1, 2, 2, 4, 1, 7, 4, 4, 0, 1, 3, 1, 6, 0, 0, 0, 0, 0, 1, 1, 1, 1, 8, 0, 0, 0, 0, 0, 0, 0, 0, 0, 0, 0, 0, 3, 0, 0, 2, 0, 4, 0, 0, 0, 2, 0, 0, 0], [0, 1, 0, 0, 0, 0, 0, 0, 0, 0, 0, 0, 0, 0, 0, 0, 0, 0, 0, 0, 0, 0, 0, 0, 0, 0, 0, 0, 0, 0, 0, 0, 0, 0, 0, 0, 0, 0, 0, 0, 0, 0, 0, 0, 0, 0, 0, 0, 0, 0, 0, 0, 0, 0, 0, 0, 0, 0, 0, 0, 0, 0, 0, 0, 0, 0, 0, 0, 0, 0, 0, 0, 0, 0, 0, 0, 0, 0]]
H123-compact:
([1, 1, 21, 1, 2, 2, 20, 12, 3, 38, 10, 6, 7, 1, 8, 1, 17, 12, 2, 1, 1, 2, 8, 2, 5, 1, 1, 3, 1, 1, 14, 7, 3, 4, 8, 1, 2, 1, 4, 1, 1, 6, 1, 2, 1, 1, 1, 3, 2, 1, 2, 1, 4, 9, 9, 1, 1, 4, 12, 1, 6, 2, 2, 1, 3, 3, 4, 4, 2, 2, 3, 2, 2, 1, 1, 2, 2, 2], ['h1', 'h3', 'h2', 'h2', 'h2', 'h2', 'h2', 'h2', 'h2', 'h2', 'h2', 'h2', 'h2', 'h2', 'h2', 'h2', 'h2', 'h2', 'h2', 'h1', 'h2', 'h1', 'h2', 'h1', 'h1', 'h2', 'h2', 'h2', 'h2', 'h1', 'h2', 'h2', 'h2', 'h2', 'h1', 'h2', 'h2', 'h1', 'h2', 'h2', 'h2', 'h2', 'h2', 'h1', 'h2', 'h2', 'h2', 'h1', 'h1', 'h2', 'h1', 'h1', 'h1', 'h2', 'h2', 'h1', 'h1', 'h1', 'h1', 'h1', 'h1', 'h1', 'h1', 'h1', 'h2', 'h1', 'h1', 'h1', 'h2', 'h2', 'h2', 'h2', 'h1', 'h1', 'h1', 'h1', 'h1', 'h1'])
H123:
[[1, 0, 0, 0, 0, 0, 0, 0, 0, 0, 0, 0, 0, 0, 0, 0, 0, 0, 0, 1, 0, 2, 0, 2, 5, 0, 0, 0, 0, 1, 0, 0, 0, 0, 8, 0, 0, 1, 0, 0, 0, 0, 0, 2, 0, 0, 0, 3, 2, 0, 2, 1, 4, 0, 0, 1, 1, 4, 12, 1, 6, 2, 2, 1, 0, 3, 4, 4, 0, 0, 0, 0, 2, 1, 1, 2, 2, 2], [0, 0, 21, 1, 2, 2, 20, 12, 3, 38, 10, 6, 7, 1, 8, 1, 17, 12, 2, 0, 1, 0, 8, 0, 0, 1, 1, 3, 1, 0, 14, 7, 3, 4, 0, 1, 2, 0, 4, 1, 1, 6, 1, 0, 1, 1, 1, 0, 0, 1, 0, 0, 0, 9, 9, 0, 0, 0, 0, 0, 0, 0, 0, 0, 3, 0, 0, 0, 2, 2, 3, 2, 0, 0, 0, 0, 0, 0], [0, 1, 0, 0, 0, 0, 0, 0, 0, 0, 0, 0, 0, 0, 0, 0, 0, 0, 0, 0, 0, 0, 0, 0, 0, 0, 0, 0, 0, 0, 0, 0, 0, 0, 0, 0, 0, 0, 0, 0, 0, 0, 0, 0, 0, 0, 0, 0, 0, 0, 0, 0, 0, 0, 0, 0, 0, 0, 0, 0, 0, 0, 0, 0, 0, 0, 0, 0, 0, 0, 0, 0, 0, 0, 0, 0, 0, 0]]
H123-compact:
([1, 1, 22, 1, 2, 4, 3, 20, 10, 39, 12, 8, 1, 1, 5, 17, 13, 7, 1, 1, 2, 2, 2, 8, 5, 1, 2, 1, 3, 2, 12, 2, 7, 4, 4, 6, 1, 2, 1, 6, 1, 2, 4, 1, 1, 1, 1, 1, 2, 2, 2, 1, 1, 1, 3, 8, 1, 1, 4, 6, 3, 2, 2, 8, 1, 2, 3, 4, 4, 2, 4, 3, 1, 1, 1, 2, 2, 2, 2, 1], ['h1', 'h3', 'h2', 'h2', 'h2', 'h2', 'h2', 'h2', 'h2', 'h2', 'h2', 'h2', 'h2', 'h2', 'h2', 'h2', 'h2', 'h2', 'h1', 'h2', 'h2', 'h2', 'h1', 'h2', 'h1', 'h2', 'h1', 'h2', 'h2', 'h1', 'h2', 'h2', 'h2', 'h2', 'h2', 'h1', 'h2', 'h2', 'h2', 'h2', 'h1', 'h1', 'h2', 'h2', 'h2', 'h2', 'h2', 'h2', 'h1', 'h1', 'h1', 'h1', 'h2', 'h1', 'h1', 'h2', 'h1', 'h1', 'h1', 'h1', 'h1', 'h1', 'h1', 'h1', 'h1', 'h2', 'h2', 'h1', 'h1', 'h2', 'h1', 'h2', 'h1', 'h1', 'h1', 'h2', 'h1', 'h1', 'h1', 'h1'])
H123:
[[1, 0, 0, 0, 0, 0, 0, 0, 0, 0, 0, 0, 0, 0, 0, 0, 0, 0, 1, 0, 0, 0, 2, 0, 5, 0, 2, 0, 0, 2, 0, 0, 0, 0, 0, 6, 0, 0, 0, 0, 1, 2, 0, 0, 0, 0, 0, 0, 2, 2, 2, 1, 0, 1, 3, 0, 1, 1, 4, 6, 3, 2, 2, 8, 1, 0, 0, 4, 4, 0, 4, 0, 1, 1, 1, 0, 2, 2, 2, 1], [0, 0, 22, 1, 2, 4, 3, 20, 10, 39, 12, 8, 1, 1, 5, 17, 13, 7, 0, 1, 2, 2, 0, 8, 0, 1, 0, 1, 3, 0, 12, 2, 7, 4, 4, 0, 1, 2, 1, 6, 0, 0, 4, 1, 1, 1, 1, 1, 0, 0, 0, 0, 1, 0, 0, 8, 0, 0, 0, 0, 0, 0, 0, 0, 0, 2, 3, 0, 0, 2, 0, 3, 0, 0, 0, 2, 0, 0, 0, 0], [0, 1, 0, 0, 0, 0, 0, 0, 0, 0, 0, 0, 0, 0, 0, 0, 0, 0, 0, 0, 0, 0, 0, 0, 0, 0, 0, 0, 0, 0, 0, 0, 0, 0, 0, 0, 0, 0, 0, 0, 0, 0, 0, 0, 0, 0, 0, 0, 0, 0, 0, 0, 0, 0, 0, 0, 0, 0, 0, 0, 0, 0, 0, 0, 0, 0, 0, 0, 0, 0, 0, 0, 0, 0, 0, 0, 0, 0, 0, 0]]
H123-compact:
([1, 1, 24, 1, 2, 3, 19, 13, 53, 1, 1, 6, 1, 17, 12, 1, 7, 2, 2, 2, 8, 1, 3, 1, 14, 1, 5, 1, 2, 2, 4, 1, 7, 4, 4, 6, 2, 3, 1, 5, 1, 2, 3, 2, 1, 1, 1, 1, 2, 2, 7, 3, 1, 1, 1, 3, 1, 2, 4, 12, 3, 1, 3, 4, 4, 2, 4, 4, 2, 2, 1, 1, 2, 2, 2, 6], ['h1', 'h3', 'h2', 'h2', 'h2', 'h2', 'h2', 'h2', 'h2', 'h2', 'h2', 'h2', 'h2', 'h2', 'h2', 'h1', 'h2', 'h2', 'h2', 'h1', 'h2', 'h2', 'h2', 'h2', 'h2', 'h1', 'h1', 'h2', 'h2', 'h2', 'h2', 'h2', 'h2', 'h2', 'h2', 'h1', 'h2', 'h2', 'h2', 'h2', 'h1', 'h1', 'h1', 'h1', 'h2', 'h2', 'h2', 'h2', 'h1', 'h1', 'h2', 'h1', 'h1', 'h1', 'h1', 'h1', 'h1', 'h1', 'h1', 'h1', 'h1', 'h1', 'h2', 'h1', 'h1', 'h2', 'h1', 'h2', 'h2', 'h1', 'h1', 'h1', 'h1', 'h1', 'h1', 'h2'])
H123:
[[1, 0, 0, 0, 0, 0, 0, 0, 0, 0, 0, 0, 0, 0, 0, 1, 0, 0, 0, 2, 0, 0, 0, 0, 0, 1, 5, 0, 0, 0, 0, 0, 0, 0, 0, 6, 0, 0, 0, 0, 1, 2, 3, 2, 0, 0, 0, 0, 2, 2, 0, 3, 1, 1, 1, 3, 1, 2, 4, 12, 3, 1, 0, 4, 4, 0, 4, 0, 0, 2, 1, 1, 2, 2, 2, 0], [0, 0, 24, 1, 2, 3, 19, 13, 53, 1, 1, 6, 1, 17, 12, 0, 7, 2, 2, 0, 8, 1, 3, 1, 14, 0, 0, 1, 2, 2, 4, 1, 7, 4, 4, 0, 2, 3, 1, 5, 0, 0, 0, 0, 1, 1, 1, 1, 0, 0, 7, 0, 0, 0, 0, 0, 0, 0, 0, 0, 0, 0, 3, 0, 0, 2, 0, 4, 2, 0, 0, 0, 0, 0, 0, 6], [0, 1, 0, 0, 0, 0, 0, 0, 0, 0, 0, 0, 0, 0, 0, 0, 0, 0, 0, 0, 0, 0, 0, 0, 0, 0, 0, 0, 0, 0, 0, 0, 0, 0, 0, 0, 0, 0, 0, 0, 0, 0, 0, 0, 0, 0, 0, 0, 0, 0, 0, 0, 0, 0, 0, 0, 0, 0, 0, 0, 0, 0, 0, 0, 0, 0, 0, 0, 0, 0, 0, 0, 0, 0, 0, 0]]
H123-compact:
([1, 1, 24, 1, 2, 3, 22, 3, 8, 16, 48, 1, 1, 17, 12, 7, 5, 1, 2, 2, 7, 1, 3, 1, 1, 14, 2, 5, 1, 7, 4, 4, 6, 1, 2, 1, 1, 4, 1, 1, 1, 1, 1, 5, 2, 1, 1, 1, 1, 1, 1, 2, 1, 3, 6, 9, 2, 1, 1, 2, 2, 2, 11, 5, 6, 1, 1, 3, 4, 4, 2, 4, 4, 1, 1, 1, 2, 2, 2, 2], ['h1', 'h3', 'h2', 'h2', 'h2', 'h2', 'h2', 'h2', 'h2', 'h2', 'h2', 'h2', 'h2', 'h2', 'h2', 'h2', 'h2', 'h1', 'h2', 'h1', 'h2', 'h2', 'h2', 'h2', 'h1', 'h2', 'h1', 'h1', 'h2', 'h2', 'h2', 'h2', 'h1', 'h2', 'h2', 'h2', 'h1', 'h2', 'h2', 'h2', 'h2', 'h2', 'h2', 'h2', 'h1', 'h1', 'h1', 'h1', 'h1', 'h1', 'h2', 'h1', 'h1', 'h1', 'h2', 'h2', 'h2', 'h1', 'h1', 'h1', 'h1', 'h1', 'h1', 'h1', 'h1', 'h1', 'h2', 'h2', 'h1', 'h1', 'h2', 'h1', 'h2', 'h1', 'h1', 'h1', 'h2', 'h1', 'h1', 'h1'])
H123:
[[1, 0, 0, 0, 0, 0, 0, 0, 0, 0, 0, 0, 0, 0, 0, 0, 0, 1, 0, 2, 0, 0, 0, 0, 1, 0, 2, 5, 0, 0, 0, 0, 6, 0, 0, 0, 1, 0, 0, 0, 0, 0, 0, 0, 2, 1, 1, 1, 1, 1, 0, 2, 1, 3, 0, 0, 0, 1, 1, 2, 2, 2, 11, 5, 6, 1, 0, 0, 4, 4, 0, 4, 0, 1, 1, 1, 0, 2, 2, 2], [0, 0, 24, 1, 2, 3, 22, 3, 8, 16, 48, 1, 1, 17, 12, 7, 5, 0, 2, 0, 7, 1, 3, 1, 0, 14, 0, 0, 1, 7, 4, 4, 0, 1, 2, 1, 0, 4, 1, 1, 1, 1, 1, 5, 0, 0, 0, 0, 0, 0, 1, 0, 0, 0, 6, 9, 2, 0, 0, 0, 0, 0, 0, 0, 0, 0, 1, 3, 0, 0, 2, 0, 4, 0, 0, 0, 2, 0, 0, 0], [0, 1, 0, 0, 0, 0, 0, 0, 0, 0, 0, 0, 0, 0, 0, 0, 0, 0, 0, 0, 0, 0, 0, 0, 0, 0, 0, 0, 0, 0, 0, 0, 0, 0, 0, 0, 0, 0, 0, 0, 0, 0, 0, 0, 0, 0, 0, 0, 0, 0, 0, 0, 0, 0, 0, 0, 0, 0, 0, 0, 0, 0, 0, 0, 0, 0, 0, 0, 0, 0, 0, 0, 0, 0, 0, 0, 0, 0, 0, 0]]
H123-compact:
([1, 1, 24, 1, 2, 3, 3, 19, 8, 37, 10, 11, 7, 1, 1, 17, 1, 12, 1, 3, 5, 1, 1, 16, 2, 2, 6, 5, 1, 2, 2, 4, 1, 7, 4, 4, 6, 1, 3, 6, 1, 1, 2, 1, 2, 2, 1, 1, 1, 1, 1, 3, 7, 2, 1, 1, 2, 1, 5, 4, 12, 2, 1, 3, 1, 3, 4, 4, 2, 3, 2, 1, 1, 2, 2, 2, 2], ['h1', 'h3', 'h2', 'h2', 'h2', 'h2', 'h2', 'h2', 'h2', 'h2', 'h2', 'h2', 'h2', 'h2', 'h2', 'h2', 'h1', 'h2', 'h2', 'h2', 'h2', 'h1', 'h2', 'h2', 'h2', 'h1', 'h2', 'h1', 'h2', 'h2', 'h1', 'h2', 'h2', 'h2', 'h2', 'h2', 'h1', 'h2', 'h2', 'h2', 'h2', 'h1', 'h1', 'h1', 'h1', 'h1', 'h2', 'h2', 'h2', 'h2', 'h1', 'h1', 'h2', 'h1', 'h1', 'h1', 'h1', 'h1', 'h1', 'h1', 'h1', 'h1', 'h1', 'h2', 'h2', 'h1', 'h1', 'h1', 'h2', 'h2', 'h1', 'h1', 'h1', 'h2', 'h1', 'h1', 'h1'])
H123:
[[1, 0, 0, 0, 0, 0, 0, 0, 0, 0, 0, 0, 0, 0, 0, 0, 1, 0, 0, 0, 0, 1, 0, 0, 0, 2, 0, 5, 0, 0, 2, 0, 0, 0, 0, 0, 6, 0, 0, 0, 0, 1, 2, 1, 2, 2, 0, 0, 0, 0, 1, 3, 0, 2, 1, 1, 2, 1, 5, 4, 12, 2, 1, 0, 0, 3, 4, 4, 0, 0, 2, 1, 1, 0, 2, 2, 2], [0, 0, 24, 1, 2, 3, 3, 19, 8, 37, 10, 11, 7, 1, 1, 17, 0, 12, 1, 3, 5, 0, 1, 16, 2, 0, 6, 0, 1, 2, 0, 4, 1, 7, 4, 4, 0, 1, 3, 6, 1, 0, 0, 0, 0, 0, 1, 1, 1, 1, 0, 0, 7, 0, 0, 0, 0, 0, 0, 0, 0, 0, 0, 3, 1, 0, 0, 0, 2, 3, 0, 0, 0, 2, 0, 0, 0], [0, 1, 0, 0, 0, 0, 0, 0, 0, 0, 0, 0, 0, 0, 0, 0, 0, 0, 0, 0, 0, 0, 0, 0, 0, 0, 0, 0, 0, 0, 0, 0, 0, 0, 0, 0, 0, 0, 0, 0, 0, 0, 0, 0, 0, 0, 0, 0, 0, 0, 0, 0, 0, 0, 0, 0, 0, 0, 0, 0, 0, 0, 0, 0, 0, 0, 0, 0, 0, 0, 0, 0, 0, 0, 0, 0, 0]]
H123-compact:
([1, 1, 22, 1, 2, 2, 19, 12, 3, 45, 5, 1, 6, 1, 1, 16, 11, 2, 1, 8, 2, 2, 8, 6, 1, 3, 1, 1, 16, 2, 5, 2, 5, 1, 7, 4, 4, 6, 1, 2, 6, 1, 1, 1, 1, 1, 1, 1, 2, 1, 1, 1, 1, 2, 1, 3, 2, 7, 1, 1, 6, 2, 1, 4, 3, 10, 1, 3, 4, 4, 4, 2, 3, 1, 1, 1, 2, 2, 2, 2, 2], ['h1', 'h3', 'h2', 'h2', 'h2', 'h2', 'h2', 'h2', 'h2', 'h2', 'h2', 'h2', 'h2', 'h2', 'h2', 'h2', 'h2', 'h2', 'h1', 'h2', 'h1', 'h2', 'h2', 'h2', 'h2', 'h2', 'h2', 'h1', 'h2', 'h2', 'h1', 'h2', 'h2', 'h2', 'h2', 'h2', 'h2', 'h1', 'h2', 'h2', 'h2', 'h2', 'h1', 'h1', 'h1', 'h1', 'h1', 'h1', 'h1', 'h2', 'h2', 'h2', 'h2', 'h1', 'h1', 'h1', 'h1', 'h2', 'h1', 'h1', 'h1', 'h1', 'h1', 'h1', 'h1', 'h1', 'h1', 'h2', 'h1', 'h1', 'h1', 'h2', 'h2', 'h1', 'h1', 'h1', 'h2', 'h2', 'h1', 'h1', 'h1'])
H123:
[[1, 0, 0, 0, 0, 0, 0, 0, 0, 0, 0, 0, 0, 0, 0, 0, 0, 0, 1, 0, 2, 0, 0, 0, 0, 0, 0, 1, 0, 0, 5, 0, 0, 0, 0, 0, 0, 6, 0, 0, 0, 0, 1, 1, 1, 1, 1, 1, 2, 0, 0, 0, 0, 2, 1, 3, 2, 0, 1, 1, 6, 2, 1, 4, 3, 10, 1, 0, 4, 4, 4, 0, 0, 1, 1, 1, 0, 0, 2, 2, 2], [0, 0, 22, 1, 2, 2, 19, 12, 3, 45, 5, 1, 6, 1, 1, 16, 11, 2, 0, 8, 0, 2, 8, 6, 1, 3, 1, 0, 16, 2, 0, 2, 5, 1, 7, 4, 4, 0, 1, 2, 6, 1, 0, 0, 0, 0, 0, 0, 0, 1, 1, 1, 1, 0, 0, 0, 0, 7, 0, 0, 0, 0, 0, 0, 0, 0, 0, 3, 0, 0, 0, 2, 3, 0, 0, 0, 2, 2, 0, 0, 0], [0, 1, 0, 0, 0, 0, 0, 0, 0, 0, 0, 0, 0, 0, 0, 0, 0, 0, 0, 0, 0, 0, 0, 0, 0, 0, 0, 0, 0, 0, 0, 0, 0, 0, 0, 0, 0, 0, 0, 0, 0, 0, 0, 0, 0, 0, 0, 0, 0, 0, 0, 0, 0, 0, 0, 0, 0, 0, 0, 0, 0, 0, 0, 0, 0, 0, 0, 0, 0, 0, 0, 0, 0, 0, 0, 0, 0, 0, 0, 0, 0]]
H123-compact:
([1, 1, 23, 1, 2, 4, 3, 22, 12, 47, 6, 6, 1, 1, 17, 12, 7, 1, 2, 2, 2, 8, 1, 3, 1, 14, 1, 2, 1, 2, 5, 4, 1, 7, 4, 4, 6, 1, 2, 3, 1, 2, 1, 1, 1, 1, 2, 1, 1, 1, 1, 9, 3, 2, 3, 1, 1, 1, 2, 5, 1, 3, 11, 5, 1, 3, 4, 4, 1, 4, 2, 3, 1, 1, 1, 2, 2, 2, 2], ['h1', 'h3', 'h2', 'h2', 'h2', 'h2', 'h2', 'h2', 'h2', 'h2', 'h2', 'h2', 'h2', 'h2', 'h2', 'h2', 'h2', 'h1', 'h2', 'h2', 'h1', 'h2', 'h2', 'h2', 'h1', 'h2', 'h2', 'h1', 'h2', 'h2', 'h1', 'h2', 'h2', 'h2', 'h2', 'h2', 'h1', 'h2', 'h2', 'h2', 'h1', 'h1', 'h1', 'h1', 'h1', 'h2', 'h1', 'h2', 'h2', 'h2', 'h2', 'h2', 'h2', 'h1', 'h1', 'h1', 'h1', 'h1', 'h1', 'h1', 'h1', 'h1', 'h1', 'h1', 'h1', 'h2', 'h1', 'h1', 'h2', 'h1', 'h2', 'h2', 'h1', 'h1', 'h1', 'h2', 'h1', 'h1', 'h1'])
H123:
[[1, 0, 0, 0, 0, 0, 0, 0, 0, 0, 0, 0, 0, 0, 0, 0, 0, 1, 0, 0, 2, 0, 0, 0, 1, 0, 0, 2, 0, 0, 5, 0, 0, 0, 0, 0, 6, 0, 0, 0, 1, 2, 1, 1, 1, 0, 2, 0, 0, 0, 0, 0, 0, 2, 3, 1, 1, 1, 2, 5, 1, 3, 11, 5, 1, 0, 4, 4, 0, 4, 0, 0, 1, 1, 1, 0, 2, 2, 2], [0, 0, 23, 1, 2, 4, 3, 22, 12, 47, 6, 6, 1, 1, 17, 12, 7, 0, 2, 2, 0, 8, 1, 3, 0, 14, 1, 0, 1, 2, 0, 4, 1, 7, 4, 4, 0, 1, 2, 3, 0, 0, 0, 0, 0, 1, 0, 1, 1, 1, 1, 9, 3, 0, 0, 0, 0, 0, 0, 0, 0, 0, 0, 0, 0, 3, 0, 0, 1, 0, 2, 3, 0, 0, 0, 2, 0, 0, 0], [0, 1, 0, 0, 0, 0, 0, 0, 0, 0, 0, 0, 0, 0, 0, 0, 0, 0, 0, 0, 0, 0, 0, 0, 0, 0, 0, 0, 0, 0, 0, 0, 0, 0, 0, 0, 0, 0, 0, 0, 0, 0, 0, 0, 0, 0, 0, 0, 0, 0, 0, 0, 0, 0, 0, 0, 0, 0, 0, 0, 0, 0, 0, 0, 0, 0, 0, 0, 0, 0, 0, 0, 0, 0, 0, 0, 0, 0, 0]]
H123-compact:
([1, 1, 21, 1, 2, 20, 8, 3, 10, 14, 39, 1, 1, 1, 17, 12, 1, 7, 2, 8, 2, 1, 3, 5, 1, 2, 3, 14, 1, 7, 2, 4, 6, 2, 1, 4, 1, 1, 2, 4, 1, 1, 6, 2, 2, 1, 2, 1, 1, 1, 2, 1, 3, 9, 1, 3, 2, 1, 1, 3, 7, 2, 2, 2, 11, 1, 3, 4, 4, 4, 2, 3, 1, 1, 1, 2, 2, 2, 2], ['h1', 'h3', 'h2', 'h2', 'h2', 'h2', 'h2', 'h2', 'h2', 'h2', 'h2', 'h2', 'h2', 'h2', 'h2', 'h2', 'h1', 'h2', 'h1', 'h2', 'h2', 'h2', 'h2', 'h2', 'h2', 'h1', 'h1', 'h2', 'h2', 'h2', 'h1', 'h2', 'h1', 'h2', 'h2', 'h2', 'h2', 'h1', 'h2', 'h2', 'h2', 'h2', 'h2', 'h1', 'h1', 'h1', 'h1', 'h2', 'h2', 'h2', 'h1', 'h2', 'h2', 'h2', 'h1', 'h1', 'h1', 'h1', 'h1', 'h1', 'h1', 'h1', 'h1', 'h1', 'h1', 'h1', 'h2', 'h1', 'h1', 'h1', 'h2', 'h2', 'h1', 'h1', 'h1', 'h2', 'h1', 'h1', 'h1'])
H123:
[[1, 0, 0, 0, 0, 0, 0, 0, 0, 0, 0, 0, 0, 0, 0, 0, 1, 0, 2, 0, 0, 0, 0, 0, 0, 2, 3, 0, 0, 0, 2, 0, 6, 0, 0, 0, 0, 1, 0, 0, 0, 0, 0, 2, 2, 1, 2, 0, 0, 0, 2, 0, 0, 0, 1, 3, 2, 1, 1, 3, 7, 2, 2, 2, 11, 1, 0, 4, 4, 4, 0, 0, 1, 1, 1, 0, 2, 2, 2], [0, 0, 21, 1, 2, 20, 8, 3, 10, 14, 39, 1, 1, 1, 17, 12, 0, 7, 0, 8, 2, 1, 3, 5, 1, 0, 0, 14, 1, 7, 0, 4, 0, 2, 1, 4, 1, 0, 2, 4, 1, 1, 6, 0, 0, 0, 0, 1, 1, 1, 0, 1, 3, 9, 0, 0, 0, 0, 0, 0, 0, 0, 0, 0, 0, 0, 3, 0, 0, 0, 2, 3, 0, 0, 0, 2, 0, 0, 0], [0, 1, 0, 0, 0, 0, 0, 0, 0, 0, 0, 0, 0, 0, 0, 0, 0, 0, 0, 0, 0, 0, 0, 0, 0, 0, 0, 0, 0, 0, 0, 0, 0, 0, 0, 0, 0, 0, 0, 0, 0, 0, 0, 0, 0, 0, 0, 0, 0, 0, 0, 0, 0, 0, 0, 0, 0, 0, 0, 0, 0, 0, 0, 0, 0, 0, 0, 0, 0, 0, 0, 0, 0, 0, 0, 0, 0, 0, 0]]
H123-compact:
([1, 1, 24, 1, 2, 2, 3, 19, 6, 11, 51, 6, 1, 6, 1, 17, 12, 2, 1, 1, 3, 2, 1, 1, 14, 2, 8, 2, 5, 1, 5, 1, 7, 4, 4, 6, 1, 2, 6, 1, 1, 2, 3, 2, 1, 1, 1, 2, 1, 2, 7, 1, 3, 1, 1, 2, 3, 6, 3, 10, 3, 1, 1, 3, 4, 4, 4, 2, 4, 1, 1, 1, 2, 2, 2, 2], ['h1', 'h3', 'h2', 'h2', 'h2', 'h2', 'h2', 'h2', 'h2', 'h2', 'h2', 'h2', 'h2', 'h2', 'h2', 'h2', 'h2', 'h2', 'h1', 'h2', 'h2', 'h2', 'h2', 'h1', 'h2', 'h1', 'h2', 'h2', 'h1', 'h2', 'h2', 'h2', 'h2', 'h2', 'h2', 'h1', 'h2', 'h2', 'h2', 'h2', 'h1', 'h1', 'h1', 'h1', 'h2', 'h2', 'h2', 'h1', 'h2', 'h1', 'h2', 'h1', 'h1', 'h1', 'h1', 'h1', 'h1', 'h1', 'h1', 'h1', 'h1', 'h1', 'h2', 'h2', 'h1', 'h1', 'h1', 'h2', 'h2', 'h1', 'h1', 'h1', 'h2', 'h1', 'h1', 'h1'])
H123:
[[1, 0, 0, 0, 0, 0, 0, 0, 0, 0, 0, 0, 0, 0, 0, 0, 0, 0, 1, 0, 0, 0, 0, 1, 0, 2, 0, 0, 5, 0, 0, 0, 0, 0, 0, 6, 0, 0, 0, 0, 1, 2, 3, 2, 0, 0, 0, 2, 0, 2, 0, 1, 3, 1, 1, 2, 3, 6, 3, 10, 3, 1, 0, 0, 4, 4, 4, 0, 0, 1, 1, 1, 0, 2, 2, 2], [0, 0, 24, 1, 2, 2, 3, 19, 6, 11, 51, 6, 1, 6, 1, 17, 12, 2, 0, 1, 3, 2, 1, 0, 14, 0, 8, 2, 0, 1, 5, 1, 7, 4, 4, 0, 1, 2, 6, 1, 0, 0, 0, 0, 1, 1, 1, 0, 1, 0, 7, 0, 0, 0, 0, 0, 0, 0, 0, 0, 0, 0, 1, 3, 0, 0, 0, 2, 4, 0, 0, 0, 2, 0, 0, 0], [0, 1, 0, 0, 0, 0, 0, 0, 0, 0, 0, 0, 0, 0, 0, 0, 0, 0, 0, 0, 0, 0, 0, 0, 0, 0, 0, 0, 0, 0, 0, 0, 0, 0, 0, 0, 0, 0, 0, 0, 0, 0, 0, 0, 0, 0, 0, 0, 0, 0, 0, 0, 0, 0, 0, 0, 0, 0, 0, 0, 0, 0, 0, 0, 0, 0, 0, 0, 0, 0, 0, 0, 0, 0, 0, 0]]
H123-compact:
([1, 1, 22, 1, 2, 3, 20, 3, 15, 44, 5, 8, 1, 1, 1, 17, 12, 1, 2, 7, 2, 8, 1, 3, 2, 6, 5, 1, 14, 1, 1, 7, 4, 4, 6, 1, 2, 5, 1, 1, 4, 1, 1, 1, 1, 2, 1, 2, 1, 2, 1, 8, 3, 1, 2, 1, 1, 13, 3, 4, 2, 1, 3, 1, 3, 4, 4, 4, 2, 3, 1, 1, 1, 2, 2, 2, 2], ['h1', 'h3', 'h2', 'h2', 'h2', 'h2', 'h2', 'h2', 'h2', 'h2', 'h2', 'h2', 'h2', 'h2', 'h2', 'h2', 'h2', 'h1', 'h2', 'h2', 'h1', 'h2', 'h2', 'h2', 'h1', 'h2', 'h1', 'h1', 'h2', 'h2', 'h2', 'h2', 'h2', 'h2', 'h1', 'h2', 'h2', 'h2', 'h1', 'h2', 'h2', 'h2', 'h2', 'h2', 'h2', 'h1', 'h2', 'h1', 'h1', 'h1', 'h2', 'h2', 'h1', 'h1', 'h1', 'h1', 'h1', 'h1', 'h1', 'h1', 'h1', 'h1', 'h1', 'h1', 'h2', 'h1', 'h1', 'h1', 'h2', 'h2', 'h1', 'h1', 'h1', 'h2', 'h1', 'h1', 'h1'])
H123:
[[1, 0, 0, 0, 0, 0, 0, 0, 0, 0, 0, 0, 0, 0, 0, 0, 0, 1, 0, 0, 2, 0, 0, 0, 2, 0, 5, 1, 0, 0, 0, 0, 0, 0, 6, 0, 0, 0, 1, 0, 0, 0, 0, 0, 0, 2, 0, 2, 1, 2, 0, 0, 3, 1, 2, 1, 1, 13, 3, 4, 2, 1, 3, 1, 0, 4, 4, 4, 0, 0, 1, 1, 1, 0, 2, 2, 2], [0, 0, 22, 1, 2, 3, 20, 3, 15, 44, 5, 8, 1, 1, 1, 17, 12, 0, 2, 7, 0, 8, 1, 3, 0, 6, 0, 0, 14, 1, 1, 7, 4, 4, 0, 1, 2, 5, 0, 1, 4, 1, 1, 1, 1, 0, 1, 0, 0, 0, 1, 8, 0, 0, 0, 0, 0, 0, 0, 0, 0, 0, 0, 0, 3, 0, 0, 0, 2, 3, 0, 0, 0, 2, 0, 0, 0], [0, 1, 0, 0, 0, 0, 0, 0, 0, 0, 0, 0, 0, 0, 0, 0, 0, 0, 0, 0, 0, 0, 0, 0, 0, 0, 0, 0, 0, 0, 0, 0, 0, 0, 0, 0, 0, 0, 0, 0, 0, 0, 0, 0, 0, 0, 0, 0, 0, 0, 0, 0, 0, 0, 0, 0, 0, 0, 0, 0, 0, 0, 0, 0, 0, 0, 0, 0, 0, 0, 0, 0, 0, 0, 0, 0, 0]]
H123-compact:
([1, 1, 24, 1, 2, 3, 18, 39, 10, 15, 7, 1, 5, 1, 17, 13, 1, 2, 1, 3, 1, 14, 1, 2, 8, 8, 2, 2, 2, 1, 3, 5, 1, 3, 1, 2, 1, 1, 7, 4, 4, 6, 1, 2, 1, 6, 1, 2, 2, 1, 1, 1, 1, 2, 3, 1, 7, 1, 1, 2, 2, 1, 7, 4, 12, 1, 1, 3, 4, 4, 2, 2, 4, 2, 1, 1, 1, 2, 2, 2, 2], ['h1', 'h3', 'h2', 'h2', 'h2', 'h2', 'h2', 'h2', 'h2', 'h2', 'h2', 'h2', 'h2', 'h2', 'h2', 'h2', 'h1', 'h2', 'h2', 'h2', 'h1', 'h2', 'h2', 'h2', 'h2', 'h2', 'h1', 'h2', 'h1', 'h2', 'h2', 'h2', 'h2', 'h1', 'h1', 'h1', 'h1', 'h1', 'h2', 'h2', 'h2', 'h1', 'h2', 'h2', 'h2', 'h2', 'h1', 'h1', 'h1', 'h2', 'h2', 'h2', 'h2', 'h1', 'h1', 'h1', 'h2', 'h1', 'h1', 'h1', 'h1', 'h1', 'h1', 'h1', 'h1', 'h1', 'h2', 'h2', 'h1', 'h1', 'h2', 'h2', 'h1', 'h2', 'h1', 'h1', 'h1', 'h2', 'h1', 'h1', 'h1'])
H123:
[[1, 0, 0, 0, 0, 0, 0, 0, 0, 0, 0, 0, 0, 0, 0, 0, 1, 0, 0, 0, 1, 0, 0, 0, 0, 0, 2, 0, 2, 0, 0, 0, 0, 3, 1, 2, 1, 1, 0, 0, 0, 6, 0, 0, 0, 0, 1, 2, 2, 0, 0, 0, 0, 2, 3, 1, 0, 1, 1, 2, 2, 1, 7, 4, 12, 1, 0, 0, 4, 4, 0, 0, 4, 0, 1, 1, 1, 0, 2, 2, 2], [0, 0, 24, 1, 2, 3, 18, 39, 10, 15, 7, 1, 5, 1, 17, 13, 0, 2, 1, 3, 0, 14, 1, 2, 8, 8, 0, 2, 0, 1, 3, 5, 1, 0, 0, 0, 0, 0, 7, 4, 4, 0, 1, 2, 1, 6, 0, 0, 0, 1, 1, 1, 1, 0, 0, 0, 7, 0, 0, 0, 0, 0, 0, 0, 0, 0, 1, 3, 0, 0, 2, 2, 0, 2, 0, 0, 0, 2, 0, 0, 0], [0, 1, 0, 0, 0, 0, 0, 0, 0, 0, 0, 0, 0, 0, 0, 0, 0, 0, 0, 0, 0, 0, 0, 0, 0, 0, 0, 0, 0, 0, 0, 0, 0, 0, 0, 0, 0, 0, 0, 0, 0, 0, 0, 0, 0, 0, 0, 0, 0, 0, 0, 0, 0, 0, 0, 0, 0, 0, 0, 0, 0, 0, 0, 0, 0, 0, 0, 0, 0, 0, 0, 0, 0, 0, 0, 0, 0, 0, 0, 0, 0]]
H123-compact:
([1, 1, 22, 1, 2, 3, 20, 13, 3, 44, 6, 1, 8, 1, 17, 12, 1, 5, 2, 1, 3, 1, 2, 1, 14, 2, 6, 2, 5, 1, 4, 1, 1, 2, 2, 7, 4, 4, 6, 1, 2, 1, 5, 1, 2, 1, 1, 1, 2, 1, 7, 3, 1, 2, 1, 1, 6, 3, 11, 2, 4, 2, 1, 1, 3, 4, 4, 4, 2, 3, 1, 1, 1, 2, 2, 2, 2], ['h1', 'h3', 'h2', 'h2', 'h2', 'h2', 'h2', 'h2', 'h2', 'h2', 'h2', 'h2', 'h2', 'h2', 'h2', 'h2', 'h1', 'h2', 'h2', 'h2', 'h2', 'h2', 'h2', 'h1', 'h2', 'h1', 'h2', 'h2', 'h1', 'h2', 'h2', 'h2', 'h1', 'h1', 'h1', 'h2', 'h2', 'h2', 'h1', 'h2', 'h2', 'h2', 'h2', 'h1', 'h1', 'h2', 'h2', 'h2', 'h1', 'h2', 'h2', 'h1', 'h1', 'h1', 'h1', 'h1', 'h1', 'h1', 'h1', 'h1', 'h1', 'h1', 'h1', 'h2', 'h2', 'h1', 'h1', 'h1', 'h2', 'h2', 'h1', 'h1', 'h1', 'h2', 'h1', 'h1', 'h1'])
H123:
[[1, 0, 0, 0, 0, 0, 0, 0, 0, 0, 0, 0, 0, 0, 0, 0, 1, 0, 0, 0, 0, 0, 0, 1, 0, 2, 0, 0, 5, 0, 0, 0, 1, 2, 2, 0, 0, 0, 6, 0, 0, 0, 0, 1, 2, 0, 0, 0, 2, 0, 0, 3, 1, 2, 1, 1, 6, 3, 11, 2, 4, 2, 1, 0, 0, 4, 4, 4, 0, 0, 1, 1, 1, 0, 2, 2, 2], [0, 0, 22, 1, 2, 3, 20, 13, 3, 44, 6, 1, 8, 1, 17, 12, 0, 5, 2, 1, 3, 1, 2, 0, 14, 0, 6, 2, 0, 1, 4, 1, 0, 0, 0, 7, 4, 4, 0, 1, 2, 1, 5, 0, 0, 1, 1, 1, 0, 1, 7, 0, 0, 0, 0, 0, 0, 0, 0, 0, 0, 0, 0, 1, 3, 0, 0, 0, 2, 3, 0, 0, 0, 2, 0, 0, 0], [0, 1, 0, 0, 0, 0, 0, 0, 0, 0, 0, 0, 0, 0, 0, 0, 0, 0, 0, 0, 0, 0, 0, 0, 0, 0, 0, 0, 0, 0, 0, 0, 0, 0, 0, 0, 0, 0, 0, 0, 0, 0, 0, 0, 0, 0, 0, 0, 0, 0, 0, 0, 0, 0, 0, 0, 0, 0, 0, 0, 0, 0, 0, 0, 0, 0, 0, 0, 0, 0, 0, 0, 0, 0, 0, 0, 0]]
H123-compact:
([1, 1, 23, 1, 2, 20, 3, 13, 10, 40, 7, 1, 1, 5, 17, 5, 2, 13, 1, 1, 2, 2, 8, 5, 1, 1, 3, 2, 1, 14, 1, 7, 4, 4, 6, 1, 2, 5, 2, 2, 1, 4, 1, 2, 1, 1, 5, 1, 1, 1, 1, 3, 1, 8, 1, 1, 6, 9, 2, 5, 5, 1, 1, 3, 4, 4, 4, 2, 4, 1, 1, 1, 2, 2, 2, 2], ['h1', 'h3', 'h2', 'h2', 'h2', 'h2', 'h2', 'h2', 'h2', 'h2', 'h2', 'h2', 'h2', 'h2', 'h2', 'h2', 'h2', 'h2', 'h1', 'h2', 'h1', 'h2', 'h2', 'h1', 'h2', 'h2', 'h2', 'h1', 'h1', 'h2', 'h2', 'h2', 'h2', 'h2', 'h1', 'h2', 'h2', 'h2', 'h2', 'h1', 'h2', 'h2', 'h2', 'h1', 'h1', 'h2', 'h1', 'h2', 'h2', 'h2', 'h2', 'h1', 'h1', 'h2', 'h1', 'h1', 'h1', 'h1', 'h1', 'h1', 'h1', 'h1', 'h1', 'h2', 'h1', 'h1', 'h1', 'h2', 'h2', 'h1', 'h1', 'h1', 'h2', 'h1', 'h1', 'h1'])
H123:
[[1, 0, 0, 0, 0, 0, 0, 0, 0, 0, 0, 0, 0, 0, 0, 0, 0, 0, 1, 0, 2, 0, 0, 5, 0, 0, 0, 2, 1, 0, 0, 0, 0, 0, 6, 0, 0, 0, 0, 2, 0, 0, 0, 2, 1, 0, 5, 0, 0, 0, 0, 3, 1, 0, 1, 1, 6, 9, 2, 5, 5, 1, 1, 0, 4, 4, 4, 0, 0, 1, 1, 1, 0, 2, 2, 2], [0, 0, 23, 1, 2, 20, 3, 13, 10, 40, 7, 1, 1, 5, 17, 5, 2, 13, 0, 1, 0, 2, 8, 0, 1, 1, 3, 0, 0, 14, 1, 7, 4, 4, 0, 1, 2, 5, 2, 0, 1, 4, 1, 0, 0, 1, 0, 1, 1, 1, 1, 0, 0, 8, 0, 0, 0, 0, 0, 0, 0, 0, 0, 3, 0, 0, 0, 2, 4, 0, 0, 0, 2, 0, 0, 0], [0, 1, 0, 0, 0, 0, 0, 0, 0, 0, 0, 0, 0, 0, 0, 0, 0, 0, 0, 0, 0, 0, 0, 0, 0, 0, 0, 0, 0, 0, 0, 0, 0, 0, 0, 0, 0, 0, 0, 0, 0, 0, 0, 0, 0, 0, 0, 0, 0, 0, 0, 0, 0, 0, 0, 0, 0, 0, 0, 0, 0, 0, 0, 0, 0, 0, 0, 0, 0, 0, 0, 0, 0, 0, 0, 0]]
H123-compact:
([1, 1, 22, 1, 2, 3, 21, 8, 37, 10, 11, 7, 1, 1, 17, 13, 1, 5, 2, 1, 2, 8, 5, 1, 2, 1, 3, 1, 1, 14, 7, 4, 4, 6, 1, 3, 1, 6, 2, 2, 4, 1, 1, 1, 2, 3, 2, 1, 1, 1, 1, 2, 9, 3, 1, 1, 1, 6, 2, 2, 9, 6, 3, 1, 3, 4, 4, 4, 2, 4, 1, 1, 1, 2, 2, 2, 2, 2, 1], ['h1', 'h3', 'h2', 'h2', 'h2', 'h2', 'h2', 'h2', 'h2', 'h2', 'h2', 'h2', 'h2', 'h2', 'h2', 'h2', 'h1', 'h2', 'h2', 'h2', 'h1', 'h2', 'h1', 'h2', 'h1', 'h2', 'h2', 'h2', 'h1', 'h2', 'h2', 'h2', 'h2', 'h1', 'h2', 'h2', 'h2', 'h2', 'h2', 'h1', 'h2', 'h2', 'h1', 'h2', 'h1', 'h1', 'h1', 'h2', 'h2', 'h2', 'h2', 'h2', 'h2', 'h1', 'h1', 'h1', 'h1', 'h1', 'h1', 'h1', 'h1', 'h1', 'h1', 'h1', 'h2', 'h1', 'h1', 'h1', 'h2', 'h2', 'h1', 'h1', 'h1', 'h2', 'h2', 'h1', 'h1', 'h1', 'h1'])
H123:
[[1, 0, 0, 0, 0, 0, 0, 0, 0, 0, 0, 0, 0, 0, 0, 0, 1, 0, 0, 0, 2, 0, 5, 0, 2, 0, 0, 0, 1, 0, 0, 0, 0, 6, 0, 0, 0, 0, 0, 2, 0, 0, 1, 0, 2, 3, 2, 0, 0, 0, 0, 0, 0, 3, 1, 1, 1, 6, 2, 2, 9, 6, 3, 1, 0, 4, 4, 4, 0, 0, 1, 1, 1, 0, 0, 2, 2, 2, 1], [0, 0, 22, 1, 2, 3, 21, 8, 37, 10, 11, 7, 1, 1, 17, 13, 0, 5, 2, 1, 0, 8, 0, 1, 0, 1, 3, 1, 0, 14, 7, 4, 4, 0, 1, 3, 1, 6, 2, 0, 4, 1, 0, 1, 0, 0, 0, 1, 1, 1, 1, 2, 9, 0, 0, 0, 0, 0, 0, 0, 0, 0, 0, 0, 3, 0, 0, 0, 2, 4, 0, 0, 0, 2, 2, 0, 0, 0, 0], [0, 1, 0, 0, 0, 0, 0, 0, 0, 0, 0, 0, 0, 0, 0, 0, 0, 0, 0, 0, 0, 0, 0, 0, 0, 0, 0, 0, 0, 0, 0, 0, 0, 0, 0, 0, 0, 0, 0, 0, 0, 0, 0, 0, 0, 0, 0, 0, 0, 0, 0, 0, 0, 0, 0, 0, 0, 0, 0, 0, 0, 0, 0, 0, 0, 0, 0, 0, 0, 0, 0, 0, 0, 0, 0, 0, 0, 0, 0]]
H123-compact:
([1, 1, 22, 1, 2, 3, 20, 6, 12, 3, 40, 5, 1, 7, 1, 17, 11, 1, 6, 2, 8, 2, 2, 5, 1, 2, 1, 3, 1, 1, 14, 7, 4, 4, 6, 1, 2, 1, 1, 4, 1, 1, 6, 1, 1, 1, 2, 2, 2, 1, 2, 1, 3, 1, 1, 10, 1, 1, 7, 2, 7, 2, 7, 2, 1, 3, 4, 4, 4, 2, 3, 1, 1, 1, 2, 2, 2, 2], ['h1', 'h3', 'h2', 'h2', 'h2', 'h2', 'h2', 'h2', 'h2', 'h2', 'h2', 'h2', 'h2', 'h2', 'h2', 'h2', 'h2', 'h1', 'h2', 'h2', 'h2', 'h2', 'h1', 'h1', 'h2', 'h1', 'h2', 'h2', 'h2', 'h1', 'h2', 'h2', 'h2', 'h2', 'h1', 'h2', 'h2', 'h2', 'h1', 'h2', 'h2', 'h2', 'h2', 'h2', 'h2', 'h2', 'h1', 'h1', 'h1', 'h1', 'h1', 'h2', 'h1', 'h1', 'h2', 'h2', 'h1', 'h1', 'h1', 'h1', 'h1', 'h1', 'h1', 'h1', 'h1', 'h2', 'h1', 'h1', 'h1', 'h2', 'h2', 'h1', 'h1', 'h1', 'h2', 'h1', 'h1', 'h1'])
H123:
[[1, 0, 0, 0, 0, 0, 0, 0, 0, 0, 0, 0, 0, 0, 0, 0, 0, 1, 0, 0, 0, 0, 2, 5, 0, 2, 0, 0, 0, 1, 0, 0, 0, 0, 6, 0, 0, 0, 1, 0, 0, 0, 0, 0, 0, 0, 2, 2, 2, 1, 2, 0, 3, 1, 0, 0, 1, 1, 7, 2, 7, 2, 7, 2, 1, 0, 4, 4, 4, 0, 0, 1, 1, 1, 0, 2, 2, 2], [0, 0, 22, 1, 2, 3, 20, 6, 12, 3, 40, 5, 1, 7, 1, 17, 11, 0, 6, 2, 8, 2, 0, 0, 1, 0, 1, 3, 1, 0, 14, 7, 4, 4, 0, 1, 2, 1, 0, 4, 1, 1, 6, 1, 1, 1, 0, 0, 0, 0, 0, 1, 0, 0, 1, 10, 0, 0, 0, 0, 0, 0, 0, 0, 0, 3, 0, 0, 0, 2, 3, 0, 0, 0, 2, 0, 0, 0], [0, 1, 0, 0, 0, 0, 0, 0, 0, 0, 0, 0, 0, 0, 0, 0, 0, 0, 0, 0, 0, 0, 0, 0, 0, 0, 0, 0, 0, 0, 0, 0, 0, 0, 0, 0, 0, 0, 0, 0, 0, 0, 0, 0, 0, 0, 0, 0, 0, 0, 0, 0, 0, 0, 0, 0, 0, 0, 0, 0, 0, 0, 0, 0, 0, 0, 0, 0, 0, 0, 0, 0, 0, 0, 0, 0, 0, 0]]
H123-compact:
([1, 1, 24, 1, 2, 20, 3, 12, 41, 10, 6, 1, 1, 17, 5, 6, 12, 2, 1, 1, 3, 2, 1, 2, 16, 8, 1, 2, 2, 1, 5, 3, 1, 5, 7, 4, 4, 6, 1, 2, 1, 2, 1, 2, 6, 1, 2, 1, 1, 1, 1, 1, 3, 7, 2, 1, 1, 4, 2, 3, 1, 9, 8, 1, 1, 3, 4, 4, 4, 2, 4, 1, 1, 1, 2, 2, 2, 2], ['h1', 'h3', 'h2', 'h2', 'h2', 'h2', 'h2', 'h2', 'h2', 'h2', 'h2', 'h2', 'h2', 'h2', 'h2', 'h2', 'h2', 'h2', 'h1', 'h2', 'h2', 'h2', 'h1', 'h1', 'h2', 'h2', 'h2', 'h1', 'h2', 'h2', 'h2', 'h2', 'h2', 'h1', 'h2', 'h2', 'h2', 'h1', 'h2', 'h2', 'h2', 'h1', 'h1', 'h1', 'h2', 'h1', 'h1', 'h2', 'h2', 'h2', 'h2', 'h1', 'h1', 'h2', 'h1', 'h1', 'h1', 'h1', 'h1', 'h1', 'h1', 'h1', 'h1', 'h1', 'h2', 'h2', 'h1', 'h1', 'h1', 'h2', 'h2', 'h1', 'h1', 'h1', 'h2', 'h1', 'h1', 'h1'])
H123:
[[1, 0, 0, 0, 0, 0, 0, 0, 0, 0, 0, 0, 0, 0, 0, 0, 0, 0, 1, 0, 0, 0, 1, 2, 0, 0, 0, 2, 0, 0, 0, 0, 0, 5, 0, 0, 0, 6, 0, 0, 0, 2, 1, 2, 0, 1, 2, 0, 0, 0, 0, 1, 3, 0, 2, 1, 1, 4, 2, 3, 1, 9, 8, 1, 0, 0, 4, 4, 4, 0, 0, 1, 1, 1, 0, 2, 2, 2], [0, 0, 24, 1, 2, 20, 3, 12, 41, 10, 6, 1, 1, 17, 5, 6, 12, 2, 0, 1, 3, 2, 0, 0, 16, 8, 1, 0, 2, 1, 5, 3, 1, 0, 7, 4, 4, 0, 1, 2, 1, 0, 0, 0, 6, 0, 0, 1, 1, 1, 1, 0, 0, 7, 0, 0, 0, 0, 0, 0, 0, 0, 0, 0, 1, 3, 0, 0, 0, 2, 4, 0, 0, 0, 2, 0, 0, 0], [0, 1, 0, 0, 0, 0, 0, 0, 0, 0, 0, 0, 0, 0, 0, 0, 0, 0, 0, 0, 0, 0, 0, 0, 0, 0, 0, 0, 0, 0, 0, 0, 0, 0, 0, 0, 0, 0, 0, 0, 0, 0, 0, 0, 0, 0, 0, 0, 0, 0, 0, 0, 0, 0, 0, 0, 0, 0, 0, 0, 0, 0, 0, 0, 0, 0, 0, 0, 0, 0, 0, 0, 0, 0, 0, 0, 0, 0]]

