H123-compact:
([1, 2, 1, 1, 1, 2, 6], ['h1', 'h3', 'h2', 'h2', 'h2', 'h2', 'h2'])
H123:
[[1, 0, 0, 0, 0, 0, 0], [0, 0, 1, 1, 1, 2, 6], [0, 2, 0, 0, 0, 0, 0]]
H123-compact:
([1, 2, 1, 1, 1, 2, 6], ['h1', 'h3', 'h2', 'h2', 'h2', 'h2', 'h2'])
H123:
[[1, 0, 0, 0, 0, 0, 0], [0, 0, 1, 1, 1, 2, 6], [0, 2, 0, 0, 0, 0, 0]]
H123-compact:
([1, 2, 1, 1, 1, 2, 7], ['h1', 'h3', 'h2', 'h2', 'h2', 'h2', 'h2'])
H123:
[[1, 0, 0, 0, 0, 0, 0], [0, 0, 1, 1, 1, 2, 7], [0, 2, 0, 0, 0, 0, 0]]
H123-compact:
([1, 2, 1, 1, 1, 2, 6], ['h1', 'h3', 'h2', 'h2', 'h2', 'h2', 'h2'])
H123:
[[1, 0, 0, 0, 0, 0, 0], [0, 0, 1, 1, 1, 2, 6], [0, 2, 0, 0, 0, 0, 0]]
H123-compact:
([1, 2, 1, 1, 1, 2, 6], ['h1', 'h3', 'h2', 'h2', 'h2', 'h2', 'h2'])
H123:
[[1, 0, 0, 0, 0, 0, 0], [0, 0, 1, 1, 1, 2, 6], [0, 2, 0, 0, 0, 0, 0]]
H123-compact:
([1, 2, 1, 1, 1, 2, 6], ['h1', 'h3', 'h2', 'h2', 'h2', 'h2', 'h2'])
H123:
[[1, 0, 0, 0, 0, 0, 0], [0, 0, 1, 1, 1, 2, 6], [0, 2, 0, 0, 0, 0, 0]]
H123-compact:
([1, 2, 1, 1, 1, 2, 6], ['h1', 'h3', 'h2', 'h2', 'h2', 'h2', 'h2'])
H123:
[[1, 0, 0, 0, 0, 0, 0], [0, 0, 1, 1, 1, 2, 6], [0, 2, 0, 0, 0, 0, 0]]
H123-compact:
([1, 2, 1, 1, 1, 2, 6], ['h1', 'h3', 'h2', 'h2', 'h2', 'h2', 'h2'])
H123:
[[1, 0, 0, 0, 0, 0, 0], [0, 0, 1, 1, 1, 2, 6], [0, 2, 0, 0, 0, 0, 0]]
H123-compact:
([1, 2, 1, 1, 1, 2, 7], ['h1', 'h3', 'h2', 'h2', 'h2', 'h2', 'h2'])
H123:
[[1, 0, 0, 0, 0, 0, 0], [0, 0, 1, 1, 1, 2, 7], [0, 2, 0, 0, 0, 0, 0]]
H123-compact:
([1, 1, 2, 1, 1, 1, 2, 6], ['h1', 'h1', 'h3', 'h2', 'h2', 'h2', 'h2', 'h2'])
H123:
[[1, 1, 0, 0, 0, 0, 0, 0], [0, 0, 0, 1, 1, 1, 2, 6], [0, 0, 2, 0, 0, 0, 0, 0]]
H123-compact:
([1, 2, 1, 1, 1, 2, 6], ['h1', 'h3', 'h2', 'h2', 'h2', 'h2', 'h2'])
H123:
[[1, 0, 0, 0, 0, 0, 0], [0, 0, 1, 1, 1, 2, 6], [0, 2, 0, 0, 0, 0, 0]]
H123-compact:
([1, 2, 1, 1, 1, 2, 6], ['h1', 'h3', 'h2', 'h2', 'h2', 'h2', 'h2'])
H123:
[[1, 0, 0, 0, 0, 0, 0], [0, 0, 1, 1, 1, 2, 6], [0, 2, 0, 0, 0, 0, 0]]
H123-compact:
([1, 2, 1, 1, 1, 2, 6], ['h1', 'h3', 'h2', 'h2', 'h2', 'h2', 'h2'])
H123:
[[1, 0, 0, 0, 0, 0, 0], [0, 0, 1, 1, 1, 2, 6], [0, 2, 0, 0, 0, 0, 0]]
H123-compact:
([1, 2, 1, 1, 1, 2, 6], ['h1', 'h2', 'h2', 'h2', 'h2', 'h2', 'h2'])
H123:
[[1, 0, 0, 0, 0, 0, 0], [0, 2, 1, 1, 1, 2, 6], [0, 0, 0, 0, 0, 0, 0]]
H123-compact:
([1, 2, 1, 1, 1, 2, 6], ['h1', 'h3', 'h2', 'h2', 'h2', 'h2', 'h2'])
H123:
[[1, 0, 0, 0, 0, 0, 0], [0, 0, 1, 1, 1, 2, 6], [0, 2, 0, 0, 0, 0, 0]]
H123-compact:
([1, 2, 1, 1, 1, 2, 6], ['h1', 'h3', 'h2', 'h2', 'h2', 'h2', 'h2'])
H123:
[[1, 0, 0, 0, 0, 0, 0], [0, 0, 1, 1, 1, 2, 6], [0, 2, 0, 0, 0, 0, 0]]
H123-compact:
([1, 2, 1, 1, 1, 2, 6], ['h1', 'h3', 'h2', 'h2', 'h2', 'h2', 'h2'])
H123:
[[1, 0, 0, 0, 0, 0, 0], [0, 0, 1, 1, 1, 2, 6], [0, 2, 0, 0, 0, 0, 0]]
H123-compact:
([1, 2, 1, 1, 1, 2, 6], ['h1', 'h3', 'h2', 'h2', 'h2', 'h2', 'h2'])
H123:
[[1, 0, 0, 0, 0, 0, 0], [0, 0, 1, 1, 1, 2, 6], [0, 2, 0, 0, 0, 0, 0]]
H123-compact:
([1, 2, 1, 1, 1, 2, 6], ['h1', 'h3', 'h2', 'h2', 'h2', 'h2', 'h2'])
H123:
[[1, 0, 0, 0, 0, 0, 0], [0, 0, 1, 1, 1, 2, 6], [0, 2, 0, 0, 0, 0, 0]]
H123-compact:
([1, 2, 1, 1, 1, 2, 7], ['h1', 'h3', 'h2', 'h2', 'h2', 'h2', 'h2'])
H123:
[[1, 0, 0, 0, 0, 0, 0], [0, 0, 1, 1, 1, 2, 7], [0, 2, 0, 0, 0, 0, 0]]

