H123-compact:
([1, 1, 1, 26, 2, 3, 2, 20, 4, 1, 2, 1, 4, 3, 1, 6, 2], ['h1', 'h3', 'h1', 'h2', 'h2', 'h1', 'h3', 'h3', 'h1', 'h2', 'h2', 'h3', 'h3', 'h2', 'h3', 'h2', 'h2'])
H123:
[[1, 0, 1, 0, 0, 3, 0, 0, 4, 0, 0, 0, 0, 0, 0, 0, 0], [0, 0, 0, 26, 2, 0, 0, 0, 0, 1, 2, 0, 0, 3, 0, 6, 2], [0, 1, 0, 0, 0, 0, 2, 20, 0, 0, 0, 1, 4, 0, 1, 0, 0]]
H123-compact:
([1, 1, 1, 30, 2, 20, 3, 2, 4, 1, 2, 4, 1, 3, 1, 6, 2], ['h1', 'h3', 'h1', 'h2', 'h2', 'h3', 'h1', 'h3', 'h1', 'h2', 'h2', 'h3', 'h3', 'h2', 'h3', 'h2', 'h2'])
H123:
[[1, 0, 1, 0, 0, 0, 3, 0, 4, 0, 0, 0, 0, 0, 0, 0, 0], [0, 0, 0, 30, 2, 0, 0, 0, 0, 1, 2, 0, 0, 3, 0, 6, 2], [0, 1, 0, 0, 0, 20, 0, 2, 0, 0, 0, 4, 1, 0, 1, 0, 0]]
H123-compact:
([1, 1, 1, 25, 2, 20, 2, 2, 4, 1, 2, 1, 4, 3, 1, 6], ['h1', 'h3', 'h1', 'h2', 'h2', 'h3', 'h1', 'h3', 'h1', 'h2', 'h2', 'h3', 'h3', 'h2', 'h3', 'h2'])
H123:
[[1, 0, 1, 0, 0, 0, 2, 0, 4, 0, 0, 0, 0, 0, 0, 0], [0, 0, 0, 25, 2, 0, 0, 0, 0, 1, 2, 0, 0, 3, 0, 6], [0, 1, 0, 0, 0, 20, 0, 2, 0, 0, 0, 1, 4, 0, 1, 0]]
H123-compact:
([1, 1, 1, 25, 2, 20, 2, 2, 4, 1, 2, 1, 4, 3, 1, 6], ['h1', 'h3', 'h1', 'h2', 'h2', 'h3', 'h1', 'h3', 'h1', 'h2', 'h2', 'h3', 'h3', 'h2', 'h3', 'h2'])
H123:
[[1, 0, 1, 0, 0, 0, 2, 0, 4, 0, 0, 0, 0, 0, 0, 0], [0, 0, 0, 25, 2, 0, 0, 0, 0, 1, 2, 0, 0, 3, 0, 6], [0, 1, 0, 0, 0, 20, 0, 2, 0, 0, 0, 1, 4, 0, 1, 0]]
H123-compact:
([1, 1, 1, 30, 2, 3, 2, 20, 4, 1, 2, 1, 4, 3, 1, 6, 2], ['h1', 'h3', 'h1', 'h2', 'h2', 'h1', 'h3', 'h3', 'h1', 'h2', 'h2', 'h3', 'h3', 'h2', 'h2', 'h2', 'h2'])
H123:
[[1, 0, 1, 0, 0, 3, 0, 0, 4, 0, 0, 0, 0, 0, 0, 0, 0], [0, 0, 0, 30, 2, 0, 0, 0, 0, 1, 2, 0, 0, 3, 1, 6, 2], [0, 1, 0, 0, 0, 0, 2, 20, 0, 0, 0, 1, 4, 0, 0, 0, 0]]
H123-compact:
([1, 1, 1, 30, 2, 20, 2, 2, 4, 1, 2, 4, 1, 3, 1, 6], ['h1', 'h3', 'h1', 'h2', 'h2', 'h3', 'h1', 'h3', 'h1', 'h2', 'h2', 'h3', 'h3', 'h2', 'h3', 'h2'])
H123:
[[1, 0, 1, 0, 0, 0, 2, 0, 4, 0, 0, 0, 0, 0, 0, 0], [0, 0, 0, 30, 2, 0, 0, 0, 0, 1, 2, 0, 0, 3, 0, 6], [0, 1, 0, 0, 0, 20, 0, 2, 0, 0, 0, 4, 1, 0, 1, 0]]
H123-compact:
([1, 1, 1, 31, 2, 20, 7, 2, 1, 2, 4, 1, 3, 2, 1, 6], ['h1', 'h3', 'h1', 'h2', 'h2', 'h3', 'h1', 'h3', 'h2', 'h2', 'h3', 'h3', 'h2', 'h1', 'h3', 'h2'])
H123:
[[1, 0, 1, 0, 0, 0, 7, 0, 0, 0, 0, 0, 0, 2, 0, 0], [0, 0, 0, 31, 2, 0, 0, 0, 1, 2, 0, 0, 3, 0, 0, 6], [0, 1, 0, 0, 0, 20, 0, 2, 0, 0, 4, 1, 0, 0, 1, 0]]
H123-compact:
([1, 1, 1, 28, 20, 2, 2, 2, 4, 1, 2, 4, 1, 3, 1, 6], ['h1', 'h3', 'h1', 'h2', 'h3', 'h1', 'h2', 'h3', 'h1', 'h2', 'h2', 'h3', 'h3', 'h2', 'h3', 'h2'])
H123:
[[1, 0, 1, 0, 0, 2, 0, 0, 4, 0, 0, 0, 0, 0, 0, 0], [0, 0, 0, 28, 0, 0, 2, 0, 0, 1, 2, 0, 0, 3, 0, 6], [0, 1, 0, 0, 20, 0, 0, 2, 0, 0, 0, 4, 1, 0, 1, 0]]
H123-compact:
([1, 1, 1, 30, 2, 20, 2, 2, 4, 1, 2, 4, 1, 3, 1, 6], ['h1', 'h3', 'h1', 'h2', 'h2', 'h3', 'h1', 'h3', 'h1', 'h2', 'h2', 'h3', 'h3', 'h2', 'h3', 'h2'])
H123:
[[1, 0, 1, 0, 0, 0, 2, 0, 4, 0, 0, 0, 0, 0, 0, 0], [0, 0, 0, 30, 2, 0, 0, 0, 0, 1, 2, 0, 0, 3, 0, 6], [0, 1, 0, 0, 0, 20, 0, 2, 0, 0, 0, 4, 1, 0, 1, 0]]
H123-compact:
([1, 1, 1, 29, 2, 2, 1, 2, 18, 4, 1, 2, 1, 4, 3, 1, 6], ['h1', 'h3', 'h1', 'h2', 'h2', 'h1', 'h1', 'h3', 'h3', 'h1', 'h2', 'h2', 'h3', 'h3', 'h2', 'h3', 'h2'])
H123:
[[1, 0, 1, 0, 0, 2, 1, 0, 0, 4, 0, 0, 0, 0, 0, 0, 0], [0, 0, 0, 29, 2, 0, 0, 0, 0, 0, 1, 2, 0, 0, 3, 0, 6], [0, 1, 0, 0, 0, 0, 0, 2, 18, 0, 0, 0, 1, 4, 0, 1, 0]]
H123-compact:
([1, 1, 1, 28, 2, 20, 2, 2, 4, 1, 2, 1, 4, 5, 1, 6, 2], ['h1', 'h3', 'h1', 'h2', 'h2', 'h3', 'h1', 'h3', 'h1', 'h2', 'h2', 'h3', 'h3', 'h2', 'h3', 'h2', 'h2'])
H123:
[[1, 0, 1, 0, 0, 0, 2, 0, 4, 0, 0, 0, 0, 0, 0, 0, 0], [0, 0, 0, 28, 2, 0, 0, 0, 0, 1, 2, 0, 0, 5, 0, 6, 2], [0, 1, 0, 0, 0, 20, 0, 2, 0, 0, 0, 1, 4, 0, 1, 0, 0]]
H123-compact:
([1, 1, 1, 27, 2, 20, 2, 2, 7, 1, 2, 4, 1, 3, 6, 1], ['h1', 'h3', 'h1', 'h2', 'h2', 'h3', 'h1', 'h3', 'h1', 'h2', 'h2', 'h3', 'h3', 'h2', 'h2', 'h3'])
H123:
[[1, 0, 1, 0, 0, 0, 2, 0, 7, 0, 0, 0, 0, 0, 0, 0], [0, 0, 0, 27, 2, 0, 0, 0, 0, 1, 2, 0, 0, 3, 6, 0], [0, 1, 0, 0, 0, 20, 0, 2, 0, 0, 0, 4, 1, 0, 0, 1]]
H123-compact:
([1, 1, 1, 29, 2, 20, 6, 2, 1, 2, 4, 1, 3, 1, 6], ['h1', 'h3', 'h1', 'h2', 'h2', 'h3', 'h1', 'h3', 'h2', 'h2', 'h3', 'h3', 'h2', 'h3', 'h2'])
H123:
[[1, 0, 1, 0, 0, 0, 6, 0, 0, 0, 0, 0, 0, 0, 0], [0, 0, 0, 29, 2, 0, 0, 0, 1, 2, 0, 0, 3, 0, 6], [0, 1, 0, 0, 0, 20, 0, 2, 0, 0, 4, 1, 0, 1, 0]]
H123-compact:
([1, 1, 1, 29, 2, 6, 20, 2, 1, 2, 4, 1, 3, 1, 6], ['h1', 'h3', 'h1', 'h2', 'h2', 'h1', 'h3', 'h3', 'h2', 'h2', 'h3', 'h3', 'h2', 'h3', 'h2'])
H123:
[[1, 0, 1, 0, 0, 6, 0, 0, 0, 0, 0, 0, 0, 0, 0], [0, 0, 0, 29, 2, 0, 0, 0, 1, 2, 0, 0, 3, 0, 6], [0, 1, 0, 0, 0, 0, 20, 2, 0, 0, 4, 1, 0, 1, 0]]
H123-compact:
([1, 1, 1, 25, 2, 2, 2, 20, 4, 1, 2, 4, 1, 3, 1, 6], ['h1', 'h3', 'h1', 'h2', 'h1', 'h2', 'h3', 'h3', 'h1', 'h2', 'h2', 'h3', 'h3', 'h2', 'h3', 'h2'])
H123:
[[1, 0, 1, 0, 2, 0, 0, 0, 4, 0, 0, 0, 0, 0, 0, 0], [0, 0, 0, 25, 0, 2, 0, 0, 0, 1, 2, 0, 0, 3, 0, 6], [0, 1, 0, 0, 0, 0, 2, 20, 0, 0, 0, 4, 1, 0, 1, 0]]
H123-compact:
([1, 1, 1, 25, 2, 20, 3, 2, 4, 1, 2, 4, 1, 7, 3, 1, 2], ['h1', 'h3', 'h1', 'h2', 'h2', 'h3', 'h1', 'h3', 'h1', 'h2', 'h2', 'h3', 'h3', 'h2', 'h2', 'h3', 'h2'])
H123:
[[1, 0, 1, 0, 0, 0, 3, 0, 4, 0, 0, 0, 0, 0, 0, 0, 0], [0, 0, 0, 25, 2, 0, 0, 0, 0, 1, 2, 0, 0, 7, 3, 0, 2], [0, 1, 0, 0, 0, 20, 0, 2, 0, 0, 0, 4, 1, 0, 0, 1, 0]]
H123-compact:
([1, 1, 1, 29, 2, 20, 6, 2, 1, 2, 4, 1, 3, 1, 6], ['h1', 'h3', 'h1', 'h2', 'h2', 'h3', 'h1', 'h3', 'h2', 'h2', 'h3', 'h3', 'h2', 'h3', 'h2'])
H123:
[[1, 0, 1, 0, 0, 0, 6, 0, 0, 0, 0, 0, 0, 0, 0], [0, 0, 0, 29, 2, 0, 0, 0, 1, 2, 0, 0, 3, 0, 6], [0, 1, 0, 0, 0, 20, 0, 2, 0, 0, 4, 1, 0, 1, 0]]
H123-compact:
([1, 1, 1, 30, 2, 20, 2, 2, 4, 1, 2, 4, 1, 3, 1, 6], ['h1', 'h3', 'h1', 'h2', 'h2', 'h3', 'h1', 'h3', 'h1', 'h2', 'h2', 'h3', 'h3', 'h2', 'h3', 'h2'])
H123:
[[1, 0, 1, 0, 0, 0, 2, 0, 4, 0, 0, 0, 0, 0, 0, 0], [0, 0, 0, 30, 2, 0, 0, 0, 0, 1, 2, 0, 0, 3, 0, 6], [0, 1, 0, 0, 0, 20, 0, 2, 0, 0, 0, 4, 1, 0, 1, 0]]
H123-compact:
([1, 1, 1, 28, 2, 20, 6, 2, 1, 2, 1, 4, 3, 1, 6], ['h1', 'h3', 'h1', 'h2', 'h2', 'h3', 'h1', 'h3', 'h2', 'h2', 'h3', 'h3', 'h2', 'h3', 'h2'])
H123:
[[1, 0, 1, 0, 0, 0, 6, 0, 0, 0, 0, 0, 0, 0, 0], [0, 0, 0, 28, 2, 0, 0, 0, 1, 2, 0, 0, 3, 0, 6], [0, 1, 0, 0, 0, 20, 0, 2, 0, 0, 1, 4, 0, 1, 0]]
H123-compact:
([1, 1, 1, 25, 2, 3, 2, 20, 4, 1, 2, 4, 1, 3, 1, 6, 2, 1], ['h1', 'h3', 'h1', 'h2', 'h2', 'h1', 'h3', 'h3', 'h1', 'h2', 'h2', 'h3', 'h3', 'h2', 'h3', 'h2', 'h2', 'h1'])
H123:
[[1, 0, 1, 0, 0, 3, 0, 0, 4, 0, 0, 0, 0, 0, 0, 0, 0, 1], [0, 0, 0, 25, 2, 0, 0, 0, 0, 1, 2, 0, 0, 3, 0, 6, 2, 0], [0, 1, 0, 0, 0, 0, 2, 20, 0, 0, 0, 4, 1, 0, 1, 0, 0, 0]]

