H123-compact:
([1, 1, 1, 2, 1, 5, 1, 1, 2, 1, 5, 4, 1, 1, 1, 2, 1, 2, 2, 1, 2, 1, 2, 3, 4, 1, 1, 6, 1, 2, 2, 2, 1, 3, 1, 2, 3, 1, 1, 2, 1], ['h1', 'h3', 'h2', 'h2', 'h1', 'h1', 'h1', 'h1', 'h1', 'h1', 'h1', 'h1', 'h1', 'h1', 'h1', 'h1', 'h1', 'h1', 'h1', 'h1', 'h1', 'h2', 'h2', 'h3', 'h1', 'h3', 'h2', 'h2', 'h2', 'h2', 'h1', 'h1', 'h2', 'h3', 'h1', 'h2', 'h2', 'h1', 'h3', 'h2', 'h1'])
H123:
[[1, 0, 0, 0, 1, 5, 1, 1, 2, 1, 5, 4, 1, 1, 1, 2, 1, 2, 2, 1, 2, 0, 0, 0, 4, 0, 0, 0, 0, 0, 2, 2, 0, 0, 1, 0, 0, 1, 0, 0, 1], [0, 0, 1, 2, 0, 0, 0, 0, 0, 0, 0, 0, 0, 0, 0, 0, 0, 0, 0, 0, 0, 1, 2, 0, 0, 0, 1, 6, 1, 2, 0, 0, 1, 0, 0, 2, 3, 0, 0, 2, 0], [0, 1, 0, 0, 0, 0, 0, 0, 0, 0, 0, 0, 0, 0, 0, 0, 0, 0, 0, 0, 0, 0, 0, 3, 0, 1, 0, 0, 0, 0, 0, 0, 0, 3, 0, 0, 0, 0, 1, 0, 0]]
H123-compact:
([1, 1, 3, 1, 1, 5, 1, 2, 1, 5, 4, 1, 1, 1, 2, 2, 2, 3, 1, 1, 2, 2, 4, 1, 2, 1, 2, 2, 2, 1, 3, 1, 2, 3, 1, 6, 1, 2], ['h1', 'h3', 'h2', 'h1', 'h1', 'h1', 'h1', 'h1', 'h1', 'h1', 'h1', 'h1', 'h1', 'h1', 'h1', 'h1', 'h1', 'h1', 'h1', 'h2', 'h2', 'h3', 'h1', 'h3', 'h2', 'h2', 'h2', 'h1', 'h1', 'h2', 'h3', 'h1', 'h2', 'h2', 'h1', 'h2', 'h3', 'h2'])
H123:
[[1, 0, 0, 1, 1, 5, 1, 2, 1, 5, 4, 1, 1, 1, 2, 2, 2, 3, 1, 0, 0, 0, 4, 0, 0, 0, 0, 2, 2, 0, 0, 1, 0, 0, 1, 0, 0, 0], [0, 0, 3, 0, 0, 0, 0, 0, 0, 0, 0, 0, 0, 0, 0, 0, 0, 0, 0, 1, 2, 0, 0, 0, 2, 1, 2, 0, 0, 1, 0, 0, 2, 3, 0, 6, 0, 2], [0, 1, 0, 0, 0, 0, 0, 0, 0, 0, 0, 0, 0, 0, 0, 0, 0, 0, 0, 0, 0, 2, 0, 1, 0, 0, 0, 0, 0, 0, 3, 0, 0, 0, 0, 0, 1, 0]]
H123-compact:
([1, 1, 1, 2, 2, 1, 1, 5, 1, 1, 5, 4, 1, 1, 1, 2, 2, 2, 2, 1, 1, 1, 2, 2, 4, 1, 1, 1, 2, 2, 5, 2, 1, 3, 1, 2, 3, 1, 1, 2], ['h1', 'h3', 'h2', 'h2', 'h1', 'h1', 'h1', 'h1', 'h1', 'h1', 'h1', 'h1', 'h1', 'h1', 'h1', 'h1', 'h1', 'h1', 'h1', 'h1', 'h1', 'h2', 'h2', 'h3', 'h1', 'h3', 'h2', 'h2', 'h2', 'h1', 'h2', 'h1', 'h2', 'h3', 'h1', 'h2', 'h2', 'h1', 'h3', 'h2'])
H123:
[[1, 0, 0, 0, 2, 1, 1, 5, 1, 1, 5, 4, 1, 1, 1, 2, 2, 2, 2, 1, 1, 0, 0, 0, 4, 0, 0, 0, 0, 2, 0, 2, 0, 0, 1, 0, 0, 1, 0, 0], [0, 0, 1, 2, 0, 0, 0, 0, 0, 0, 0, 0, 0, 0, 0, 0, 0, 0, 0, 0, 0, 1, 2, 0, 0, 0, 1, 1, 2, 0, 5, 0, 1, 0, 0, 2, 3, 0, 0, 2], [0, 1, 0, 0, 0, 0, 0, 0, 0, 0, 0, 0, 0, 0, 0, 0, 0, 0, 0, 0, 0, 0, 0, 2, 0, 1, 0, 0, 0, 0, 0, 0, 0, 3, 0, 0, 0, 0, 1, 0]]
H123-compact:
([1, 1, 1, 2, 1, 1, 2, 5, 1, 1, 5, 4, 1, 1, 1, 1, 2, 1, 1, 2, 2, 2, 2, 2, 4, 1, 1, 1, 2, 2, 2, 6, 1, 3, 1, 2, 3, 1, 1, 2], ['h1', 'h3', 'h2', 'h2', 'h1', 'h1', 'h1', 'h1', 'h1', 'h1', 'h1', 'h1', 'h1', 'h1', 'h1', 'h1', 'h1', 'h1', 'h2', 'h1', 'h1', 'h1', 'h2', 'h3', 'h1', 'h3', 'h2', 'h2', 'h2', 'h1', 'h1', 'h2', 'h2', 'h3', 'h1', 'h2', 'h2', 'h1', 'h3', 'h2'])
H123:
[[1, 0, 0, 0, 1, 1, 2, 5, 1, 1, 5, 4, 1, 1, 1, 1, 2, 1, 0, 2, 2, 2, 0, 0, 4, 0, 0, 0, 0, 2, 2, 0, 0, 0, 1, 0, 0, 1, 0, 0], [0, 0, 1, 2, 0, 0, 0, 0, 0, 0, 0, 0, 0, 0, 0, 0, 0, 0, 1, 0, 0, 0, 2, 0, 0, 0, 1, 1, 2, 0, 0, 6, 1, 0, 0, 2, 3, 0, 0, 2], [0, 1, 0, 0, 0, 0, 0, 0, 0, 0, 0, 0, 0, 0, 0, 0, 0, 0, 0, 0, 0, 0, 0, 2, 0, 1, 0, 0, 0, 0, 0, 0, 0, 3, 0, 0, 0, 0, 1, 0]]
H123-compact:
([1, 1, 1, 2, 1, 1, 2, 5, 1, 1, 5, 4, 1, 1, 1, 2, 2, 1, 3, 1, 1, 1, 2, 2, 4, 1, 1, 6, 1, 2, 2, 2, 1, 3, 1, 2, 3, 1, 1, 2], ['h1', 'h3', 'h2', 'h2', 'h1', 'h1', 'h1', 'h1', 'h1', 'h1', 'h1', 'h1', 'h1', 'h1', 'h1', 'h1', 'h1', 'h1', 'h1', 'h1', 'h1', 'h2', 'h2', 'h3', 'h1', 'h3', 'h2', 'h2', 'h2', 'h2', 'h1', 'h1', 'h2', 'h3', 'h1', 'h2', 'h2', 'h1', 'h3', 'h2'])
H123:
[[1, 0, 0, 0, 1, 1, 2, 5, 1, 1, 5, 4, 1, 1, 1, 2, 2, 1, 3, 1, 1, 0, 0, 0, 4, 0, 0, 0, 0, 0, 2, 2, 0, 0, 1, 0, 0, 1, 0, 0], [0, 0, 1, 2, 0, 0, 0, 0, 0, 0, 0, 0, 0, 0, 0, 0, 0, 0, 0, 0, 0, 1, 2, 0, 0, 0, 1, 6, 1, 2, 0, 0, 1, 0, 0, 2, 3, 0, 0, 2], [0, 1, 0, 0, 0, 0, 0, 0, 0, 0, 0, 0, 0, 0, 0, 0, 0, 0, 0, 0, 0, 0, 0, 2, 0, 1, 0, 0, 0, 0, 0, 0, 0, 3, 0, 0, 0, 0, 1, 0]]
H123-compact:
([1, 1, 3, 1, 1, 2, 5, 1, 5, 1, 4, 1, 1, 1, 1, 1, 1, 1, 3, 3, 1, 2, 2, 4, 1, 1, 1, 2, 2, 3, 6, 2, 3, 1, 1, 2, 1, 1, 2], ['h1', 'h3', 'h2', 'h1', 'h1', 'h1', 'h1', 'h1', 'h1', 'h1', 'h1', 'h1', 'h1', 'h1', 'h1', 'h1', 'h1', 'h1', 'h1', 'h1', 'h2', 'h2', 'h3', 'h1', 'h3', 'h2', 'h2', 'h2', 'h1', 'h3', 'h2', 'h1', 'h2', 'h2', 'h1', 'h2', 'h1', 'h3', 'h2'])
H123:
[[1, 0, 0, 1, 1, 2, 5, 1, 5, 1, 4, 1, 1, 1, 1, 1, 1, 1, 3, 3, 0, 0, 0, 4, 0, 0, 0, 0, 2, 0, 0, 2, 0, 0, 1, 0, 1, 0, 0], [0, 0, 3, 0, 0, 0, 0, 0, 0, 0, 0, 0, 0, 0, 0, 0, 0, 0, 0, 0, 1, 2, 0, 0, 0, 1, 1, 2, 0, 0, 6, 0, 3, 1, 0, 2, 0, 0, 2], [0, 1, 0, 0, 0, 0, 0, 0, 0, 0, 0, 0, 0, 0, 0, 0, 0, 0, 0, 0, 0, 0, 2, 0, 1, 0, 0, 0, 0, 3, 0, 0, 0, 0, 0, 0, 0, 1, 0]]
H123-compact:
([1, 1, 3, 5, 1, 1, 2, 1, 1, 5, 2, 1, 1, 1, 1, 2, 1, 2, 2, 2, 2, 4, 2, 1, 4, 1, 1, 1, 2, 6, 2, 1, 3, 1, 2, 3, 1, 1, 2], ['h1', 'h3', 'h2', 'h1', 'h1', 'h1', 'h1', 'h1', 'h1', 'h1', 'h1', 'h1', 'h1', 'h1', 'h1', 'h1', 'h1', 'h1', 'h1', 'h1', 'h2', 'h1', 'h3', 'h2', 'h1', 'h3', 'h2', 'h2', 'h2', 'h2', 'h1', 'h2', 'h3', 'h1', 'h2', 'h2', 'h1', 'h3', 'h2'])
H123:
[[1, 0, 0, 5, 1, 1, 2, 1, 1, 5, 2, 1, 1, 1, 1, 2, 1, 2, 2, 2, 0, 4, 0, 0, 4, 0, 0, 0, 0, 0, 2, 0, 0, 1, 0, 0, 1, 0, 0], [0, 0, 3, 0, 0, 0, 0, 0, 0, 0, 0, 0, 0, 0, 0, 0, 0, 0, 0, 0, 2, 0, 0, 1, 0, 0, 1, 1, 2, 6, 0, 1, 0, 0, 2, 3, 0, 0, 2], [0, 1, 0, 0, 0, 0, 0, 0, 0, 0, 0, 0, 0, 0, 0, 0, 0, 0, 0, 0, 0, 0, 2, 0, 0, 1, 0, 0, 0, 0, 0, 0, 3, 0, 0, 0, 0, 1, 0]]
H123-compact:
([1, 1, 1, 2, 1, 1, 2, 5, 1, 1, 5, 5, 1, 1, 1, 2, 1, 1, 2, 2, 2, 1, 2, 3, 4, 1, 1, 1, 1, 2, 2, 5, 1, 1, 3, 2, 1, 3, 1, 2], ['h1', 'h3', 'h2', 'h2', 'h1', 'h1', 'h1', 'h1', 'h1', 'h1', 'h1', 'h1', 'h1', 'h1', 'h1', 'h1', 'h1', 'h1', 'h1', 'h1', 'h1', 'h2', 'h2', 'h3', 'h1', 'h3', 'h2', 'h2', 'h1', 'h2', 'h1', 'h2', 'h2', 'h1', 'h3', 'h2', 'h1', 'h2', 'h3', 'h2'])
H123:
[[1, 0, 0, 0, 1, 1, 2, 5, 1, 1, 5, 5, 1, 1, 1, 2, 1, 1, 2, 2, 2, 0, 0, 0, 4, 0, 0, 0, 1, 0, 2, 0, 0, 1, 0, 0, 1, 0, 0, 0], [0, 0, 1, 2, 0, 0, 0, 0, 0, 0, 0, 0, 0, 0, 0, 0, 0, 0, 0, 0, 0, 1, 2, 0, 0, 0, 1, 1, 0, 2, 0, 5, 1, 0, 0, 2, 0, 3, 0, 2], [0, 1, 0, 0, 0, 0, 0, 0, 0, 0, 0, 0, 0, 0, 0, 0, 0, 0, 0, 0, 0, 0, 0, 3, 0, 1, 0, 0, 0, 0, 0, 0, 0, 0, 3, 0, 0, 0, 1, 0]]
H123-compact:
([1, 1, 1, 2, 1, 1, 2, 5, 1, 1, 5, 4, 1, 1, 1, 1, 2, 2, 1, 2, 1, 2, 2, 2, 4, 1, 1, 1, 2, 2, 2, 6, 1, 3, 1, 2, 3, 1, 1, 2], ['h1', 'h3', 'h2', 'h2', 'h1', 'h1', 'h1', 'h1', 'h1', 'h1', 'h1', 'h1', 'h1', 'h1', 'h1', 'h2', 'h1', 'h1', 'h1', 'h1', 'h1', 'h1', 'h2', 'h3', 'h1', 'h3', 'h2', 'h2', 'h2', 'h1', 'h1', 'h2', 'h2', 'h3', 'h1', 'h2', 'h2', 'h1', 'h3', 'h2'])
H123:
[[1, 0, 0, 0, 1, 1, 2, 5, 1, 1, 5, 4, 1, 1, 1, 0, 2, 2, 1, 2, 1, 2, 0, 0, 4, 0, 0, 0, 0, 2, 2, 0, 0, 0, 1, 0, 0, 1, 0, 0], [0, 0, 1, 2, 0, 0, 0, 0, 0, 0, 0, 0, 0, 0, 0, 1, 0, 0, 0, 0, 0, 0, 2, 0, 0, 0, 1, 1, 2, 0, 0, 6, 1, 0, 0, 2, 3, 0, 0, 2], [0, 1, 0, 0, 0, 0, 0, 0, 0, 0, 0, 0, 0, 0, 0, 0, 0, 0, 0, 0, 0, 0, 0, 2, 0, 1, 0, 0, 0, 0, 0, 0, 0, 3, 0, 0, 0, 0, 1, 0]]
H123-compact:
([1, 1, 1, 2, 2, 1, 1, 5, 1, 5, 1, 5, 1, 1, 1, 1, 2, 2, 2, 2, 1, 1, 2, 2, 4, 1, 1, 1, 2, 1, 2, 5, 1, 3, 1, 2, 3, 1, 1, 2], ['h1', 'h3', 'h2', 'h2', 'h1', 'h1', 'h1', 'h1', 'h1', 'h1', 'h1', 'h1', 'h1', 'h1', 'h1', 'h1', 'h1', 'h1', 'h1', 'h1', 'h1', 'h2', 'h2', 'h3', 'h1', 'h3', 'h2', 'h2', 'h2', 'h1', 'h1', 'h2', 'h2', 'h3', 'h1', 'h2', 'h2', 'h1', 'h3', 'h2'])
H123:
[[1, 0, 0, 0, 2, 1, 1, 5, 1, 5, 1, 5, 1, 1, 1, 1, 2, 2, 2, 2, 1, 0, 0, 0, 4, 0, 0, 0, 0, 1, 2, 0, 0, 0, 1, 0, 0, 1, 0, 0], [0, 0, 1, 2, 0, 0, 0, 0, 0, 0, 0, 0, 0, 0, 0, 0, 0, 0, 0, 0, 0, 1, 2, 0, 0, 0, 1, 1, 2, 0, 0, 5, 1, 0, 0, 2, 3, 0, 0, 2], [0, 1, 0, 0, 0, 0, 0, 0, 0, 0, 0, 0, 0, 0, 0, 0, 0, 0, 0, 0, 0, 0, 0, 2, 0, 1, 0, 0, 0, 0, 0, 0, 0, 3, 0, 0, 0, 0, 1, 0]]
H123-compact:
([1, 1, 1, 2, 1, 1, 2, 5, 1, 1, 5, 4, 1, 1, 1, 1, 1, 2, 2, 2, 2, 1, 2, 3, 4, 1, 1, 1, 2, 2, 2, 1, 6, 1, 3, 2, 3, 1, 9, 1, 1, 2], ['h1', 'h3', 'h2', 'h2', 'h1', 'h1', 'h1', 'h1', 'h1', 'h1', 'h1', 'h1', 'h1', 'h1', 'h1', 'h1', 'h1', 'h1', 'h1', 'h1', 'h1', 'h2', 'h2', 'h3', 'h1', 'h3', 'h2', 'h2', 'h2', 'h1', 'h1', 'h2', 'h2', 'h1', 'h3', 'h2', 'h2', 'h1', 'h2', 'h3', 'h3', 'h2'])
H123:
[[1, 0, 0, 0, 1, 1, 2, 5, 1, 1, 5, 4, 1, 1, 1, 1, 1, 2, 2, 2, 2, 0, 0, 0, 4, 0, 0, 0, 0, 2, 2, 0, 0, 1, 0, 0, 0, 1, 0, 0, 0, 0], [0, 0, 1, 2, 0, 0, 0, 0, 0, 0, 0, 0, 0, 0, 0, 0, 0, 0, 0, 0, 0, 1, 2, 0, 0, 0, 1, 1, 2, 0, 0, 1, 6, 0, 0, 2, 3, 0, 9, 0, 0, 2], [0, 1, 0, 0, 0, 0, 0, 0, 0, 0, 0, 0, 0, 0, 0, 0, 0, 0, 0, 0, 0, 0, 0, 3, 0, 1, 0, 0, 0, 0, 0, 0, 0, 0, 3, 0, 0, 0, 0, 1, 1, 0]]
H123-compact:
([1, 1, 1, 2, 1, 1, 5, 1, 2, 1, 5, 4, 1, 1, 1, 1, 2, 1, 2, 2, 2, 1, 2, 3, 4, 1, 1, 1, 2, 2, 2, 1, 1, 3, 2, 1, 3, 1, 6, 2], ['h1', 'h3', 'h2', 'h2', 'h1', 'h1', 'h1', 'h1', 'h1', 'h1', 'h1', 'h1', 'h1', 'h1', 'h1', 'h1', 'h1', 'h1', 'h1', 'h1', 'h1', 'h2', 'h2', 'h3', 'h1', 'h3', 'h2', 'h2', 'h1', 'h2', 'h1', 'h2', 'h1', 'h3', 'h2', 'h1', 'h2', 'h3', 'h2', 'h2'])
H123:
[[1, 0, 0, 0, 1, 1, 5, 1, 2, 1, 5, 4, 1, 1, 1, 1, 2, 1, 2, 2, 2, 0, 0, 0, 4, 0, 0, 0, 2, 0, 2, 0, 1, 0, 0, 1, 0, 0, 0, 0], [0, 0, 1, 2, 0, 0, 0, 0, 0, 0, 0, 0, 0, 0, 0, 0, 0, 0, 0, 0, 0, 1, 2, 0, 0, 0, 1, 1, 0, 2, 0, 1, 0, 0, 2, 0, 3, 0, 6, 2], [0, 1, 0, 0, 0, 0, 0, 0, 0, 0, 0, 0, 0, 0, 0, 0, 0, 0, 0, 0, 0, 0, 0, 3, 0, 1, 0, 0, 0, 0, 0, 0, 0, 3, 0, 0, 0, 1, 0, 0]]
H123-compact:
([1, 1, 1, 2, 1, 1, 5, 1, 2, 5, 1, 4, 1, 1, 1, 2, 1, 1, 2, 2, 2, 1, 2, 3, 4, 1, 1, 1, 2, 2, 2, 1, 3, 1, 2, 3, 1, 1, 6, 2, 1], ['h1', 'h3', 'h2', 'h2', 'h1', 'h1', 'h1', 'h1', 'h1', 'h1', 'h1', 'h1', 'h1', 'h1', 'h1', 'h1', 'h1', 'h1', 'h1', 'h1', 'h1', 'h2', 'h2', 'h3', 'h1', 'h3', 'h2', 'h2', 'h1', 'h2', 'h1', 'h2', 'h3', 'h1', 'h2', 'h2', 'h1', 'h3', 'h2', 'h2', 'h1'])
H123:
[[1, 0, 0, 0, 1, 1, 5, 1, 2, 5, 1, 4, 1, 1, 1, 2, 1, 1, 2, 2, 2, 0, 0, 0, 4, 0, 0, 0, 2, 0, 2, 0, 0, 1, 0, 0, 1, 0, 0, 0, 1], [0, 0, 1, 2, 0, 0, 0, 0, 0, 0, 0, 0, 0, 0, 0, 0, 0, 0, 0, 0, 0, 1, 2, 0, 0, 0, 1, 1, 0, 2, 0, 1, 0, 0, 2, 3, 0, 0, 6, 2, 0], [0, 1, 0, 0, 0, 0, 0, 0, 0, 0, 0, 0, 0, 0, 0, 0, 0, 0, 0, 0, 0, 0, 0, 3, 0, 1, 0, 0, 0, 0, 0, 0, 3, 0, 0, 0, 0, 1, 0, 0, 0]]
H123-compact:
([1, 1, 1, 2, 2, 1, 1, 5, 1, 5, 1, 6, 1, 1, 1, 1, 2, 1, 1, 2, 2, 2, 2, 2, 4, 1, 5, 1, 1, 2, 2, 1, 3, 1, 3, 2, 1, 1, 2], ['h1', 'h3', 'h2', 'h2', 'h1', 'h1', 'h1', 'h1', 'h1', 'h1', 'h1', 'h1', 'h1', 'h1', 'h1', 'h2', 'h1', 'h1', 'h1', 'h1', 'h1', 'h1', 'h2', 'h3', 'h1', 'h3', 'h2', 'h2', 'h2', 'h2', 'h1', 'h2', 'h3', 'h1', 'h2', 'h2', 'h1', 'h3', 'h2'])
H123:
[[1, 0, 0, 0, 2, 1, 1, 5, 1, 5, 1, 6, 1, 1, 1, 0, 2, 1, 1, 2, 2, 2, 0, 0, 4, 0, 0, 0, 0, 0, 2, 0, 0, 1, 0, 0, 1, 0, 0], [0, 0, 1, 2, 0, 0, 0, 0, 0, 0, 0, 0, 0, 0, 0, 1, 0, 0, 0, 0, 0, 0, 2, 0, 0, 0, 5, 1, 1, 2, 0, 1, 0, 0, 3, 2, 0, 0, 2], [0, 1, 0, 0, 0, 0, 0, 0, 0, 0, 0, 0, 0, 0, 0, 0, 0, 0, 0, 0, 0, 0, 0, 2, 0, 1, 0, 0, 0, 0, 0, 0, 3, 0, 0, 0, 0, 1, 0]]
H123-compact:
([1, 1, 1, 2, 5, 1, 1, 1, 2, 1, 5, 4, 1, 1, 1, 1, 2, 2, 1, 2, 2, 1, 2, 4, 4, 1, 1, 1, 2, 2, 5, 2, 1, 3, 1, 2, 2, 3, 1, 1, 2], ['h1', 'h3', 'h2', 'h2', 'h1', 'h1', 'h1', 'h1', 'h1', 'h1', 'h1', 'h1', 'h1', 'h1', 'h1', 'h1', 'h1', 'h1', 'h1', 'h1', 'h1', 'h2', 'h2', 'h3', 'h1', 'h3', 'h2', 'h2', 'h2', 'h1', 'h2', 'h1', 'h2', 'h3', 'h1', 'h2', 'h2', 'h2', 'h1', 'h3', 'h2'])
H123:
[[1, 0, 0, 0, 5, 1, 1, 1, 2, 1, 5, 4, 1, 1, 1, 1, 2, 2, 1, 2, 2, 0, 0, 0, 4, 0, 0, 0, 0, 2, 0, 2, 0, 0, 1, 0, 0, 0, 1, 0, 0], [0, 0, 1, 2, 0, 0, 0, 0, 0, 0, 0, 0, 0, 0, 0, 0, 0, 0, 0, 0, 0, 1, 2, 0, 0, 0, 1, 1, 2, 0, 5, 0, 1, 0, 0, 2, 2, 3, 0, 0, 2], [0, 1, 0, 0, 0, 0, 0, 0, 0, 0, 0, 0, 0, 0, 0, 0, 0, 0, 0, 0, 0, 0, 0, 4, 0, 1, 0, 0, 0, 0, 0, 0, 0, 3, 0, 0, 0, 0, 0, 1, 0]]
H123-compact:
([1, 1, 1, 2, 2, 1, 1, 5, 1, 5, 1, 4, 1, 1, 1, 1, 2, 2, 2, 2, 1, 1, 2, 3, 4, 1, 1, 1, 2, 2, 2, 1, 1, 2, 1, 3, 3, 8, 1, 2], ['h1', 'h3', 'h2', 'h2', 'h1', 'h1', 'h1', 'h1', 'h1', 'h1', 'h1', 'h1', 'h1', 'h1', 'h1', 'h2', 'h1', 'h1', 'h1', 'h1', 'h1', 'h1', 'h2', 'h3', 'h1', 'h3', 'h2', 'h2', 'h1', 'h2', 'h1', 'h2', 'h1', 'h2', 'h1', 'h3', 'h2', 'h2', 'h3', 'h2'])
H123:
[[1, 0, 0, 0, 2, 1, 1, 5, 1, 5, 1, 4, 1, 1, 1, 0, 2, 2, 2, 2, 1, 1, 0, 0, 4, 0, 0, 0, 2, 0, 2, 0, 1, 0, 1, 0, 0, 0, 0, 0], [0, 0, 1, 2, 0, 0, 0, 0, 0, 0, 0, 0, 0, 0, 0, 1, 0, 0, 0, 0, 0, 0, 2, 0, 0, 0, 1, 1, 0, 2, 0, 1, 0, 2, 0, 0, 3, 8, 0, 2], [0, 1, 0, 0, 0, 0, 0, 0, 0, 0, 0, 0, 0, 0, 0, 0, 0, 0, 0, 0, 0, 0, 0, 3, 0, 1, 0, 0, 0, 0, 0, 0, 0, 0, 0, 3, 0, 0, 1, 0]]
H123-compact:
([1, 1, 3, 1, 1, 2, 5, 1, 5, 1, 5, 1, 1, 1, 1, 2, 2, 2, 1, 2, 1, 2, 2, 4, 1, 1, 6, 1, 2, 1, 2, 1, 3, 1, 2, 3, 1, 1, 2], ['h1', 'h3', 'h2', 'h1', 'h1', 'h1', 'h1', 'h1', 'h1', 'h1', 'h1', 'h1', 'h1', 'h1', 'h1', 'h1', 'h1', 'h1', 'h1', 'h1', 'h2', 'h2', 'h3', 'h1', 'h3', 'h2', 'h2', 'h2', 'h2', 'h1', 'h1', 'h2', 'h3', 'h1', 'h2', 'h2', 'h1', 'h3', 'h2'])
H123:
[[1, 0, 0, 1, 1, 2, 5, 1, 5, 1, 5, 1, 1, 1, 1, 2, 2, 2, 1, 2, 0, 0, 0, 4, 0, 0, 0, 0, 0, 1, 2, 0, 0, 1, 0, 0, 1, 0, 0], [0, 0, 3, 0, 0, 0, 0, 0, 0, 0, 0, 0, 0, 0, 0, 0, 0, 0, 0, 0, 1, 2, 0, 0, 0, 1, 6, 1, 2, 0, 0, 1, 0, 0, 2, 3, 0, 0, 2], [0, 1, 0, 0, 0, 0, 0, 0, 0, 0, 0, 0, 0, 0, 0, 0, 0, 0, 0, 0, 0, 0, 2, 0, 1, 0, 0, 0, 0, 0, 0, 0, 3, 0, 0, 0, 0, 1, 0]]
H123-compact:
([1, 1, 3, 5, 1, 1, 1, 2, 1, 5, 4, 1, 1, 1, 1, 1, 2, 2, 2, 2, 1, 2, 3, 4, 1, 1, 1, 2, 2, 2, 6, 1, 1, 3, 2, 1, 3, 1, 2], ['h1', 'h3', 'h2', 'h1', 'h1', 'h1', 'h1', 'h1', 'h1', 'h1', 'h1', 'h1', 'h1', 'h1', 'h1', 'h1', 'h1', 'h1', 'h1', 'h1', 'h2', 'h2', 'h3', 'h1', 'h3', 'h2', 'h2', 'h2', 'h1', 'h1', 'h2', 'h2', 'h1', 'h3', 'h2', 'h1', 'h2', 'h3', 'h2'])
H123:
[[1, 0, 0, 5, 1, 1, 1, 2, 1, 5, 4, 1, 1, 1, 1, 1, 2, 2, 2, 2, 0, 0, 0, 4, 0, 0, 0, 0, 2, 2, 0, 0, 1, 0, 0, 1, 0, 0, 0], [0, 0, 3, 0, 0, 0, 0, 0, 0, 0, 0, 0, 0, 0, 0, 0, 0, 0, 0, 0, 1, 2, 0, 0, 0, 1, 1, 2, 0, 0, 6, 1, 0, 0, 2, 0, 3, 0, 2], [0, 1, 0, 0, 0, 0, 0, 0, 0, 0, 0, 0, 0, 0, 0, 0, 0, 0, 0, 0, 0, 0, 3, 0, 1, 0, 0, 0, 0, 0, 0, 0, 0, 3, 0, 0, 0, 1, 0]]
H123-compact:
([1, 1, 1, 2, 1, 1, 2, 5, 1, 1, 5, 4, 1, 1, 1, 1, 2, 2, 2, 2, 1, 1, 2, 2, 4, 1, 1, 1, 2, 2, 2, 1, 3, 1, 6, 2, 3, 1, 1, 2], ['h1', 'h3', 'h2', 'h2', 'h1', 'h1', 'h1', 'h1', 'h1', 'h1', 'h1', 'h1', 'h1', 'h1', 'h1', 'h1', 'h1', 'h1', 'h1', 'h1', 'h1', 'h2', 'h2', 'h3', 'h1', 'h3', 'h2', 'h2', 'h2', 'h1', 'h1', 'h2', 'h3', 'h1', 'h2', 'h2', 'h2', 'h1', 'h3', 'h2'])
H123:
[[1, 0, 0, 0, 1, 1, 2, 5, 1, 1, 5, 4, 1, 1, 1, 1, 2, 2, 2, 2, 1, 0, 0, 0, 4, 0, 0, 0, 0, 2, 2, 0, 0, 1, 0, 0, 0, 1, 0, 0], [0, 0, 1, 2, 0, 0, 0, 0, 0, 0, 0, 0, 0, 0, 0, 0, 0, 0, 0, 0, 0, 1, 2, 0, 0, 0, 1, 1, 2, 0, 0, 1, 0, 0, 6, 2, 3, 0, 0, 2], [0, 1, 0, 0, 0, 0, 0, 0, 0, 0, 0, 0, 0, 0, 0, 0, 0, 0, 0, 0, 0, 0, 0, 2, 0, 1, 0, 0, 0, 0, 0, 0, 3, 0, 0, 0, 0, 0, 1, 0]]
H123-compact:
([1, 1, 1, 2, 2, 1, 1, 5, 1, 1, 5, 4, 1, 1, 1, 1, 2, 2, 1, 2, 2, 1, 2, 3, 4, 5, 1, 1, 1, 2, 2, 2, 1, 3, 1, 2, 3, 1, 1, 2], ['h1', 'h3', 'h2', 'h2', 'h1', 'h1', 'h1', 'h1', 'h1', 'h1', 'h1', 'h1', 'h1', 'h1', 'h1', 'h1', 'h1', 'h1', 'h1', 'h1', 'h1', 'h2', 'h2', 'h3', 'h1', 'h2', 'h3', 'h2', 'h2', 'h1', 'h2', 'h1', 'h2', 'h3', 'h1', 'h2', 'h2', 'h1', 'h3', 'h2'])
H123:
[[1, 0, 0, 0, 2, 1, 1, 5, 1, 1, 5, 4, 1, 1, 1, 1, 2, 2, 1, 2, 2, 0, 0, 0, 4, 0, 0, 0, 0, 2, 0, 2, 0, 0, 1, 0, 0, 1, 0, 0], [0, 0, 1, 2, 0, 0, 0, 0, 0, 0, 0, 0, 0, 0, 0, 0, 0, 0, 0, 0, 0, 1, 2, 0, 0, 5, 0, 1, 1, 0, 2, 0, 1, 0, 0, 2, 3, 0, 0, 2], [0, 1, 0, 0, 0, 0, 0, 0, 0, 0, 0, 0, 0, 0, 0, 0, 0, 0, 0, 0, 0, 0, 0, 3, 0, 0, 1, 0, 0, 0, 0, 0, 0, 3, 0, 0, 0, 0, 1, 0]]

