H123-compact:
([1, 1, 1, 1, 26, 1, 2, 20, 1, 6, 6, 1, 15, 2, 1, 1, 6, 7, 2], ['h1', 'h3', 'h2', 'h2', 'h2', 'h2', 'h2', 'h2', 'h2', 'h2', 'h2', 'h2', 'h2', 'h2', 'h2', 'h2', 'h2', 'h2', 'h2'])
H123:
[[1, 0, 0, 0, 0, 0, 0, 0, 0, 0, 0, 0, 0, 0, 0, 0, 0, 0, 0], [0, 0, 1, 1, 26, 1, 2, 20, 1, 6, 6, 1, 15, 2, 1, 1, 6, 7, 2], [0, 1, 0, 0, 0, 0, 0, 0, 0, 0, 0, 0, 0, 0, 0, 0, 0, 0, 0]]
H123-compact:
([1, 1, 1, 1, 27, 1, 21, 1, 2, 6, 6, 1, 15, 2, 1, 1, 6, 3, 7, 2], ['h1', 'h3', 'h2', 'h2', 'h2', 'h2', 'h2', 'h2', 'h2', 'h2', 'h2', 'h2', 'h2', 'h2', 'h2', 'h2', 'h2', 'h3', 'h2', 'h2'])
H123:
[[1, 0, 0, 0, 0, 0, 0, 0, 0, 0, 0, 0, 0, 0, 0, 0, 0, 0, 0, 0], [0, 0, 1, 1, 27, 1, 21, 1, 2, 6, 6, 1, 15, 2, 1, 1, 6, 0, 7, 2], [0, 1, 0, 0, 0, 0, 0, 0, 0, 0, 0, 0, 0, 0, 0, 0, 0, 3, 0, 0]]
H123-compact:
([1, 1, 1, 1, 27, 1, 1, 2, 21, 6, 5, 1, 15, 2, 1, 1, 5, 3, 7, 2], ['h1', 'h3', 'h2', 'h2', 'h2', 'h2', 'h2', 'h2', 'h2', 'h2', 'h2', 'h2', 'h2', 'h2', 'h2', 'h2', 'h2', 'h3', 'h2', 'h2'])
H123:
[[1, 0, 0, 0, 0, 0, 0, 0, 0, 0, 0, 0, 0, 0, 0, 0, 0, 0, 0, 0], [0, 0, 1, 1, 27, 1, 1, 2, 21, 6, 5, 1, 15, 2, 1, 1, 5, 0, 7, 2], [0, 1, 0, 0, 0, 0, 0, 0, 0, 0, 0, 0, 0, 0, 0, 0, 0, 3, 0, 0]]
H123-compact:
([1, 1, 1, 1, 28, 1, 19, 2, 1, 4, 6, 1, 15, 2, 1, 1, 6, 1, 12, 2], ['h1', 'h3', 'h2', 'h2', 'h2', 'h2', 'h2', 'h2', 'h2', 'h2', 'h2', 'h2', 'h2', 'h2', 'h2', 'h2', 'h2', 'h3', 'h1', 'h2'])
H123:
[[1, 0, 0, 0, 0, 0, 0, 0, 0, 0, 0, 0, 0, 0, 0, 0, 0, 0, 12, 0], [0, 0, 1, 1, 28, 1, 19, 2, 1, 4, 6, 1, 15, 2, 1, 1, 6, 0, 0, 2], [0, 1, 0, 0, 0, 0, 0, 0, 0, 0, 0, 0, 0, 0, 0, 0, 0, 1, 0, 0]]
H123-compact:
([1, 1, 1, 1, 26, 1, 2, 20, 1, 6, 5, 1, 15, 2, 1, 1, 6, 2, 7, 2, 1], ['h1', 'h3', 'h2', 'h2', 'h2', 'h2', 'h2', 'h2', 'h2', 'h2', 'h2', 'h2', 'h2', 'h2', 'h2', 'h2', 'h2', 'h3', 'h2', 'h2', 'h1'])
H123:
[[1, 0, 0, 0, 0, 0, 0, 0, 0, 0, 0, 0, 0, 0, 0, 0, 0, 0, 0, 0, 1], [0, 0, 1, 1, 26, 1, 2, 20, 1, 6, 5, 1, 15, 2, 1, 1, 6, 0, 7, 2, 0], [0, 1, 0, 0, 0, 0, 0, 0, 0, 0, 0, 0, 0, 0, 0, 0, 0, 2, 0, 0, 0]]
H123-compact:
([1, 1, 1, 1, 29, 2, 21, 2, 1, 6, 1, 4, 15, 2, 1, 1, 6, 3, 12, 2], ['h1', 'h3', 'h2', 'h2', 'h2', 'h2', 'h2', 'h2', 'h2', 'h2', 'h2', 'h2', 'h2', 'h2', 'h2', 'h2', 'h2', 'h3', 'h1', 'h2'])
H123:
[[1, 0, 0, 0, 0, 0, 0, 0, 0, 0, 0, 0, 0, 0, 0, 0, 0, 0, 12, 0], [0, 0, 1, 1, 29, 2, 21, 2, 1, 6, 1, 4, 15, 2, 1, 1, 6, 0, 0, 2], [0, 1, 0, 0, 0, 0, 0, 0, 0, 0, 0, 0, 0, 0, 0, 0, 0, 3, 0, 0]]
H123-compact:
([1, 1, 1, 1, 26, 1, 18, 2, 1, 4, 6, 1, 15, 2, 1, 1, 8, 5, 2], ['h1', 'h3', 'h2', 'h2', 'h2', 'h2', 'h2', 'h2', 'h2', 'h2', 'h2', 'h2', 'h2', 'h2', 'h2', 'h2', 'h2', 'h2', 'h2'])
H123:
[[1, 0, 0, 0, 0, 0, 0, 0, 0, 0, 0, 0, 0, 0, 0, 0, 0, 0, 0], [0, 0, 1, 1, 26, 1, 18, 2, 1, 4, 6, 1, 15, 2, 1, 1, 8, 5, 2], [0, 1, 0, 0, 0, 0, 0, 0, 0, 0, 0, 0, 0, 0, 0, 0, 0, 0, 0]]
H123-compact:
([1, 1, 1, 1, 26, 1, 18, 2, 1, 6, 5, 1, 15, 2, 1, 1, 6, 1, 9, 2], ['h1', 'h3', 'h2', 'h2', 'h2', 'h2', 'h2', 'h2', 'h2', 'h2', 'h2', 'h2', 'h2', 'h2', 'h2', 'h2', 'h2', 'h3', 'h2', 'h2'])
H123:
[[1, 0, 0, 0, 0, 0, 0, 0, 0, 0, 0, 0, 0, 0, 0, 0, 0, 0, 0, 0], [0, 0, 1, 1, 26, 1, 18, 2, 1, 6, 5, 1, 15, 2, 1, 1, 6, 0, 9, 2], [0, 1, 0, 0, 0, 0, 0, 0, 0, 0, 0, 0, 0, 0, 0, 0, 0, 1, 0, 0]]
H123-compact:
([1, 1, 1, 1, 23, 20, 1, 2, 1, 4, 4, 1, 15, 2, 1, 1, 6, 1, 12, 2], ['h1', 'h3', 'h2', 'h2', 'h2', 'h2', 'h2', 'h2', 'h2', 'h2', 'h2', 'h2', 'h2', 'h2', 'h2', 'h2', 'h2', 'h3', 'h1', 'h2'])
H123:
[[1, 0, 0, 0, 0, 0, 0, 0, 0, 0, 0, 0, 0, 0, 0, 0, 0, 0, 12, 0], [0, 0, 1, 1, 23, 20, 1, 2, 1, 4, 4, 1, 15, 2, 1, 1, 6, 0, 0, 2], [0, 1, 0, 0, 0, 0, 0, 0, 0, 0, 0, 0, 0, 0, 0, 0, 0, 1, 0, 0]]
H123-compact:
([1, 1, 1, 1, 27, 1, 22, 2, 1, 6, 6, 1, 15, 2, 1, 1, 6, 2, 7, 2], ['h1', 'h3', 'h2', 'h2', 'h2', 'h2', 'h2', 'h2', 'h2', 'h2', 'h2', 'h2', 'h2', 'h2', 'h2', 'h2', 'h2', 'h3', 'h2', 'h2'])
H123:
[[1, 0, 0, 0, 0, 0, 0, 0, 0, 0, 0, 0, 0, 0, 0, 0, 0, 0, 0, 0], [0, 0, 1, 1, 27, 1, 22, 2, 1, 6, 6, 1, 15, 2, 1, 1, 6, 0, 7, 2], [0, 1, 0, 0, 0, 0, 0, 0, 0, 0, 0, 0, 0, 0, 0, 0, 0, 2, 0, 0]]
H123-compact:
([1, 1, 1, 1, 28, 2, 2, 24, 1, 6, 1, 4, 15, 2, 1, 1, 6, 1, 12, 2], ['h1', 'h3', 'h2', 'h2', 'h2', 'h2', 'h2', 'h2', 'h2', 'h2', 'h2', 'h2', 'h2', 'h2', 'h2', 'h2', 'h2', 'h3', 'h1', 'h2'])
H123:
[[1, 0, 0, 0, 0, 0, 0, 0, 0, 0, 0, 0, 0, 0, 0, 0, 0, 0, 12, 0], [0, 0, 1, 1, 28, 2, 2, 24, 1, 6, 1, 4, 15, 2, 1, 1, 6, 0, 0, 2], [0, 1, 0, 0, 0, 0, 0, 0, 0, 0, 0, 0, 0, 0, 0, 0, 0, 1, 0, 0]]
H123-compact:
([1, 1, 1, 1, 28, 1, 20, 2, 1, 6, 6, 1, 16, 2, 1, 1, 12, 5, 1, 2, 1], ['h1', 'h3', 'h2', 'h2', 'h2', 'h2', 'h2', 'h2', 'h2', 'h2', 'h2', 'h2', 'h2', 'h2', 'h2', 'h2', 'h1', 'h2', 'h3', 'h2', 'h1'])
H123:
[[1, 0, 0, 0, 0, 0, 0, 0, 0, 0, 0, 0, 0, 0, 0, 0, 12, 0, 0, 0, 1], [0, 0, 1, 1, 28, 1, 20, 2, 1, 6, 6, 1, 16, 2, 1, 1, 0, 5, 0, 2, 0], [0, 1, 0, 0, 0, 0, 0, 0, 0, 0, 0, 0, 0, 0, 0, 0, 0, 0, 1, 0, 0]]
H123-compact:
([1, 1, 1, 1, 31, 1, 20, 2, 1, 6, 1, 4, 15, 2, 1, 1, 6, 2, 11, 2], ['h1', 'h3', 'h2', 'h2', 'h2', 'h2', 'h2', 'h2', 'h2', 'h2', 'h2', 'h2', 'h2', 'h2', 'h2', 'h2', 'h2', 'h3', 'h2', 'h2'])
H123:
[[1, 0, 0, 0, 0, 0, 0, 0, 0, 0, 0, 0, 0, 0, 0, 0, 0, 0, 0, 0], [0, 0, 1, 1, 31, 1, 20, 2, 1, 6, 1, 4, 15, 2, 1, 1, 6, 0, 11, 2], [0, 1, 0, 0, 0, 0, 0, 0, 0, 0, 0, 0, 0, 0, 0, 0, 0, 2, 0, 0]]
H123-compact:
([1, 1, 6, 1, 1, 2, 1, 27, 1, 20, 2, 1, 4, 5, 1, 15, 2, 1, 1, 9], ['h1', 'h3', 'h2', 'h3', 'h2', 'h2', 'h2', 'h2', 'h2', 'h2', 'h2', 'h2', 'h2', 'h2', 'h2', 'h2', 'h2', 'h2', 'h2', 'h2'])
H123:
[[1, 0, 0, 0, 0, 0, 0, 0, 0, 0, 0, 0, 0, 0, 0, 0, 0, 0, 0, 0], [0, 0, 6, 0, 1, 2, 1, 27, 1, 20, 2, 1, 4, 5, 1, 15, 2, 1, 1, 9], [0, 1, 0, 1, 0, 0, 0, 0, 0, 0, 0, 0, 0, 0, 0, 0, 0, 0, 0, 0]]
H123-compact:
([1, 1, 1, 1, 28, 1, 18, 2, 1, 6, 5, 1, 15, 2, 1, 1, 6, 3, 8, 2], ['h1', 'h3', 'h2', 'h2', 'h2', 'h2', 'h2', 'h2', 'h2', 'h2', 'h2', 'h2', 'h2', 'h2', 'h2', 'h2', 'h2', 'h3', 'h2', 'h2'])
H123:
[[1, 0, 0, 0, 0, 0, 0, 0, 0, 0, 0, 0, 0, 0, 0, 0, 0, 0, 0, 0], [0, 0, 1, 1, 28, 1, 18, 2, 1, 6, 5, 1, 15, 2, 1, 1, 6, 0, 8, 2], [0, 1, 0, 0, 0, 0, 0, 0, 0, 0, 0, 0, 0, 0, 0, 0, 0, 3, 0, 0]]
H123-compact:
([1, 1, 1, 1, 27, 1, 1, 2, 23, 6, 4, 1, 15, 2, 1, 1, 6, 2, 8, 2], ['h1', 'h3', 'h2', 'h2', 'h2', 'h2', 'h2', 'h2', 'h2', 'h2', 'h2', 'h2', 'h2', 'h2', 'h2', 'h2', 'h2', 'h3', 'h2', 'h2'])
H123:
[[1, 0, 0, 0, 0, 0, 0, 0, 0, 0, 0, 0, 0, 0, 0, 0, 0, 0, 0, 0], [0, 0, 1, 1, 27, 1, 1, 2, 23, 6, 4, 1, 15, 2, 1, 1, 6, 0, 8, 2], [0, 1, 0, 0, 0, 0, 0, 0, 0, 0, 0, 0, 0, 0, 0, 0, 0, 2, 0, 0]]
H123-compact:
([1, 1, 1, 1, 27, 1, 23, 2, 1, 6, 6, 1, 17, 2, 1, 1, 6, 2, 8, 2], ['h1', 'h3', 'h2', 'h2', 'h2', 'h2', 'h2', 'h2', 'h2', 'h2', 'h2', 'h2', 'h2', 'h2', 'h2', 'h2', 'h2', 'h3', 'h2', 'h2'])
H123:
[[1, 0, 0, 0, 0, 0, 0, 0, 0, 0, 0, 0, 0, 0, 0, 0, 0, 0, 0, 0], [0, 0, 1, 1, 27, 1, 23, 2, 1, 6, 6, 1, 17, 2, 1, 1, 6, 0, 8, 2], [0, 1, 0, 0, 0, 0, 0, 0, 0, 0, 0, 0, 0, 0, 0, 0, 0, 2, 0, 0]]
H123-compact:
([1, 1, 1, 1, 23, 1, 1, 2, 20, 4, 6, 1, 15, 2, 1, 1, 6, 7, 2, 1], ['h1', 'h3', 'h2', 'h2', 'h2', 'h2', 'h2', 'h2', 'h2', 'h2', 'h2', 'h2', 'h2', 'h2', 'h2', 'h2', 'h2', 'h2', 'h2', 'h3'])
H123:
[[1, 0, 0, 0, 0, 0, 0, 0, 0, 0, 0, 0, 0, 0, 0, 0, 0, 0, 0, 0], [0, 0, 1, 1, 23, 1, 1, 2, 20, 4, 6, 1, 15, 2, 1, 1, 6, 7, 2, 0], [0, 1, 0, 0, 0, 0, 0, 0, 0, 0, 0, 0, 0, 0, 0, 0, 0, 0, 0, 1]]
H123-compact:
([1, 1, 1, 1, 26, 1, 19, 2, 1, 6, 4, 1, 15, 2, 1, 1, 6, 2, 9, 2, 1], ['h1', 'h3', 'h2', 'h2', 'h2', 'h2', 'h2', 'h2', 'h2', 'h2', 'h2', 'h2', 'h2', 'h2', 'h2', 'h2', 'h2', 'h3', 'h2', 'h2', 'h1'])
H123:
[[1, 0, 0, 0, 0, 0, 0, 0, 0, 0, 0, 0, 0, 0, 0, 0, 0, 0, 0, 0, 1], [0, 0, 1, 1, 26, 1, 19, 2, 1, 6, 4, 1, 15, 2, 1, 1, 6, 0, 9, 2, 0], [0, 1, 0, 0, 0, 0, 0, 0, 0, 0, 0, 0, 0, 0, 0, 0, 0, 2, 0, 0, 0]]
H123-compact:
([1, 1, 1, 1, 26, 1, 1, 1, 22, 4, 5, 1, 15, 2, 1, 1, 8, 6, 1, 2], ['h1', 'h3', 'h2', 'h2', 'h2', 'h2', 'h2', 'h2', 'h2', 'h2', 'h2', 'h2', 'h2', 'h2', 'h2', 'h2', 'h2', 'h2', 'h3', 'h2'])
H123:
[[1, 0, 0, 0, 0, 0, 0, 0, 0, 0, 0, 0, 0, 0, 0, 0, 0, 0, 0, 0], [0, 0, 1, 1, 26, 1, 1, 1, 22, 4, 5, 1, 15, 2, 1, 1, 8, 6, 0, 2], [0, 1, 0, 0, 0, 0, 0, 0, 0, 0, 0, 0, 0, 0, 0, 0, 0, 0, 1, 0]]

