H123-compact:
([1, 1, 1, 8, 34, 1, 2, 7, 1, 2, 7, 1, 1, 1, 6, 1, 2, 7, 4, 2, 2, 1, 3], ['h1', 'h3', 'h1', 'h2', 'h3', 'h2', 'h2', 'h2', 'h2', 'h3', 'h2', 'h2', 'h2', 'h2', 'h2', 'h2', 'h2', 'h2', 'h2', 'h2', 'h2', 'h3', 'h2'])
H123:
[[1, 0, 1, 0, 0, 0, 0, 0, 0, 0, 0, 0, 0, 0, 0, 0, 0, 0, 0, 0, 0, 0, 0], [0, 0, 0, 8, 0, 1, 2, 7, 1, 0, 7, 1, 1, 1, 6, 1, 2, 7, 4, 2, 2, 0, 3], [0, 1, 0, 0, 34, 0, 0, 0, 0, 2, 0, 0, 0, 0, 0, 0, 0, 0, 0, 0, 0, 1, 0]]
H123-compact:
([1, 1, 1, 7, 34, 1, 2, 7, 1, 7, 2, 1, 1, 1, 6, 1, 7, 4, 2, 1, 1, 2, 3], ['h1', 'h3', 'h1', 'h2', 'h3', 'h2', 'h2', 'h2', 'h2', 'h2', 'h3', 'h2', 'h2', 'h2', 'h2', 'h2', 'h2', 'h2', 'h2', 'h2', 'h3', 'h2', 'h2'])
H123:
[[1, 0, 1, 0, 0, 0, 0, 0, 0, 0, 0, 0, 0, 0, 0, 0, 0, 0, 0, 0, 0, 0, 0], [0, 0, 0, 7, 0, 1, 2, 7, 1, 7, 0, 1, 1, 1, 6, 1, 7, 4, 2, 1, 0, 2, 3], [0, 1, 0, 0, 34, 0, 0, 0, 0, 0, 2, 0, 0, 0, 0, 0, 0, 0, 0, 0, 1, 0, 0]]
H123-compact:
([1, 1, 1, 8, 34, 1, 2, 7, 1, 2, 7, 1, 1, 1, 6, 1, 7, 4, 2, 1, 1, 2], ['h1', 'h3', 'h1', 'h2', 'h3', 'h2', 'h2', 'h2', 'h2', 'h3', 'h2', 'h2', 'h2', 'h2', 'h2', 'h2', 'h2', 'h2', 'h2', 'h2', 'h3', 'h2'])
H123:
[[1, 0, 1, 0, 0, 0, 0, 0, 0, 0, 0, 0, 0, 0, 0, 0, 0, 0, 0, 0, 0, 0], [0, 0, 0, 8, 0, 1, 2, 7, 1, 0, 7, 1, 1, 1, 6, 1, 7, 4, 2, 1, 0, 2], [0, 1, 0, 0, 34, 0, 0, 0, 0, 2, 0, 0, 0, 0, 0, 0, 0, 0, 0, 0, 1, 0]]
H123-compact:
([1, 1, 1, 7, 34, 1, 2, 7, 1, 2, 7, 1, 1, 1, 6, 1, 7, 4, 2, 1, 1, 2, 3], ['h1', 'h3', 'h1', 'h2', 'h3', 'h2', 'h2', 'h2', 'h2', 'h3', 'h2', 'h2', 'h2', 'h2', 'h2', 'h2', 'h2', 'h2', 'h2', 'h2', 'h3', 'h2', 'h2'])
H123:
[[1, 0, 1, 0, 0, 0, 0, 0, 0, 0, 0, 0, 0, 0, 0, 0, 0, 0, 0, 0, 0, 0, 0], [0, 0, 0, 7, 0, 1, 2, 7, 1, 0, 7, 1, 1, 1, 6, 1, 7, 4, 2, 1, 0, 2, 3], [0, 1, 0, 0, 34, 0, 0, 0, 0, 2, 0, 0, 0, 0, 0, 0, 0, 0, 0, 0, 1, 0, 0]]
H123-compact:
([1, 1, 1, 8, 34, 1, 2, 7, 1, 2, 7, 1, 1, 1, 6, 1, 7, 4, 2, 1, 1, 2, 3], ['h1', 'h3', 'h1', 'h2', 'h3', 'h2', 'h2', 'h2', 'h2', 'h3', 'h2', 'h2', 'h2', 'h2', 'h2', 'h2', 'h2', 'h2', 'h2', 'h2', 'h3', 'h2', 'h2'])
H123:
[[1, 0, 1, 0, 0, 0, 0, 0, 0, 0, 0, 0, 0, 0, 0, 0, 0, 0, 0, 0, 0, 0, 0], [0, 0, 0, 8, 0, 1, 2, 7, 1, 0, 7, 1, 1, 1, 6, 1, 7, 4, 2, 1, 0, 2, 3], [0, 1, 0, 0, 34, 0, 0, 0, 0, 2, 0, 0, 0, 0, 0, 0, 0, 0, 0, 0, 1, 0, 0]]
H123-compact:
([1, 1, 1, 7, 34, 1, 2, 7, 1, 7, 2, 1, 1, 1, 6, 1, 7, 4, 2, 1, 1, 2, 3], ['h1', 'h3', 'h1', 'h2', 'h3', 'h2', 'h2', 'h2', 'h2', 'h2', 'h3', 'h2', 'h2', 'h2', 'h2', 'h2', 'h2', 'h2', 'h2', 'h2', 'h3', 'h2', 'h2'])
H123:
[[1, 0, 1, 0, 0, 0, 0, 0, 0, 0, 0, 0, 0, 0, 0, 0, 0, 0, 0, 0, 0, 0, 0], [0, 0, 0, 7, 0, 1, 2, 7, 1, 7, 0, 1, 1, 1, 6, 1, 7, 4, 2, 1, 0, 2, 3], [0, 1, 0, 0, 34, 0, 0, 0, 0, 0, 2, 0, 0, 0, 0, 0, 0, 0, 0, 0, 1, 0, 0]]
H123-compact:
([1, 1, 1, 7, 34, 1, 2, 7, 1, 2, 7, 1, 1, 1, 6, 1, 7, 4, 2, 1, 1, 2, 3], ['h1', 'h3', 'h1', 'h2', 'h3', 'h2', 'h2', 'h2', 'h2', 'h3', 'h2', 'h2', 'h2', 'h2', 'h2', 'h2', 'h2', 'h2', 'h2', 'h2', 'h3', 'h2', 'h2'])
H123:
[[1, 0, 1, 0, 0, 0, 0, 0, 0, 0, 0, 0, 0, 0, 0, 0, 0, 0, 0, 0, 0, 0, 0], [0, 0, 0, 7, 0, 1, 2, 7, 1, 0, 7, 1, 1, 1, 6, 1, 7, 4, 2, 1, 0, 2, 3], [0, 1, 0, 0, 34, 0, 0, 0, 0, 2, 0, 0, 0, 0, 0, 0, 0, 0, 0, 0, 1, 0, 0]]
H123-compact:
([1, 1, 1, 7, 34, 1, 2, 7, 1, 2, 7, 1, 1, 6, 1, 1, 7, 4, 2, 2, 1, 1, 3], ['h1', 'h3', 'h1', 'h2', 'h3', 'h2', 'h2', 'h2', 'h2', 'h3', 'h2', 'h2', 'h2', 'h2', 'h2', 'h2', 'h2', 'h2', 'h2', 'h2', 'h2', 'h3', 'h2'])
H123:
[[1, 0, 1, 0, 0, 0, 0, 0, 0, 0, 0, 0, 0, 0, 0, 0, 0, 0, 0, 0, 0, 0, 0], [0, 0, 0, 7, 0, 1, 2, 7, 1, 0, 7, 1, 1, 6, 1, 1, 7, 4, 2, 2, 1, 0, 3], [0, 1, 0, 0, 34, 0, 0, 0, 0, 2, 0, 0, 0, 0, 0, 0, 0, 0, 0, 0, 0, 1, 0]]
H123-compact:
([1, 1, 1, 8, 36, 1, 2, 2, 7, 1, 7, 1, 1, 1, 6, 1, 7, 4, 2, 1, 1, 2], ['h1', 'h3', 'h1', 'h2', 'h3', 'h2', 'h2', 'h3', 'h2', 'h2', 'h2', 'h2', 'h2', 'h2', 'h2', 'h2', 'h2', 'h2', 'h2', 'h2', 'h3', 'h2'])
H123:
[[1, 0, 1, 0, 0, 0, 0, 0, 0, 0, 0, 0, 0, 0, 0, 0, 0, 0, 0, 0, 0, 0], [0, 0, 0, 8, 0, 1, 2, 0, 7, 1, 7, 1, 1, 1, 6, 1, 7, 4, 2, 1, 0, 2], [0, 1, 0, 0, 36, 0, 0, 2, 0, 0, 0, 0, 0, 0, 0, 0, 0, 0, 0, 0, 1, 0]]
H123-compact:
([1, 1, 1, 8, 34, 1, 7, 1, 2, 6, 1, 2, 1, 6, 1, 1, 1, 8, 4, 2, 2, 1, 1], ['h1', 'h3', 'h1', 'h2', 'h3', 'h2', 'h2', 'h2', 'h2', 'h2', 'h2', 'h3', 'h2', 'h2', 'h2', 'h1', 'h2', 'h2', 'h2', 'h2', 'h2', 'h2', 'h3'])
H123:
[[1, 0, 1, 0, 0, 0, 0, 0, 0, 0, 0, 0, 0, 0, 0, 1, 0, 0, 0, 0, 0, 0, 0], [0, 0, 0, 8, 0, 1, 7, 1, 2, 6, 1, 0, 1, 6, 1, 0, 1, 8, 4, 2, 2, 1, 0], [0, 1, 0, 0, 34, 0, 0, 0, 0, 0, 0, 2, 0, 0, 0, 0, 0, 0, 0, 0, 0, 0, 1]]
H123-compact:
([1, 1, 1, 9, 34, 1, 2, 7, 1, 7, 2, 1, 1, 1, 6, 1, 7, 4, 2, 1, 2, 1, 3], ['h1', 'h3', 'h1', 'h2', 'h3', 'h2', 'h2', 'h2', 'h2', 'h2', 'h3', 'h2', 'h2', 'h2', 'h2', 'h2', 'h2', 'h2', 'h2', 'h2', 'h2', 'h3', 'h2'])
H123:
[[1, 0, 1, 0, 0, 0, 0, 0, 0, 0, 0, 0, 0, 0, 0, 0, 0, 0, 0, 0, 0, 0, 0], [0, 0, 0, 9, 0, 1, 2, 7, 1, 7, 0, 1, 1, 1, 6, 1, 7, 4, 2, 1, 2, 0, 3], [0, 1, 0, 0, 34, 0, 0, 0, 0, 0, 2, 0, 0, 0, 0, 0, 0, 0, 0, 0, 0, 1, 0]]
H123-compact:
([1, 1, 1, 7, 34, 1, 2, 1, 7, 7, 2, 1, 1, 1, 6, 1, 7, 4, 2, 1, 1, 2], ['h1', 'h3', 'h1', 'h2', 'h3', 'h2', 'h2', 'h2', 'h2', 'h2', 'h3', 'h2', 'h2', 'h2', 'h2', 'h2', 'h2', 'h2', 'h2', 'h2', 'h3', 'h2'])
H123:
[[1, 0, 1, 0, 0, 0, 0, 0, 0, 0, 0, 0, 0, 0, 0, 0, 0, 0, 0, 0, 0, 0], [0, 0, 0, 7, 0, 1, 2, 1, 7, 7, 0, 1, 1, 1, 6, 1, 7, 4, 2, 1, 0, 2], [0, 1, 0, 0, 34, 0, 0, 0, 0, 0, 2, 0, 0, 0, 0, 0, 0, 0, 0, 0, 1, 0]]
H123-compact:
([1, 1, 1, 7, 34, 1, 2, 7, 1, 7, 2, 1, 1, 6, 1, 1, 7, 4, 2, 2, 1, 1, 4], ['h1', 'h3', 'h1', 'h2', 'h3', 'h2', 'h2', 'h2', 'h2', 'h2', 'h3', 'h2', 'h2', 'h2', 'h2', 'h2', 'h2', 'h2', 'h2', 'h2', 'h2', 'h3', 'h2'])
H123:
[[1, 0, 1, 0, 0, 0, 0, 0, 0, 0, 0, 0, 0, 0, 0, 0, 0, 0, 0, 0, 0, 0, 0], [0, 0, 0, 7, 0, 1, 2, 7, 1, 7, 0, 1, 1, 6, 1, 1, 7, 4, 2, 2, 1, 0, 4], [0, 1, 0, 0, 34, 0, 0, 0, 0, 0, 2, 0, 0, 0, 0, 0, 0, 0, 0, 0, 0, 1, 0]]
H123-compact:
([1, 1, 1, 7, 34, 1, 2, 7, 1, 2, 7, 1, 1, 1, 6, 1, 7, 4, 2, 1, 1, 2, 3], ['h1', 'h3', 'h1', 'h2', 'h3', 'h2', 'h2', 'h2', 'h2', 'h3', 'h2', 'h2', 'h2', 'h2', 'h2', 'h2', 'h2', 'h2', 'h2', 'h2', 'h3', 'h2', 'h2'])
H123:
[[1, 0, 1, 0, 0, 0, 0, 0, 0, 0, 0, 0, 0, 0, 0, 0, 0, 0, 0, 0, 0, 0, 0], [0, 0, 0, 7, 0, 1, 2, 7, 1, 0, 7, 1, 1, 1, 6, 1, 7, 4, 2, 1, 0, 2, 3], [0, 1, 0, 0, 34, 0, 0, 0, 0, 2, 0, 0, 0, 0, 0, 0, 0, 0, 0, 0, 1, 0, 0]]
H123-compact:
([1, 1, 1, 8, 34, 1, 2, 7, 1, 7, 2, 1, 1, 1, 6, 1, 7, 4, 2, 1, 1, 2, 3], ['h1', 'h3', 'h1', 'h2', 'h3', 'h2', 'h2', 'h2', 'h2', 'h2', 'h3', 'h2', 'h2', 'h2', 'h2', 'h2', 'h2', 'h2', 'h2', 'h2', 'h3', 'h2', 'h2'])
H123:
[[1, 0, 1, 0, 0, 0, 0, 0, 0, 0, 0, 0, 0, 0, 0, 0, 0, 0, 0, 0, 0, 0, 0], [0, 0, 0, 8, 0, 1, 2, 7, 1, 7, 0, 1, 1, 1, 6, 1, 7, 4, 2, 1, 0, 2, 3], [0, 1, 0, 0, 34, 0, 0, 0, 0, 0, 2, 0, 0, 0, 0, 0, 0, 0, 0, 0, 1, 0, 0]]
H123-compact:
([1, 1, 1, 7, 34, 1, 2, 7, 1, 7, 2, 1, 1, 1, 6, 1, 7, 4, 2, 1, 1, 2], ['h1', 'h3', 'h1', 'h2', 'h3', 'h2', 'h2', 'h2', 'h2', 'h2', 'h3', 'h2', 'h2', 'h2', 'h2', 'h2', 'h2', 'h2', 'h2', 'h2', 'h3', 'h2'])
H123:
[[1, 0, 1, 0, 0, 0, 0, 0, 0, 0, 0, 0, 0, 0, 0, 0, 0, 0, 0, 0, 0, 0], [0, 0, 0, 7, 0, 1, 2, 7, 1, 7, 0, 1, 1, 1, 6, 1, 7, 4, 2, 1, 0, 2], [0, 1, 0, 0, 34, 0, 0, 0, 0, 0, 2, 0, 0, 0, 0, 0, 0, 0, 0, 0, 1, 0]]
H123-compact:
([1, 1, 1, 8, 34, 1, 2, 7, 1, 7, 2, 1, 1, 1, 6, 1, 7, 4, 2, 1, 1, 2, 3], ['h1', 'h3', 'h1', 'h2', 'h3', 'h2', 'h2', 'h2', 'h2', 'h2', 'h3', 'h2', 'h2', 'h2', 'h2', 'h2', 'h2', 'h2', 'h2', 'h2', 'h3', 'h2', 'h2'])
H123:
[[1, 0, 1, 0, 0, 0, 0, 0, 0, 0, 0, 0, 0, 0, 0, 0, 0, 0, 0, 0, 0, 0, 0], [0, 0, 0, 8, 0, 1, 2, 7, 1, 7, 0, 1, 1, 1, 6, 1, 7, 4, 2, 1, 0, 2, 3], [0, 1, 0, 0, 34, 0, 0, 0, 0, 0, 2, 0, 0, 0, 0, 0, 0, 0, 0, 0, 1, 0, 0]]
H123-compact:
([1, 1, 1, 5, 38, 1, 7, 1, 2, 7, 7, 2, 1, 1, 1, 2, 1, 7, 4, 2, 1, 1], ['h1', 'h3', 'h1', 'h2', 'h3', 'h2', 'h2', 'h2', 'h2', 'h2', 'h2', 'h3', 'h2', 'h2', 'h2', 'h2', 'h2', 'h2', 'h2', 'h2', 'h2', 'h3'])
H123:
[[1, 0, 1, 0, 0, 0, 0, 0, 0, 0, 0, 0, 0, 0, 0, 0, 0, 0, 0, 0, 0, 0], [0, 0, 0, 5, 0, 1, 7, 1, 2, 7, 7, 0, 1, 1, 1, 2, 1, 7, 4, 2, 1, 0], [0, 1, 0, 0, 38, 0, 0, 0, 0, 0, 0, 2, 0, 0, 0, 0, 0, 0, 0, 0, 0, 1]]
H123-compact:
([1, 1, 1, 7, 34, 1, 2, 7, 1, 2, 7, 1, 1, 1, 6, 1, 7, 4, 2, 2, 1, 2, 3], ['h1', 'h3', 'h1', 'h2', 'h3', 'h2', 'h2', 'h2', 'h2', 'h3', 'h2', 'h2', 'h2', 'h2', 'h2', 'h2', 'h2', 'h2', 'h2', 'h2', 'h3', 'h2', 'h2'])
H123:
[[1, 0, 1, 0, 0, 0, 0, 0, 0, 0, 0, 0, 0, 0, 0, 0, 0, 0, 0, 0, 0, 0, 0], [0, 0, 0, 7, 0, 1, 2, 7, 1, 0, 7, 1, 1, 1, 6, 1, 7, 4, 2, 2, 0, 2, 3], [0, 1, 0, 0, 34, 0, 0, 0, 0, 2, 0, 0, 0, 0, 0, 0, 0, 0, 0, 0, 1, 0, 0]]
H123-compact:
([1, 1, 1, 9, 34, 1, 2, 7, 1, 2, 7, 1, 1, 1, 6, 2, 1, 7, 4, 2, 1, 1, 3], ['h1', 'h3', 'h1', 'h2', 'h3', 'h2', 'h2', 'h2', 'h2', 'h3', 'h2', 'h2', 'h2', 'h2', 'h2', 'h2', 'h2', 'h2', 'h2', 'h2', 'h2', 'h3', 'h2'])
H123:
[[1, 0, 1, 0, 0, 0, 0, 0, 0, 0, 0, 0, 0, 0, 0, 0, 0, 0, 0, 0, 0, 0, 0], [0, 0, 0, 9, 0, 1, 2, 7, 1, 0, 7, 1, 1, 1, 6, 2, 1, 7, 4, 2, 1, 0, 3], [0, 1, 0, 0, 34, 0, 0, 0, 0, 2, 0, 0, 0, 0, 0, 0, 0, 0, 0, 0, 0, 1, 0]]

