H123-compact:
([1, 1, 1, 32, 80, 6, 1, 20, 34, 6, 4, 8, 33, 38, 2, 2, 3, 18, 1, 2, 5, 1, 4, 3, 9, 9, 17, 1, 6, 1, 1, 2, 8, 2, 2], ['h1', 'h3', 'h2', 'h2', 'h2', 'h2', 'h2', 'h2', 'h2', 'h2', 'h2', 'h2', 'h2', 'h2', 'h2', 'h2', 'h2', 'h2', 'h2', 'h2', 'h2', 'h2', 'h2', 'h2', 'h3', 'h2', 'h2', 'h1', 'h2', 'h2', 'h2', 'h2', 'h2', 'h2', 'h2'])
H123:
[[1, 0, 0, 0, 0, 0, 0, 0, 0, 0, 0, 0, 0, 0, 0, 0, 0, 0, 0, 0, 0, 0, 0, 0, 0, 0, 0, 1, 0, 0, 0, 0, 0, 0, 0], [0, 0, 1, 32, 80, 6, 1, 20, 34, 6, 4, 8, 33, 38, 2, 2, 3, 18, 1, 2, 5, 1, 4, 3, 0, 9, 17, 0, 6, 1, 1, 2, 8, 2, 2], [0, 1, 0, 0, 0, 0, 0, 0, 0, 0, 0, 0, 0, 0, 0, 0, 0, 0, 0, 0, 0, 0, 0, 0, 9, 0, 0, 0, 0, 0, 0, 0, 0, 0, 0]]
H123-compact:
([1, 1, 2, 32, 6, 80, 1, 14, 31, 3, 6, 11, 30, 2, 32, 2, 3, 5, 2, 16, 1, 1, 3, 9, 5, 14, 6, 1, 5, 2, 8, 2, 2], ['h1', 'h3', 'h2', 'h2', 'h2', 'h2', 'h2', 'h2', 'h2', 'h2', 'h2', 'h2', 'h2', 'h2', 'h2', 'h2', 'h2', 'h2', 'h2', 'h2', 'h2', 'h2', 'h2', 'h3', 'h2', 'h2', 'h2', 'h1', 'h2', 'h2', 'h2', 'h2', 'h2'])
H123:
[[1, 0, 0, 0, 0, 0, 0, 0, 0, 0, 0, 0, 0, 0, 0, 0, 0, 0, 0, 0, 0, 0, 0, 0, 0, 0, 0, 1, 0, 0, 0, 0, 0], [0, 0, 2, 32, 6, 80, 1, 14, 31, 3, 6, 11, 30, 2, 32, 2, 3, 5, 2, 16, 1, 1, 3, 0, 5, 14, 6, 0, 5, 2, 8, 2, 2], [0, 1, 0, 0, 0, 0, 0, 0, 0, 0, 0, 0, 0, 0, 0, 0, 0, 0, 0, 0, 0, 0, 0, 9, 0, 0, 0, 0, 0, 0, 0, 0, 0]]
H123-compact:
([1, 1, 2, 33, 93, 6, 1, 18, 14, 35, 3, 6, 30, 11, 2, 34, 11, 2, 2, 2, 1, 5, 3, 1, 8, 15, 2, 5, 2, 8, 2, 1, 1, 2, 2, 1], ['h1', 'h3', 'h2', 'h2', 'h2', 'h2', 'h2', 'h2', 'h2', 'h2', 'h2', 'h2', 'h2', 'h2', 'h2', 'h2', 'h2', 'h2', 'h1', 'h2', 'h2', 'h2', 'h2', 'h2', 'h3', 'h2', 'h2', 'h2', 'h2', 'h2', 'h2', 'h2', 'h1', 'h1', 'h2', 'h2'])
H123:
[[1, 0, 0, 0, 0, 0, 0, 0, 0, 0, 0, 0, 0, 0, 0, 0, 0, 0, 2, 0, 0, 0, 0, 0, 0, 0, 0, 0, 0, 0, 0, 0, 1, 2, 0, 0], [0, 0, 2, 33, 93, 6, 1, 18, 14, 35, 3, 6, 30, 11, 2, 34, 11, 2, 0, 2, 1, 5, 3, 1, 0, 15, 2, 5, 2, 8, 2, 1, 0, 0, 2, 1], [0, 1, 0, 0, 0, 0, 0, 0, 0, 0, 0, 0, 0, 0, 0, 0, 0, 0, 0, 0, 0, 0, 0, 0, 8, 0, 0, 0, 0, 0, 0, 0, 0, 0, 0, 0]]
H123-compact:
([1, 1, 1, 32, 6, 88, 1, 17, 35, 6, 8, 3, 30, 34, 19, 2, 11, 2, 2, 3, 2, 1, 1, 3, 9, 5, 1, 16, 2, 8, 1, 2, 1, 1, 2, 2, 1, 6], ['h1', 'h3', 'h2', 'h2', 'h2', 'h2', 'h2', 'h2', 'h2', 'h2', 'h2', 'h2', 'h2', 'h2', 'h2', 'h2', 'h2', 'h1', 'h2', 'h2', 'h2', 'h2', 'h2', 'h2', 'h3', 'h2', 'h2', 'h2', 'h2', 'h2', 'h2', 'h2', 'h1', 'h1', 'h1', 'h2', 'h2', 'h2'])
H123:
[[1, 0, 0, 0, 0, 0, 0, 0, 0, 0, 0, 0, 0, 0, 0, 0, 0, 2, 0, 0, 0, 0, 0, 0, 0, 0, 0, 0, 0, 0, 0, 0, 1, 1, 2, 0, 0, 0], [0, 0, 1, 32, 6, 88, 1, 17, 35, 6, 8, 3, 30, 34, 19, 2, 11, 0, 2, 3, 2, 1, 1, 3, 0, 5, 1, 16, 2, 8, 1, 2, 0, 0, 0, 2, 1, 6], [0, 1, 0, 0, 0, 0, 0, 0, 0, 0, 0, 0, 0, 0, 0, 0, 0, 0, 0, 0, 0, 0, 0, 0, 9, 0, 0, 0, 0, 0, 0, 0, 0, 0, 0, 0, 0, 0]]
H123-compact:
([1, 1, 1, 32, 91, 6, 1, 15, 33, 3, 6, 8, 32, 34, 1, 1, 2, 2, 13, 1, 1, 5, 6, 3, 5, 9, 15, 6, 1, 1, 8, 2, 2], ['h1', 'h3', 'h2', 'h2', 'h2', 'h2', 'h2', 'h2', 'h2', 'h2', 'h2', 'h2', 'h2', 'h2', 'h2', 'h2', 'h2', 'h2', 'h2', 'h2', 'h2', 'h2', 'h2', 'h2', 'h2', 'h3', 'h2', 'h2', 'h2', 'h2', 'h2', 'h2', 'h2'])
H123:
[[1, 0, 0, 0, 0, 0, 0, 0, 0, 0, 0, 0, 0, 0, 0, 0, 0, 0, 0, 0, 0, 0, 0, 0, 0, 0, 0, 0, 0, 0, 0, 0, 0], [0, 0, 1, 32, 91, 6, 1, 15, 33, 3, 6, 8, 32, 34, 1, 1, 2, 2, 13, 1, 1, 5, 6, 3, 5, 0, 15, 6, 1, 1, 8, 2, 2], [0, 1, 0, 0, 0, 0, 0, 0, 0, 0, 0, 0, 0, 0, 0, 0, 0, 0, 0, 0, 0, 0, 0, 0, 0, 9, 0, 0, 0, 0, 0, 0, 0]]
H123-compact:
([1, 1, 1, 32, 82, 6, 1, 36, 3, 6, 8, 30, 14, 35, 8, 2, 2, 10, 1, 6, 1, 1, 2, 1, 1, 5, 2, 8, 2, 1, 3, 9, 17, 1, 2, 1, 2], ['h1', 'h3', 'h2', 'h2', 'h2', 'h2', 'h2', 'h2', 'h2', 'h2', 'h2', 'h2', 'h2', 'h2', 'h2', 'h2', 'h1', 'h2', 'h2', 'h2', 'h2', 'h2', 'h2', 'h2', 'h2', 'h2', 'h2', 'h2', 'h2', 'h2', 'h2', 'h3', 'h2', 'h1', 'h1', 'h2', 'h2'])
H123:
[[1, 0, 0, 0, 0, 0, 0, 0, 0, 0, 0, 0, 0, 0, 0, 0, 2, 0, 0, 0, 0, 0, 0, 0, 0, 0, 0, 0, 0, 0, 0, 0, 0, 1, 2, 0, 0], [0, 0, 1, 32, 82, 6, 1, 36, 3, 6, 8, 30, 14, 35, 8, 2, 0, 10, 1, 6, 1, 1, 2, 1, 1, 5, 2, 8, 2, 1, 3, 0, 17, 0, 0, 1, 2], [0, 1, 0, 0, 0, 0, 0, 0, 0, 0, 0, 0, 0, 0, 0, 0, 0, 0, 0, 0, 0, 0, 0, 0, 0, 0, 0, 0, 0, 0, 0, 9, 0, 0, 0, 0, 0]]
H123-compact:
([1, 1, 1, 32, 6, 78, 1, 17, 35, 3, 6, 8, 28, 2, 2, 40, 1, 11, 1, 2, 1, 8, 4, 3, 5, 10, 17, 6, 1, 1, 2, 8, 2, 2], ['h1', 'h3', 'h2', 'h2', 'h2', 'h2', 'h2', 'h2', 'h2', 'h2', 'h2', 'h2', 'h2', 'h2', 'h2', 'h2', 'h2', 'h2', 'h2', 'h2', 'h2', 'h2', 'h2', 'h2', 'h2', 'h3', 'h2', 'h2', 'h1', 'h2', 'h2', 'h2', 'h2', 'h2'])
H123:
[[1, 0, 0, 0, 0, 0, 0, 0, 0, 0, 0, 0, 0, 0, 0, 0, 0, 0, 0, 0, 0, 0, 0, 0, 0, 0, 0, 0, 1, 0, 0, 0, 0, 0], [0, 0, 1, 32, 6, 78, 1, 17, 35, 3, 6, 8, 28, 2, 2, 40, 1, 11, 1, 2, 1, 8, 4, 3, 5, 0, 17, 6, 0, 1, 2, 8, 2, 2], [0, 1, 0, 0, 0, 0, 0, 0, 0, 0, 0, 0, 0, 0, 0, 0, 0, 0, 0, 0, 0, 0, 0, 0, 0, 10, 0, 0, 0, 0, 0, 0, 0, 0]]
H123-compact:
([1, 1, 1, 31, 87, 7, 1, 21, 3, 6, 8, 33, 17, 36, 2, 3, 2, 13, 2, 1, 5, 6, 1, 3, 7, 8, 1, 15, 2, 2, 8, 2, 1, 2], ['h1', 'h3', 'h2', 'h2', 'h2', 'h2', 'h2', 'h2', 'h2', 'h2', 'h2', 'h2', 'h2', 'h2', 'h2', 'h2', 'h2', 'h2', 'h2', 'h2', 'h2', 'h2', 'h2', 'h2', 'h2', 'h3', 'h1', 'h2', 'h2', 'h2', 'h2', 'h2', 'h2', 'h2'])
H123:
[[1, 0, 0, 0, 0, 0, 0, 0, 0, 0, 0, 0, 0, 0, 0, 0, 0, 0, 0, 0, 0, 0, 0, 0, 0, 0, 1, 0, 0, 0, 0, 0, 0, 0], [0, 0, 1, 31, 87, 7, 1, 21, 3, 6, 8, 33, 17, 36, 2, 3, 2, 13, 2, 1, 5, 6, 1, 3, 7, 0, 0, 15, 2, 2, 8, 2, 1, 2], [0, 1, 0, 0, 0, 0, 0, 0, 0, 0, 0, 0, 0, 0, 0, 0, 0, 0, 0, 0, 0, 0, 0, 0, 0, 8, 0, 0, 0, 0, 0, 0, 0, 0]]
H123-compact:
([1, 1, 1, 33, 89, 6, 1, 14, 36, 3, 6, 8, 30, 35, 17, 2, 8, 2, 2, 5, 3, 3, 1, 1, 3, 9, 5, 15, 2, 8, 2, 1, 1, 2, 2, 1], ['h1', 'h3', 'h2', 'h2', 'h2', 'h2', 'h2', 'h2', 'h2', 'h2', 'h2', 'h2', 'h2', 'h2', 'h2', 'h2', 'h2', 'h2', 'h1', 'h2', 'h2', 'h2', 'h2', 'h2', 'h2', 'h3', 'h2', 'h2', 'h2', 'h2', 'h2', 'h2', 'h1', 'h1', 'h2', 'h2'])
H123:
[[1, 0, 0, 0, 0, 0, 0, 0, 0, 0, 0, 0, 0, 0, 0, 0, 0, 0, 2, 0, 0, 0, 0, 0, 0, 0, 0, 0, 0, 0, 0, 0, 1, 2, 0, 0], [0, 0, 1, 33, 89, 6, 1, 14, 36, 3, 6, 8, 30, 35, 17, 2, 8, 2, 0, 5, 3, 3, 1, 1, 3, 0, 5, 15, 2, 8, 2, 1, 0, 0, 2, 1], [0, 1, 0, 0, 0, 0, 0, 0, 0, 0, 0, 0, 0, 0, 0, 0, 0, 0, 0, 0, 0, 0, 0, 0, 0, 9, 0, 0, 0, 0, 0, 0, 0, 0, 0, 0]]
H123-compact:
([1, 1, 1, 30, 101, 6, 1, 14, 36, 3, 6, 29, 8, 2, 11, 32, 20, 2, 2, 1, 7, 1, 2, 1, 3, 8, 15, 1, 5, 2, 8, 3, 1, 1, 2, 2, 1], ['h1', 'h3', 'h2', 'h2', 'h2', 'h2', 'h2', 'h2', 'h2', 'h2', 'h2', 'h2', 'h2', 'h2', 'h2', 'h2', 'h2', 'h2', 'h1', 'h2', 'h2', 'h2', 'h2', 'h2', 'h2', 'h3', 'h2', 'h2', 'h2', 'h2', 'h2', 'h2', 'h2', 'h1', 'h2', 'h1', 'h2'])
H123:
[[1, 0, 0, 0, 0, 0, 0, 0, 0, 0, 0, 0, 0, 0, 0, 0, 0, 0, 2, 0, 0, 0, 0, 0, 0, 0, 0, 0, 0, 0, 0, 0, 0, 1, 0, 2, 0], [0, 0, 1, 30, 101, 6, 1, 14, 36, 3, 6, 29, 8, 2, 11, 32, 20, 2, 0, 1, 7, 1, 2, 1, 3, 0, 15, 1, 5, 2, 8, 3, 1, 0, 2, 0, 1], [0, 1, 0, 0, 0, 0, 0, 0, 0, 0, 0, 0, 0, 0, 0, 0, 0, 0, 0, 0, 0, 0, 0, 0, 0, 8, 0, 0, 0, 0, 0, 0, 0, 0, 0, 0, 0]]
H123-compact:
([1, 1, 2, 33, 6, 90, 1, 18, 3, 35, 6, 11, 31, 34, 2, 8, 2, 12, 6, 6, 5, 3, 3, 1, 2, 9, 5, 1, 5, 2, 15, 8, 2, 1, 2], ['h1', 'h3', 'h2', 'h2', 'h2', 'h2', 'h2', 'h2', 'h2', 'h2', 'h2', 'h2', 'h2', 'h2', 'h2', 'h2', 'h2', 'h2', 'h2', 'h2', 'h2', 'h2', 'h2', 'h2', 'h2', 'h3', 'h2', 'h2', 'h2', 'h2', 'h2', 'h2', 'h2', 'h2', 'h2'])
H123:
[[1, 0, 0, 0, 0, 0, 0, 0, 0, 0, 0, 0, 0, 0, 0, 0, 0, 0, 0, 0, 0, 0, 0, 0, 0, 0, 0, 0, 0, 0, 0, 0, 0, 0, 0], [0, 0, 2, 33, 6, 90, 1, 18, 3, 35, 6, 11, 31, 34, 2, 8, 2, 12, 6, 6, 5, 3, 3, 1, 2, 0, 5, 1, 5, 2, 15, 8, 2, 1, 2], [0, 1, 0, 0, 0, 0, 0, 0, 0, 0, 0, 0, 0, 0, 0, 0, 0, 0, 0, 0, 0, 0, 0, 0, 0, 9, 0, 0, 0, 0, 0, 0, 0, 0, 0]]
H123-compact:
([1, 1, 1, 32, 93, 6, 20, 1, 14, 33, 3, 6, 11, 30, 2, 30, 2, 11, 2, 1, 3, 5, 10, 1, 2, 1, 16, 2, 5, 2, 8, 2, 1, 1, 2, 1, 2], ['h1', 'h3', 'h2', 'h2', 'h2', 'h2', 'h2', 'h2', 'h2', 'h2', 'h2', 'h2', 'h2', 'h2', 'h2', 'h2', 'h2', 'h2', 'h1', 'h2', 'h2', 'h2', 'h3', 'h2', 'h2', 'h2', 'h2', 'h2', 'h2', 'h2', 'h2', 'h2', 'h2', 'h1', 'h1', 'h2', 'h2'])
H123:
[[1, 0, 0, 0, 0, 0, 0, 0, 0, 0, 0, 0, 0, 0, 0, 0, 0, 0, 2, 0, 0, 0, 0, 0, 0, 0, 0, 0, 0, 0, 0, 0, 0, 1, 2, 0, 0], [0, 0, 1, 32, 93, 6, 20, 1, 14, 33, 3, 6, 11, 30, 2, 30, 2, 11, 0, 1, 3, 5, 0, 1, 2, 1, 16, 2, 5, 2, 8, 2, 1, 0, 0, 1, 2], [0, 1, 0, 0, 0, 0, 0, 0, 0, 0, 0, 0, 0, 0, 0, 0, 0, 0, 0, 0, 0, 0, 10, 0, 0, 0, 0, 0, 0, 0, 0, 0, 0, 0, 0, 0, 0]]
H123-compact:
([1, 1, 1, 31, 6, 88, 2, 36, 6, 3, 30, 8, 36, 5, 13, 7, 2, 6, 10, 2, 7, 2, 1, 1, 1, 5, 5, 2, 2, 9, 8, 2, 15, 1, 2], ['h1', 'h3', 'h2', 'h2', 'h2', 'h2', 'h2', 'h2', 'h2', 'h2', 'h2', 'h2', 'h2', 'h2', 'h2', 'h2', 'h2', 'h2', 'h2', 'h2', 'h2', 'h2', 'h2', 'h2', 'h2', 'h2', 'h2', 'h2', 'h2', 'h3', 'h2', 'h2', 'h2', 'h2', 'h2'])
H123:
[[1, 0, 0, 0, 0, 0, 0, 0, 0, 0, 0, 0, 0, 0, 0, 0, 0, 0, 0, 0, 0, 0, 0, 0, 0, 0, 0, 0, 0, 0, 0, 0, 0, 0, 0], [0, 0, 1, 31, 6, 88, 2, 36, 6, 3, 30, 8, 36, 5, 13, 7, 2, 6, 10, 2, 7, 2, 1, 1, 1, 5, 5, 2, 2, 0, 8, 2, 15, 1, 2], [0, 1, 0, 0, 0, 0, 0, 0, 0, 0, 0, 0, 0, 0, 0, 0, 0, 0, 0, 0, 0, 0, 0, 0, 0, 0, 0, 0, 0, 9, 0, 0, 0, 0, 0]]
H123-compact:
([1, 1, 1, 33, 6, 85, 1, 17, 34, 6, 3, 8, 30, 2, 33, 19, 2, 11, 2, 7, 2, 1, 3, 1, 8, 16, 1, 2, 8, 2, 1, 1, 2, 2, 2, 1, 5], ['h1', 'h3', 'h2', 'h2', 'h2', 'h2', 'h2', 'h2', 'h2', 'h2', 'h2', 'h2', 'h2', 'h2', 'h2', 'h2', 'h2', 'h2', 'h1', 'h2', 'h2', 'h2', 'h2', 'h2', 'h3', 'h2', 'h2', 'h2', 'h2', 'h2', 'h2', 'h1', 'h2', 'h1', 'h2', 'h2', 'h2'])
H123:
[[1, 0, 0, 0, 0, 0, 0, 0, 0, 0, 0, 0, 0, 0, 0, 0, 0, 0, 2, 0, 0, 0, 0, 0, 0, 0, 0, 0, 0, 0, 0, 1, 0, 2, 0, 0, 0], [0, 0, 1, 33, 6, 85, 1, 17, 34, 6, 3, 8, 30, 2, 33, 19, 2, 11, 0, 7, 2, 1, 3, 1, 0, 16, 1, 2, 8, 2, 1, 0, 2, 0, 2, 1, 5], [0, 1, 0, 0, 0, 0, 0, 0, 0, 0, 0, 0, 0, 0, 0, 0, 0, 0, 0, 0, 0, 0, 0, 0, 8, 0, 0, 0, 0, 0, 0, 0, 0, 0, 0, 0, 0]]
H123-compact:
([1, 1, 1, 31, 88, 6, 1, 10, 3, 37, 6, 15, 7, 30, 8, 1, 38, 11, 2, 2, 7, 2, 2, 1, 3, 8, 16, 5, 2, 8, 2, 1, 1, 1, 2, 2, 1], ['h1', 'h3', 'h2', 'h2', 'h2', 'h2', 'h2', 'h2', 'h2', 'h2', 'h2', 'h2', 'h2', 'h2', 'h2', 'h2', 'h2', 'h2', 'h2', 'h1', 'h2', 'h2', 'h2', 'h2', 'h2', 'h3', 'h2', 'h2', 'h2', 'h2', 'h2', 'h2', 'h2', 'h1', 'h2', 'h1', 'h2'])
H123:
[[1, 0, 0, 0, 0, 0, 0, 0, 0, 0, 0, 0, 0, 0, 0, 0, 0, 0, 0, 2, 0, 0, 0, 0, 0, 0, 0, 0, 0, 0, 0, 0, 0, 1, 0, 2, 0], [0, 0, 1, 31, 88, 6, 1, 10, 3, 37, 6, 15, 7, 30, 8, 1, 38, 11, 2, 0, 7, 2, 2, 1, 3, 0, 16, 5, 2, 8, 2, 1, 1, 0, 2, 0, 1], [0, 1, 0, 0, 0, 0, 0, 0, 0, 0, 0, 0, 0, 0, 0, 0, 0, 0, 0, 0, 0, 0, 0, 0, 0, 8, 0, 0, 0, 0, 0, 0, 0, 0, 0, 0, 0]]
H123-compact:
([1, 1, 1, 32, 101, 6, 1, 10, 3, 36, 6, 11, 30, 14, 1, 36, 8, 2, 1, 2, 3, 2, 1, 1, 3, 9, 5, 5, 1, 2, 16, 8, 2, 1, 1, 2, 2, 1], ['h1', 'h3', 'h2', 'h2', 'h2', 'h2', 'h2', 'h2', 'h2', 'h2', 'h2', 'h2', 'h2', 'h2', 'h2', 'h2', 'h2', 'h2', 'h1', 'h1', 'h2', 'h2', 'h2', 'h2', 'h2', 'h3', 'h2', 'h2', 'h2', 'h2', 'h2', 'h2', 'h2', 'h2', 'h1', 'h1', 'h2', 'h2'])
H123:
[[1, 0, 0, 0, 0, 0, 0, 0, 0, 0, 0, 0, 0, 0, 0, 0, 0, 0, 1, 2, 0, 0, 0, 0, 0, 0, 0, 0, 0, 0, 0, 0, 0, 0, 1, 2, 0, 0], [0, 0, 1, 32, 101, 6, 1, 10, 3, 36, 6, 11, 30, 14, 1, 36, 8, 2, 0, 0, 3, 2, 1, 1, 3, 0, 5, 5, 1, 2, 16, 8, 2, 1, 0, 0, 2, 1], [0, 1, 0, 0, 0, 0, 0, 0, 0, 0, 0, 0, 0, 0, 0, 0, 0, 0, 0, 0, 0, 0, 0, 0, 0, 9, 0, 0, 0, 0, 0, 0, 0, 0, 0, 0, 0, 0]]
H123-compact:
([1, 1, 2, 32, 6, 102, 1, 16, 16, 3, 36, 6, 8, 29, 2, 2, 11, 37, 2, 5, 1, 2, 3, 8, 16, 5, 1, 8, 2, 1, 1, 1, 2, 2, 1], ['h1', 'h3', 'h2', 'h2', 'h2', 'h2', 'h2', 'h2', 'h2', 'h2', 'h2', 'h2', 'h2', 'h2', 'h2', 'h2', 'h2', 'h2', 'h1', 'h2', 'h2', 'h2', 'h2', 'h3', 'h2', 'h2', 'h2', 'h2', 'h2', 'h2', 'h2', 'h1', 'h1', 'h2', 'h2'])
H123:
[[1, 0, 0, 0, 0, 0, 0, 0, 0, 0, 0, 0, 0, 0, 0, 0, 0, 0, 2, 0, 0, 0, 0, 0, 0, 0, 0, 0, 0, 0, 0, 1, 2, 0, 0], [0, 0, 2, 32, 6, 102, 1, 16, 16, 3, 36, 6, 8, 29, 2, 2, 11, 37, 0, 5, 1, 2, 3, 0, 16, 5, 1, 8, 2, 1, 1, 0, 0, 2, 1], [0, 1, 0, 0, 0, 0, 0, 0, 0, 0, 0, 0, 0, 0, 0, 0, 0, 0, 0, 0, 0, 0, 0, 8, 0, 0, 0, 0, 0, 0, 0, 0, 0, 0, 0]]
H123-compact:
([1, 1, 1, 32, 6, 105, 1, 14, 34, 4, 15, 6, 3, 30, 8, 2, 32, 8, 2, 5, 1, 2, 2, 1, 4, 9, 5, 16, 2, 7, 2, 1, 1, 2, 2, 1], ['h1', 'h3', 'h2', 'h2', 'h2', 'h2', 'h2', 'h2', 'h2', 'h2', 'h2', 'h2', 'h2', 'h2', 'h2', 'h2', 'h2', 'h2', 'h1', 'h2', 'h2', 'h2', 'h2', 'h2', 'h2', 'h3', 'h2', 'h2', 'h2', 'h2', 'h2', 'h2', 'h1', 'h2', 'h1', 'h2'])
H123:
[[1, 0, 0, 0, 0, 0, 0, 0, 0, 0, 0, 0, 0, 0, 0, 0, 0, 0, 2, 0, 0, 0, 0, 0, 0, 0, 0, 0, 0, 0, 0, 0, 1, 0, 2, 0], [0, 0, 1, 32, 6, 105, 1, 14, 34, 4, 15, 6, 3, 30, 8, 2, 32, 8, 0, 5, 1, 2, 2, 1, 4, 0, 5, 16, 2, 7, 2, 1, 0, 2, 0, 1], [0, 1, 0, 0, 0, 0, 0, 0, 0, 0, 0, 0, 0, 0, 0, 0, 0, 0, 0, 0, 0, 0, 0, 0, 0, 9, 0, 0, 0, 0, 0, 0, 0, 0, 0, 0]]
H123-compact:
([1, 1, 2, 32, 63, 6, 1, 21, 33, 3, 6, 8, 32, 2, 36, 2, 1, 2, 15, 1, 2, 1, 9, 6, 15, 3, 8, 2, 2, 6, 2, 6], ['h1', 'h3', 'h2', 'h2', 'h2', 'h2', 'h2', 'h2', 'h2', 'h2', 'h2', 'h2', 'h2', 'h2', 'h2', 'h2', 'h2', 'h2', 'h2', 'h2', 'h2', 'h2', 'h3', 'h2', 'h2', 'h2', 'h2', 'h2', 'h2', 'h2', 'h2', 'h2'])
H123:
[[1, 0, 0, 0, 0, 0, 0, 0, 0, 0, 0, 0, 0, 0, 0, 0, 0, 0, 0, 0, 0, 0, 0, 0, 0, 0, 0, 0, 0, 0, 0, 0], [0, 0, 2, 32, 63, 6, 1, 21, 33, 3, 6, 8, 32, 2, 36, 2, 1, 2, 15, 1, 2, 1, 0, 6, 15, 3, 8, 2, 2, 6, 2, 6], [0, 1, 0, 0, 0, 0, 0, 0, 0, 0, 0, 0, 0, 0, 0, 0, 0, 0, 0, 0, 0, 0, 9, 0, 0, 0, 0, 0, 0, 0, 0, 0]]
H123-compact:
([1, 1, 1, 32, 80, 6, 1, 13, 3, 31, 6, 32, 8, 32, 1, 4, 15, 2, 1, 2, 1, 4, 6, 3, 8, 5, 17, 1, 1, 6, 2, 1, 8, 2, 2], ['h1', 'h3', 'h2', 'h2', 'h2', 'h2', 'h2', 'h2', 'h2', 'h2', 'h2', 'h2', 'h2', 'h2', 'h2', 'h2', 'h2', 'h2', 'h2', 'h2', 'h2', 'h2', 'h2', 'h2', 'h3', 'h2', 'h2', 'h1', 'h1', 'h2', 'h2', 'h2', 'h2', 'h2', 'h2'])
H123:
[[1, 0, 0, 0, 0, 0, 0, 0, 0, 0, 0, 0, 0, 0, 0, 0, 0, 0, 0, 0, 0, 0, 0, 0, 0, 0, 0, 1, 1, 0, 0, 0, 0, 0, 0], [0, 0, 1, 32, 80, 6, 1, 13, 3, 31, 6, 32, 8, 32, 1, 4, 15, 2, 1, 2, 1, 4, 6, 3, 0, 5, 17, 0, 0, 6, 2, 1, 8, 2, 2], [0, 1, 0, 0, 0, 0, 0, 0, 0, 0, 0, 0, 0, 0, 0, 0, 0, 0, 0, 0, 0, 0, 0, 0, 8, 0, 0, 0, 0, 0, 0, 0, 0, 0, 0]]

