H123-compact:
([1, 1, 1, 14, 9, 1, 1, 6, 2], ['h1', 'h3', 'h2', 'h3', 'h3', 'h3', 'h2', 'h2', 'h2'])
H123:
[[1, 0, 0, 0, 0, 0, 0, 0, 0], [0, 0, 1, 0, 0, 0, 1, 6, 2], [0, 1, 0, 14, 9, 1, 0, 0, 0]]
H123-compact:
([1, 1, 1, 14, 10, 1, 1, 7], ['h1', 'h3', 'h3', 'h3', 'h3', 'h3', 'h2', 'h2'])
H123:
[[1, 0, 0, 0, 0, 0, 0, 0], [0, 0, 0, 0, 0, 0, 1, 7], [0, 1, 1, 14, 10, 1, 0, 0]]
H123-compact:
([1, 1, 1, 14, 9, 1, 1, 6, 2], ['h1', 'h3', 'h3', 'h3', 'h3', 'h3', 'h2', 'h2', 'h2'])
H123:
[[1, 0, 0, 0, 0, 0, 0, 0, 0], [0, 0, 0, 0, 0, 0, 1, 6, 2], [0, 1, 1, 14, 9, 1, 0, 0, 0]]
H123-compact:
([1, 1, 1, 14, 9, 1, 1, 6], ['h1', 'h3', 'h3', 'h3', 'h3', 'h3', 'h2', 'h2'])
H123:
[[1, 0, 0, 0, 0, 0, 0, 0], [0, 0, 0, 0, 0, 0, 1, 6], [0, 1, 1, 14, 9, 1, 0, 0]]
H123-compact:
([1, 1, 1, 14, 9, 1, 1, 6, 2], ['h1', 'h3', 'h3', 'h3', 'h3', 'h3', 'h2', 'h2', 'h2'])
H123:
[[1, 0, 0, 0, 0, 0, 0, 0, 0], [0, 0, 0, 0, 0, 0, 1, 6, 2], [0, 1, 1, 14, 9, 1, 0, 0, 0]]
H123-compact:
([1, 1, 1, 14, 9, 1, 1, 1, 6], ['h1', 'h3', 'h3', 'h3', 'h3', 'h1', 'h3', 'h2', 'h2'])
H123:
[[1, 0, 0, 0, 0, 1, 0, 0, 0], [0, 0, 0, 0, 0, 0, 0, 1, 6], [0, 1, 1, 14, 9, 0, 1, 0, 0]]
H123-compact:
([1, 1, 1, 14, 9, 1, 1, 6, 2], ['h1', 'h3', 'h3', 'h3', 'h3', 'h3', 'h2', 'h2', 'h2'])
H123:
[[1, 0, 0, 0, 0, 0, 0, 0, 0], [0, 0, 0, 0, 0, 0, 1, 6, 2], [0, 1, 1, 14, 9, 1, 0, 0, 0]]
H123-compact:
([1, 1, 1, 14, 9, 1, 1, 6, 2], ['h1', 'h3', 'h3', 'h3', 'h3', 'h3', 'h2', 'h2', 'h2'])
H123:
[[1, 0, 0, 0, 0, 0, 0, 0, 0], [0, 0, 0, 0, 0, 0, 1, 6, 2], [0, 1, 1, 14, 9, 1, 0, 0, 0]]
H123-compact:
([1, 1, 1, 14, 9, 1, 1, 6, 2], ['h1', 'h3', 'h3', 'h3', 'h3', 'h3', 'h2', 'h2', 'h2'])
H123:
[[1, 0, 0, 0, 0, 0, 0, 0, 0], [0, 0, 0, 0, 0, 0, 1, 6, 2], [0, 1, 1, 14, 9, 1, 0, 0, 0]]
H123-compact:
([1, 1, 1, 14, 9, 1, 1, 6], ['h1', 'h3', 'h3', 'h3', 'h3', 'h3', 'h2', 'h2'])
H123:
[[1, 0, 0, 0, 0, 0, 0, 0], [0, 0, 0, 0, 0, 0, 1, 6], [0, 1, 1, 14, 9, 1, 0, 0]]
H123-compact:
([1, 1, 1, 14, 9, 1, 1, 6], ['h1', 'h3', 'h3', 'h3', 'h3', 'h3', 'h2', 'h2'])
H123:
[[1, 0, 0, 0, 0, 0, 0, 0], [0, 0, 0, 0, 0, 0, 1, 6], [0, 1, 1, 14, 9, 1, 0, 0]]
H123-compact:
([1, 1, 1, 14, 9, 1, 1, 6], ['h1', 'h3', 'h3', 'h3', 'h3', 'h3', 'h2', 'h2'])
H123:
[[1, 0, 0, 0, 0, 0, 0, 0], [0, 0, 0, 0, 0, 0, 1, 6], [0, 1, 1, 14, 9, 1, 0, 0]]
H123-compact:
([1, 1, 1, 14, 9, 1, 1, 6], ['h1', 'h3', 'h3', 'h3', 'h3', 'h3', 'h2', 'h2'])
H123:
[[1, 0, 0, 0, 0, 0, 0, 0], [0, 0, 0, 0, 0, 0, 1, 6], [0, 1, 1, 14, 9, 1, 0, 0]]
H123-compact:
([1, 1, 1, 14, 10, 1, 1, 6], ['h1', 'h3', 'h3', 'h3', 'h3', 'h3', 'h2', 'h2'])
H123:
[[1, 0, 0, 0, 0, 0, 0, 0], [0, 0, 0, 0, 0, 0, 1, 6], [0, 1, 1, 14, 10, 1, 0, 0]]
H123-compact:
([1, 1, 1, 15, 9, 1, 1, 5, 2], ['h1', 'h3', 'h3', 'h3', 'h3', 'h3', 'h2', 'h2', 'h2'])
H123:
[[1, 0, 0, 0, 0, 0, 0, 0, 0], [0, 0, 0, 0, 0, 0, 1, 5, 2], [0, 1, 1, 15, 9, 1, 0, 0, 0]]
H123-compact:
([1, 1, 1, 14, 10, 1, 1, 6], ['h1', 'h3', 'h3', 'h3', 'h3', 'h3', 'h2', 'h2'])
H123:
[[1, 0, 0, 0, 0, 0, 0, 0], [0, 0, 0, 0, 0, 0, 1, 6], [0, 1, 1, 14, 10, 1, 0, 0]]
H123-compact:
([1, 1, 1, 14, 9, 1, 1, 6], ['h1', 'h3', 'h3', 'h3', 'h3', 'h3', 'h2', 'h2'])
H123:
[[1, 0, 0, 0, 0, 0, 0, 0], [0, 0, 0, 0, 0, 0, 1, 6], [0, 1, 1, 14, 9, 1, 0, 0]]
H123-compact:
([1, 1, 1, 14, 9, 1, 1, 6], ['h1', 'h3', 'h3', 'h3', 'h3', 'h3', 'h2', 'h2'])
H123:
[[1, 0, 0, 0, 0, 0, 0, 0], [0, 0, 0, 0, 0, 0, 1, 6], [0, 1, 1, 14, 9, 1, 0, 0]]
H123-compact:
([1, 1, 1, 14, 9, 1, 1, 6], ['h1', 'h3', 'h3', 'h3', 'h3', 'h3', 'h2', 'h2'])
H123:
[[1, 0, 0, 0, 0, 0, 0, 0], [0, 0, 0, 0, 0, 0, 1, 6], [0, 1, 1, 14, 9, 1, 0, 0]]
H123-compact:
([1, 1, 1, 14, 9, 1, 1, 6], ['h1', 'h3', 'h3', 'h3', 'h3', 'h3', 'h2', 'h2'])
H123:
[[1, 0, 0, 0, 0, 0, 0, 0], [0, 0, 0, 0, 0, 0, 1, 6], [0, 1, 1, 14, 9, 1, 0, 0]]

