H123-compact:
([1, 1, 3, 66, 2, 10, 4, 2, 6, 2], ['h1', 'h3', 'h2', 'h2', 'h2', 'h2', 'h2', 'h2', 'h2', 'h2'])
H123:
[[1, 0, 0, 0, 0, 0, 0, 0, 0, 0], [0, 0, 3, 66, 2, 10, 4, 2, 6, 2], [0, 1, 0, 0, 0, 0, 0, 0, 0, 0]]
H123-compact:
([1, 1, 1, 3, 63, 11, 3, 4, 6, 2, 2], ['h1', 'h1', 'h3', 'h2', 'h2', 'h2', 'h2', 'h2', 'h2', 'h2', 'h2'])
H123:
[[1, 1, 0, 0, 0, 0, 0, 0, 0, 0, 0], [0, 0, 0, 3, 63, 11, 3, 4, 6, 2, 2], [0, 0, 1, 0, 0, 0, 0, 0, 0, 0, 0]]
H123-compact:
([1, 1, 3, 67, 2, 9, 4, 2, 6, 2], ['h1', 'h3', 'h2', 'h2', 'h2', 'h2', 'h2', 'h2', 'h2', 'h2'])
H123:
[[1, 0, 0, 0, 0, 0, 0, 0, 0, 0], [0, 0, 3, 67, 2, 9, 4, 2, 6, 2], [0, 1, 0, 0, 0, 0, 0, 0, 0, 0]]
H123-compact:
([1, 1, 3, 61, 2, 12, 4, 2, 6, 2], ['h1', 'h3', 'h2', 'h2', 'h2', 'h2', 'h2', 'h2', 'h2', 'h2'])
H123:
[[1, 0, 0, 0, 0, 0, 0, 0, 0, 0], [0, 0, 3, 61, 2, 12, 4, 2, 6, 2], [0, 1, 0, 0, 0, 0, 0, 0, 0, 0]]
H123-compact:
([1, 1, 3, 66, 2, 9, 4, 2, 6, 2], ['h1', 'h3', 'h2', 'h2', 'h2', 'h2', 'h2', 'h2', 'h2', 'h2'])
H123:
[[1, 0, 0, 0, 0, 0, 0, 0, 0, 0], [0, 0, 3, 66, 2, 9, 4, 2, 6, 2], [0, 1, 0, 0, 0, 0, 0, 0, 0, 0]]
H123-compact:
([1, 1, 3, 69, 2, 9, 4, 2, 6, 2], ['h1', 'h3', 'h2', 'h2', 'h2', 'h2', 'h2', 'h2', 'h2', 'h2'])
H123:
[[1, 0, 0, 0, 0, 0, 0, 0, 0, 0], [0, 0, 3, 69, 2, 9, 4, 2, 6, 2], [0, 1, 0, 0, 0, 0, 0, 0, 0, 0]]
H123-compact:
([1, 1, 3, 65, 2, 9, 4, 2, 6, 2], ['h1', 'h3', 'h2', 'h2', 'h2', 'h2', 'h2', 'h2', 'h2', 'h2'])
H123:
[[1, 0, 0, 0, 0, 0, 0, 0, 0, 0], [0, 0, 3, 65, 2, 9, 4, 2, 6, 2], [0, 1, 0, 0, 0, 0, 0, 0, 0, 0]]
H123-compact:
([1, 1, 3, 66, 2, 9, 4, 2, 6, 2], ['h1', 'h3', 'h2', 'h2', 'h2', 'h2', 'h2', 'h2', 'h2', 'h2'])
H123:
[[1, 0, 0, 0, 0, 0, 0, 0, 0, 0], [0, 0, 3, 66, 2, 9, 4, 2, 6, 2], [0, 1, 0, 0, 0, 0, 0, 0, 0, 0]]
H123-compact:
([1, 1, 3, 69, 2, 9, 4, 2, 6, 2], ['h1', 'h3', 'h2', 'h2', 'h2', 'h2', 'h2', 'h2', 'h2', 'h2'])
H123:
[[1, 0, 0, 0, 0, 0, 0, 0, 0, 0], [0, 0, 3, 69, 2, 9, 4, 2, 6, 2], [0, 1, 0, 0, 0, 0, 0, 0, 0, 0]]
H123-compact:
([1, 1, 3, 64, 2, 13, 4, 8, 2, 2], ['h1', 'h3', 'h2', 'h2', 'h2', 'h2', 'h2', 'h2', 'h2', 'h2'])
H123:
[[1, 0, 0, 0, 0, 0, 0, 0, 0, 0], [0, 0, 3, 64, 2, 13, 4, 8, 2, 2], [0, 1, 0, 0, 0, 0, 0, 0, 0, 0]]
H123-compact:
([1, 1, 3, 62, 2, 10, 4, 2, 6, 2], ['h1', 'h3', 'h2', 'h2', 'h2', 'h2', 'h2', 'h2', 'h2', 'h2'])
H123:
[[1, 0, 0, 0, 0, 0, 0, 0, 0, 0], [0, 0, 3, 62, 2, 10, 4, 2, 6, 2], [0, 1, 0, 0, 0, 0, 0, 0, 0, 0]]
H123-compact:
([1, 1, 3, 64, 2, 9, 4, 6, 2, 2], ['h1', 'h3', 'h2', 'h2', 'h2', 'h2', 'h2', 'h2', 'h2', 'h2'])
H123:
[[1, 0, 0, 0, 0, 0, 0, 0, 0, 0], [0, 0, 3, 64, 2, 9, 4, 6, 2, 2], [0, 1, 0, 0, 0, 0, 0, 0, 0, 0]]
H123-compact:
([1, 1, 3, 65, 2, 11, 4, 2, 6, 2], ['h1', 'h3', 'h2', 'h2', 'h2', 'h2', 'h2', 'h2', 'h2', 'h2'])
H123:
[[1, 0, 0, 0, 0, 0, 0, 0, 0, 0], [0, 0, 3, 65, 2, 11, 4, 2, 6, 2], [0, 1, 0, 0, 0, 0, 0, 0, 0, 0]]
H123-compact:
([1, 1, 3, 68, 2, 9, 4, 2, 6, 2], ['h1', 'h3', 'h2', 'h2', 'h2', 'h2', 'h2', 'h2', 'h2', 'h2'])
H123:
[[1, 0, 0, 0, 0, 0, 0, 0, 0, 0], [0, 0, 3, 68, 2, 9, 4, 2, 6, 2], [0, 1, 0, 0, 0, 0, 0, 0, 0, 0]]
H123-compact:
([1, 1, 3, 63, 2, 10, 4, 6, 2, 2], ['h1', 'h3', 'h2', 'h2', 'h2', 'h2', 'h2', 'h2', 'h2', 'h2'])
H123:
[[1, 0, 0, 0, 0, 0, 0, 0, 0, 0], [0, 0, 3, 63, 2, 10, 4, 6, 2, 2], [0, 1, 0, 0, 0, 0, 0, 0, 0, 0]]
H123-compact:
([1, 1, 3, 67, 2, 10, 4, 5, 2, 2], ['h1', 'h3', 'h2', 'h2', 'h2', 'h2', 'h2', 'h2', 'h2', 'h2'])
H123:
[[1, 0, 0, 0, 0, 0, 0, 0, 0, 0], [0, 0, 3, 67, 2, 10, 4, 5, 2, 2], [0, 1, 0, 0, 0, 0, 0, 0, 0, 0]]
H123-compact:
([1, 1, 3, 64, 2, 9, 4, 6, 2, 1, 2], ['h1', 'h3', 'h2', 'h2', 'h2', 'h2', 'h2', 'h2', 'h2', 'h1', 'h2'])
H123:
[[1, 0, 0, 0, 0, 0, 0, 0, 0, 1, 0], [0, 0, 3, 64, 2, 9, 4, 6, 2, 0, 2], [0, 1, 0, 0, 0, 0, 0, 0, 0, 0, 0]]
H123-compact:
([1, 1, 3, 61, 9, 2, 4, 5, 2, 2], ['h1', 'h3', 'h2', 'h2', 'h2', 'h2', 'h2', 'h2', 'h2', 'h2'])
H123:
[[1, 0, 0, 0, 0, 0, 0, 0, 0, 0], [0, 0, 3, 61, 9, 2, 4, 5, 2, 2], [0, 1, 0, 0, 0, 0, 0, 0, 0, 0]]
H123-compact:
([1, 3, 1, 65, 3, 11, 4, 2, 6, 2], ['h1', 'h2', 'h3', 'h2', 'h2', 'h2', 'h2', 'h2', 'h2', 'h2'])
H123:
[[1, 0, 0, 0, 0, 0, 0, 0, 0, 0], [0, 3, 0, 65, 3, 11, 4, 2, 6, 2], [0, 0, 1, 0, 0, 0, 0, 0, 0, 0]]
H123-compact:
([1, 1, 3, 65, 2, 10, 4, 2, 6, 2], ['h1', 'h3', 'h2', 'h2', 'h2', 'h2', 'h2', 'h2', 'h2', 'h2'])
H123:
[[1, 0, 0, 0, 0, 0, 0, 0, 0, 0], [0, 0, 3, 65, 2, 10, 4, 2, 6, 2], [0, 1, 0, 0, 0, 0, 0, 0, 0, 0]]

