H123-compact:
([1, 1, 1, 34, 6, 2, 2], ['h1', 'h3', 'h1', 'h2', 'h2', 'h2', 'h2'])
H123:
[[1, 0, 1, 0, 0, 0, 0], [0, 0, 0, 34, 6, 2, 2], [0, 1, 0, 0, 0, 0, 0]]
H123-compact:
([1, 1, 1, 30, 2, 6], ['h1', 'h3', 'h1', 'h2', 'h2', 'h2'])
H123:
[[1, 0, 1, 0, 0, 0], [0, 0, 0, 30, 2, 6], [0, 1, 0, 0, 0, 0]]
H123-compact:
([1, 1, 1, 30, 2, 6], ['h1', 'h3', 'h1', 'h2', 'h2', 'h2'])
H123:
[[1, 0, 1, 0, 0, 0], [0, 0, 0, 30, 2, 6], [0, 1, 0, 0, 0, 0]]
H123-compact:
([1, 1, 1, 30, 2, 6], ['h1', 'h3', 'h1', 'h2', 'h2', 'h2'])
H123:
[[1, 0, 1, 0, 0, 0], [0, 0, 0, 30, 2, 6], [0, 1, 0, 0, 0, 0]]
H123-compact:
([1, 1, 1, 30, 2, 7], ['h1', 'h3', 'h1', 'h2', 'h2', 'h2'])
H123:
[[1, 0, 1, 0, 0, 0], [0, 0, 0, 30, 2, 7], [0, 1, 0, 0, 0, 0]]
H123-compact:
([1, 1, 1, 30, 2, 6], ['h1', 'h3', 'h1', 'h2', 'h2', 'h2'])
H123:
[[1, 0, 1, 0, 0, 0], [0, 0, 0, 30, 2, 6], [0, 1, 0, 0, 0, 0]]
H123-compact:
([1, 1, 1, 30, 2, 6], ['h1', 'h3', 'h1', 'h2', 'h2', 'h2'])
H123:
[[1, 0, 1, 0, 0, 0], [0, 0, 0, 30, 2, 6], [0, 1, 0, 0, 0, 0]]
H123-compact:
([1, 1, 1, 30, 2, 6], ['h1', 'h3', 'h1', 'h2', 'h2', 'h2'])
H123:
[[1, 0, 1, 0, 0, 0], [0, 0, 0, 30, 2, 6], [0, 1, 0, 0, 0, 0]]
H123-compact:
([1, 1, 1, 30, 2, 6], ['h1', 'h3', 'h1', 'h2', 'h2', 'h2'])
H123:
[[1, 0, 1, 0, 0, 0], [0, 0, 0, 30, 2, 6], [0, 1, 0, 0, 0, 0]]
H123-compact:
([1, 1, 1, 30, 2, 6], ['h1', 'h3', 'h1', 'h2', 'h2', 'h2'])
H123:
[[1, 0, 1, 0, 0, 0], [0, 0, 0, 30, 2, 6], [0, 1, 0, 0, 0, 0]]
H123-compact:
([1, 1, 1, 30, 2, 6], ['h1', 'h3', 'h1', 'h2', 'h2', 'h2'])
H123:
[[1, 0, 1, 0, 0, 0], [0, 0, 0, 30, 2, 6], [0, 1, 0, 0, 0, 0]]
H123-compact:
([1, 1, 1, 30, 2, 6], ['h1', 'h3', 'h1', 'h2', 'h2', 'h2'])
H123:
[[1, 0, 1, 0, 0, 0], [0, 0, 0, 30, 2, 6], [0, 1, 0, 0, 0, 0]]
H123-compact:
([1, 1, 1, 30, 2, 6], ['h1', 'h3', 'h1', 'h2', 'h2', 'h2'])
H123:
[[1, 0, 1, 0, 0, 0], [0, 0, 0, 30, 2, 6], [0, 1, 0, 0, 0, 0]]
H123-compact:
([1, 1, 1, 30, 2, 6], ['h1', 'h3', 'h1', 'h2', 'h2', 'h2'])
H123:
[[1, 0, 1, 0, 0, 0], [0, 0, 0, 30, 2, 6], [0, 1, 0, 0, 0, 0]]
H123-compact:
([1, 1, 1, 32, 6, 2, 2], ['h1', 'h3', 'h1', 'h2', 'h2', 'h2', 'h2'])
H123:
[[1, 0, 1, 0, 0, 0, 0], [0, 0, 0, 32, 6, 2, 2], [0, 1, 0, 0, 0, 0, 0]]
H123-compact:
([1, 1, 1, 32, 2, 6], ['h1', 'h3', 'h1', 'h2', 'h2', 'h2'])
H123:
[[1, 0, 1, 0, 0, 0], [0, 0, 0, 32, 2, 6], [0, 1, 0, 0, 0, 0]]
H123-compact:
([1, 1, 1, 35, 7, 2, 2], ['h1', 'h1', 'h3', 'h2', 'h2', 'h2', 'h2'])
H123:
[[1, 1, 0, 0, 0, 0, 0], [0, 0, 0, 35, 7, 2, 2], [0, 0, 1, 0, 0, 0, 0]]
H123-compact:
([1, 1, 1, 33, 2, 6], ['h1', 'h3', 'h1', 'h2', 'h2', 'h2'])
H123:
[[1, 0, 1, 0, 0, 0], [0, 0, 0, 33, 2, 6], [0, 1, 0, 0, 0, 0]]
H123-compact:
([1, 1, 1, 30, 2, 6], ['h1', 'h3', 'h1', 'h2', 'h2', 'h2'])
H123:
[[1, 0, 1, 0, 0, 0], [0, 0, 0, 30, 2, 6], [0, 1, 0, 0, 0, 0]]
H123-compact:
([1, 1, 1, 31, 2, 6], ['h1', 'h3', 'h1', 'h2', 'h2', 'h2'])
H123:
[[1, 0, 1, 0, 0, 0], [0, 0, 0, 31, 2, 6], [0, 1, 0, 0, 0, 0]]

