H123-compact:
([1, 1, 1, 1, 6, 1, 4, 2, 1, 1, 94, 16, 14, 14, 2, 3, 1, 2, 4, 2, 2, 4, 2, 12, 2, 12, 2, 1, 2, 1, 3, 1, 1, 11, 2, 1, 1, 2, 3, 1, 2], ['h1', 'h3', 'h1', 'h1', 'h2', 'h3', 'h1', 'h2', 'h1', 'h1', 'h2', 'h2', 'h1', 'h2', 'h2', 'h2', 'h1', 'h1', 'h1', 'h1', 'h1', 'h1', 'h3', 'h2', 'h2', 'h1', 'h1', 'h2', 'h1', 'h1', 'h1', 'h2', 'h1', 'h1', 'h2', 'h1', 'h1', 'h1', 'h2', 'h2', 'h2'])
H123:
[[1, 0, 1, 1, 0, 0, 4, 0, 1, 1, 0, 0, 14, 0, 0, 0, 1, 2, 4, 2, 2, 4, 0, 0, 0, 12, 2, 0, 2, 1, 3, 0, 1, 11, 0, 1, 1, 2, 0, 0, 0], [0, 0, 0, 0, 6, 0, 0, 2, 0, 0, 94, 16, 0, 14, 2, 3, 0, 0, 0, 0, 0, 0, 0, 12, 2, 0, 0, 1, 0, 0, 0, 1, 0, 0, 2, 0, 0, 0, 3, 1, 2], [0, 1, 0, 0, 0, 1, 0, 0, 0, 0, 0, 0, 0, 0, 0, 0, 0, 0, 0, 0, 0, 0, 2, 0, 0, 0, 0, 0, 0, 0, 0, 0, 0, 0, 0, 0, 0, 0, 0, 0, 0]]
H123-compact:
([1, 1, 1, 1, 4, 6, 2, 56, 29, 1, 14, 1, 16, 1, 14, 2, 3, 1, 4, 2, 2, 2, 4, 12, 1, 2, 2, 2, 1, 12, 1, 3, 2, 3, 11, 1, 1, 3, 2, 1, 2], ['h1', 'h3', 'h1', 'h1', 'h1', 'h2', 'h2', 'h2', 'h2', 'h1', 'h1', 'h3', 'h2', 'h1', 'h2', 'h2', 'h2', 'h1', 'h1', 'h1', 'h1', 'h1', 'h1', 'h2', 'h2', 'h3', 'h2', 'h1', 'h2', 'h1', 'h1', 'h1', 'h2', 'h1', 'h1', 'h1', 'h1', 'h2', 'h1', 'h2', 'h2'])
H123:
[[1, 0, 1, 1, 4, 0, 0, 0, 0, 1, 14, 0, 0, 1, 0, 0, 0, 1, 4, 2, 2, 2, 4, 0, 0, 0, 0, 2, 0, 12, 1, 3, 0, 3, 11, 1, 1, 0, 2, 0, 0], [0, 0, 0, 0, 0, 6, 2, 56, 29, 0, 0, 0, 16, 0, 14, 2, 3, 0, 0, 0, 0, 0, 0, 12, 1, 0, 2, 0, 1, 0, 0, 0, 2, 0, 0, 0, 0, 3, 0, 1, 2], [0, 1, 0, 0, 0, 0, 0, 0, 0, 0, 0, 1, 0, 0, 0, 0, 0, 0, 0, 0, 0, 0, 0, 0, 0, 2, 0, 0, 0, 0, 0, 0, 0, 0, 0, 0, 0, 0, 0, 0, 0]]
H123-compact:
([1, 1, 1, 1, 4, 2, 44, 28, 1, 19, 12, 1, 14, 7, 2, 2, 2, 1, 4, 2, 2, 2, 4, 2, 10, 1, 2, 2, 1, 12, 1, 3, 2, 3, 9, 3, 1, 1, 1, 1, 1, 2, 1], ['h1', 'h3', 'h1', 'h1', 'h1', 'h2', 'h2', 'h2', 'h1', 'h2', 'h1', 'h1', 'h2', 'h2', 'h2', 'h2', 'h3', 'h1', 'h1', 'h1', 'h1', 'h1', 'h1', 'h3', 'h2', 'h2', 'h2', 'h1', 'h2', 'h1', 'h1', 'h1', 'h2', 'h1', 'h1', 'h2', 'h1', 'h2', 'h1', 'h1', 'h1', 'h2', 'h1'])
H123:
[[1, 0, 1, 1, 4, 0, 0, 0, 1, 0, 12, 1, 0, 0, 0, 0, 0, 1, 4, 2, 2, 2, 4, 0, 0, 0, 0, 2, 0, 12, 1, 3, 0, 3, 9, 0, 1, 0, 1, 1, 1, 0, 1], [0, 0, 0, 0, 0, 2, 44, 28, 0, 19, 0, 0, 14, 7, 2, 2, 0, 0, 0, 0, 0, 0, 0, 0, 10, 1, 2, 0, 1, 0, 0, 0, 2, 0, 0, 3, 0, 1, 0, 0, 0, 2, 0], [0, 1, 0, 0, 0, 0, 0, 0, 0, 0, 0, 0, 0, 0, 0, 0, 2, 0, 0, 0, 0, 0, 0, 2, 0, 0, 0, 0, 0, 0, 0, 0, 0, 0, 0, 0, 0, 0, 0, 0, 0, 0, 0]]
H123-compact:
([1, 1, 1, 1, 4, 82, 2, 1, 16, 18, 1, 6, 3, 14, 2, 3, 1, 4, 2, 2, 2, 4, 2, 11, 2, 1, 2, 1, 8, 1, 3, 2, 3, 11, 1, 1, 3, 2, 1, 2], ['h1', 'h3', 'h1', 'h1', 'h1', 'h2', 'h2', 'h1', 'h2', 'h1', 'h1', 'h2', 'h3', 'h2', 'h2', 'h2', 'h1', 'h1', 'h1', 'h1', 'h1', 'h1', 'h3', 'h2', 'h2', 'h2', 'h1', 'h2', 'h1', 'h1', 'h1', 'h2', 'h1', 'h1', 'h1', 'h1', 'h2', 'h1', 'h2', 'h2'])
H123:
[[1, 0, 1, 1, 4, 0, 0, 1, 0, 18, 1, 0, 0, 0, 0, 0, 1, 4, 2, 2, 2, 4, 0, 0, 0, 0, 2, 0, 8, 1, 3, 0, 3, 11, 1, 1, 0, 2, 0, 0], [0, 0, 0, 0, 0, 82, 2, 0, 16, 0, 0, 6, 0, 14, 2, 3, 0, 0, 0, 0, 0, 0, 0, 11, 2, 1, 0, 1, 0, 0, 0, 2, 0, 0, 0, 0, 3, 0, 1, 2], [0, 1, 0, 0, 0, 0, 0, 0, 0, 0, 0, 0, 3, 0, 0, 0, 0, 0, 0, 0, 0, 0, 2, 0, 0, 0, 0, 0, 0, 0, 0, 0, 0, 0, 0, 0, 0, 0, 0, 0]]
H123-compact:
([1, 1, 1, 1, 4, 78, 2, 15, 1, 18, 1, 6, 2, 14, 2, 2, 1, 2, 2, 4, 2, 4, 11, 1, 2, 2, 2, 1, 8, 1, 3, 2, 3, 11, 1, 1, 3, 2, 1, 2], ['h1', 'h3', 'h1', 'h1', 'h1', 'h2', 'h2', 'h2', 'h1', 'h1', 'h1', 'h2', 'h3', 'h2', 'h2', 'h2', 'h1', 'h1', 'h1', 'h1', 'h1', 'h1', 'h2', 'h2', 'h3', 'h2', 'h1', 'h2', 'h1', 'h1', 'h1', 'h2', 'h1', 'h1', 'h1', 'h1', 'h2', 'h1', 'h2', 'h2'])
H123:
[[1, 0, 1, 1, 4, 0, 0, 0, 1, 18, 1, 0, 0, 0, 0, 0, 1, 2, 2, 4, 2, 4, 0, 0, 0, 0, 2, 0, 8, 1, 3, 0, 3, 11, 1, 1, 0, 2, 0, 0], [0, 0, 0, 0, 0, 78, 2, 15, 0, 0, 0, 6, 0, 14, 2, 2, 0, 0, 0, 0, 0, 0, 11, 1, 0, 2, 0, 1, 0, 0, 0, 2, 0, 0, 0, 0, 3, 0, 1, 2], [0, 1, 0, 0, 0, 0, 0, 0, 0, 0, 0, 0, 2, 0, 0, 0, 0, 0, 0, 0, 0, 0, 0, 0, 2, 0, 0, 0, 0, 0, 0, 0, 0, 0, 0, 0, 0, 0, 0, 0]]
H123-compact:
([1, 1, 1, 1, 4, 45, 2, 26, 1, 18, 18, 1, 14, 2, 3, 5, 1, 1, 2, 2, 4, 2, 4, 2, 11, 2, 1, 2, 8, 1, 1, 3, 2, 3, 11, 1, 1, 3, 2, 1, 2], ['h1', 'h3', 'h1', 'h1', 'h1', 'h2', 'h2', 'h2', 'h1', 'h2', 'h1', 'h1', 'h2', 'h2', 'h2', 'h2', 'h3', 'h1', 'h1', 'h1', 'h1', 'h1', 'h1', 'h3', 'h2', 'h2', 'h2', 'h1', 'h1', 'h2', 'h1', 'h1', 'h2', 'h1', 'h1', 'h1', 'h1', 'h2', 'h1', 'h2', 'h2'])
H123:
[[1, 0, 1, 1, 4, 0, 0, 0, 1, 0, 18, 1, 0, 0, 0, 0, 0, 1, 2, 2, 4, 2, 4, 0, 0, 0, 0, 2, 8, 0, 1, 3, 0, 3, 11, 1, 1, 0, 2, 0, 0], [0, 0, 0, 0, 0, 45, 2, 26, 0, 18, 0, 0, 14, 2, 3, 5, 0, 0, 0, 0, 0, 0, 0, 0, 11, 2, 1, 0, 0, 1, 0, 0, 2, 0, 0, 0, 0, 3, 0, 1, 2], [0, 1, 0, 0, 0, 0, 0, 0, 0, 0, 0, 0, 0, 0, 0, 0, 1, 0, 0, 0, 0, 0, 0, 2, 0, 0, 0, 0, 0, 0, 0, 0, 0, 0, 0, 0, 0, 0, 0, 0, 0]]
H123-compact:
([1, 1, 1, 1, 4, 6, 2, 2, 30, 1, 18, 12, 45, 1, 14, 2, 2, 1, 2, 4, 2, 2, 4, 2, 2, 11, 1, 2, 1, 2, 10, 1, 3, 3, 2, 2, 3, 9, 1, 1, 1, 2], ['h1', 'h3', 'h1', 'h1', 'h1', 'h2', 'h3', 'h2', 'h2', 'h1', 'h2', 'h1', 'h2', 'h1', 'h2', 'h2', 'h2', 'h1', 'h1', 'h1', 'h1', 'h1', 'h1', 'h3', 'h2', 'h2', 'h2', 'h1', 'h2', 'h1', 'h1', 'h1', 'h1', 'h1', 'h2', 'h1', 'h2', 'h1', 'h1', 'h1', 'h2', 'h2'])
H123:
[[1, 0, 1, 1, 4, 0, 0, 0, 0, 1, 0, 12, 0, 1, 0, 0, 0, 1, 2, 4, 2, 2, 4, 0, 0, 0, 0, 2, 0, 2, 10, 1, 3, 3, 0, 2, 0, 9, 1, 1, 0, 0], [0, 0, 0, 0, 0, 6, 0, 2, 30, 0, 18, 0, 45, 0, 14, 2, 2, 0, 0, 0, 0, 0, 0, 0, 2, 11, 1, 0, 1, 0, 0, 0, 0, 0, 2, 0, 3, 0, 0, 0, 1, 2], [0, 1, 0, 0, 0, 0, 2, 0, 0, 0, 0, 0, 0, 0, 0, 0, 0, 0, 0, 0, 0, 0, 0, 2, 0, 0, 0, 0, 0, 0, 0, 0, 0, 0, 0, 0, 0, 0, 0, 0, 0, 0]]
H123-compact:
([1, 1, 1, 1, 4, 2, 1, 1, 6, 15, 28, 14, 56, 2, 14, 2, 3, 1, 2, 4, 2, 2, 4, 2, 12, 2, 2, 12, 1, 1, 3, 1, 3, 2, 11, 1, 1, 3, 2, 1, 2], ['h1', 'h3', 'h1', 'h1', 'h1', 'h2', 'h1', 'h1', 'h2', 'h2', 'h2', 'h1', 'h2', 'h3', 'h2', 'h2', 'h2', 'h1', 'h1', 'h1', 'h1', 'h1', 'h1', 'h3', 'h2', 'h2', 'h1', 'h1', 'h2', 'h2', 'h1', 'h1', 'h1', 'h2', 'h1', 'h1', 'h1', 'h2', 'h1', 'h2', 'h2'])
H123:
[[1, 0, 1, 1, 4, 0, 1, 1, 0, 0, 0, 14, 0, 0, 0, 0, 0, 1, 2, 4, 2, 2, 4, 0, 0, 0, 2, 12, 0, 0, 3, 1, 3, 0, 11, 1, 1, 0, 2, 0, 0], [0, 0, 0, 0, 0, 2, 0, 0, 6, 15, 28, 0, 56, 0, 14, 2, 3, 0, 0, 0, 0, 0, 0, 0, 12, 2, 0, 0, 1, 1, 0, 0, 0, 2, 0, 0, 0, 3, 0, 1, 2], [0, 1, 0, 0, 0, 0, 0, 0, 0, 0, 0, 0, 0, 2, 0, 0, 0, 0, 0, 0, 0, 0, 0, 2, 0, 0, 0, 0, 0, 0, 0, 0, 0, 0, 0, 0, 0, 0, 0, 0, 0]]
H123-compact:
([1, 1, 1, 1, 4, 2, 88, 1, 6, 18, 16, 1, 3, 14, 2, 3, 1, 2, 4, 2, 2, 4, 11, 1, 2, 2, 10, 2, 1, 1, 3, 3, 2, 11, 1, 1, 2, 3, 1, 2], ['h1', 'h3', 'h1', 'h1', 'h1', 'h2', 'h2', 'h1', 'h2', 'h2', 'h1', 'h1', 'h3', 'h2', 'h2', 'h2', 'h1', 'h1', 'h1', 'h1', 'h1', 'h1', 'h2', 'h2', 'h3', 'h2', 'h1', 'h1', 'h2', 'h1', 'h1', 'h1', 'h2', 'h1', 'h1', 'h1', 'h1', 'h2', 'h2', 'h2'])
H123:
[[1, 0, 1, 1, 4, 0, 0, 1, 0, 0, 16, 1, 0, 0, 0, 0, 1, 2, 4, 2, 2, 4, 0, 0, 0, 0, 10, 2, 0, 1, 3, 3, 0, 11, 1, 1, 2, 0, 0, 0], [0, 0, 0, 0, 0, 2, 88, 0, 6, 18, 0, 0, 0, 14, 2, 3, 0, 0, 0, 0, 0, 0, 11, 1, 0, 2, 0, 0, 1, 0, 0, 0, 2, 0, 0, 0, 0, 3, 1, 2], [0, 1, 0, 0, 0, 0, 0, 0, 0, 0, 0, 0, 3, 0, 0, 0, 0, 0, 0, 0, 0, 0, 0, 0, 2, 0, 0, 0, 0, 0, 0, 0, 0, 0, 0, 0, 0, 0, 0, 0]]
H123-compact:
([1, 1, 1, 1, 4, 6, 44, 2, 30, 1, 16, 18, 2, 1, 14, 2, 3, 1, 4, 2, 2, 2, 4, 2, 2, 12, 2, 2, 4, 1, 1, 1, 3, 3, 2, 9, 3, 2, 1, 1, 1, 2, 1], ['h1', 'h3', 'h1', 'h1', 'h1', 'h2', 'h2', 'h2', 'h2', 'h1', 'h2', 'h1', 'h3', 'h1', 'h2', 'h2', 'h2', 'h1', 'h1', 'h1', 'h1', 'h1', 'h1', 'h3', 'h2', 'h2', 'h1', 'h1', 'h1', 'h2', 'h2', 'h1', 'h1', 'h1', 'h2', 'h1', 'h2', 'h1', 'h2', 'h1', 'h1', 'h2', 'h1'])
H123:
[[1, 0, 1, 1, 4, 0, 0, 0, 0, 1, 0, 18, 0, 1, 0, 0, 0, 1, 4, 2, 2, 2, 4, 0, 0, 0, 2, 2, 4, 0, 0, 1, 3, 3, 0, 9, 0, 2, 0, 1, 1, 0, 1], [0, 0, 0, 0, 0, 6, 44, 2, 30, 0, 16, 0, 0, 0, 14, 2, 3, 0, 0, 0, 0, 0, 0, 0, 2, 12, 0, 0, 0, 1, 1, 0, 0, 0, 2, 0, 3, 0, 1, 0, 0, 2, 0], [0, 1, 0, 0, 0, 0, 0, 0, 0, 0, 0, 0, 2, 0, 0, 0, 0, 0, 0, 0, 0, 0, 0, 2, 0, 0, 0, 0, 0, 0, 0, 0, 0, 0, 0, 0, 0, 0, 0, 0, 0, 0, 0]]
H123-compact:
([1, 1, 1, 1, 4, 41, 2, 29, 1, 16, 20, 1, 14, 2, 3, 1, 5, 2, 4, 2, 2, 4, 3, 1, 2, 2, 11, 2, 6, 1, 1, 3, 2, 2, 1, 11, 1, 1, 3, 1, 1, 1, 2], ['h1', 'h3', 'h1', 'h1', 'h1', 'h2', 'h2', 'h2', 'h1', 'h2', 'h1', 'h1', 'h2', 'h2', 'h2', 'h1', 'h2', 'h1', 'h1', 'h1', 'h1', 'h1', 'h3', 'h2', 'h3', 'h2', 'h2', 'h1', 'h1', 'h2', 'h1', 'h1', 'h2', 'h1', 'h1', 'h1', 'h1', 'h1', 'h2', 'h1', 'h2', 'h1', 'h2'])
H123:
[[1, 0, 1, 1, 4, 0, 0, 0, 1, 0, 20, 1, 0, 0, 0, 1, 0, 2, 4, 2, 2, 4, 0, 0, 0, 0, 0, 2, 6, 0, 1, 3, 0, 2, 1, 11, 1, 1, 0, 1, 0, 1, 0], [0, 0, 0, 0, 0, 41, 2, 29, 0, 16, 0, 0, 14, 2, 3, 0, 5, 0, 0, 0, 0, 0, 0, 1, 0, 2, 11, 0, 0, 1, 0, 0, 2, 0, 0, 0, 0, 0, 3, 0, 1, 0, 2], [0, 1, 0, 0, 0, 0, 0, 0, 0, 0, 0, 0, 0, 0, 0, 0, 0, 0, 0, 0, 0, 0, 3, 0, 2, 0, 0, 0, 0, 0, 0, 0, 0, 0, 0, 0, 0, 0, 0, 0, 0, 0, 0]]
H123-compact:
([1, 1, 1, 1, 4, 48, 2, 29, 1, 15, 22, 6, 1, 14, 1, 2, 3, 1, 2, 2, 4, 2, 4, 12, 2, 2, 2, 1, 1, 4, 3, 1, 3, 2, 11, 1, 1, 3, 2, 1, 2], ['h1', 'h3', 'h1', 'h1', 'h1', 'h2', 'h2', 'h2', 'h1', 'h2', 'h1', 'h2', 'h1', 'h2', 'h3', 'h2', 'h2', 'h1', 'h1', 'h1', 'h1', 'h1', 'h1', 'h2', 'h3', 'h2', 'h1', 'h2', 'h2', 'h1', 'h1', 'h1', 'h1', 'h2', 'h1', 'h1', 'h1', 'h2', 'h1', 'h2', 'h2'])
H123:
[[1, 0, 1, 1, 4, 0, 0, 0, 1, 0, 22, 0, 1, 0, 0, 0, 0, 1, 2, 2, 4, 2, 4, 0, 0, 0, 2, 0, 0, 4, 3, 1, 3, 0, 11, 1, 1, 0, 2, 0, 0], [0, 0, 0, 0, 0, 48, 2, 29, 0, 15, 0, 6, 0, 14, 0, 2, 3, 0, 0, 0, 0, 0, 0, 12, 0, 2, 0, 1, 1, 0, 0, 0, 0, 2, 0, 0, 0, 3, 0, 1, 2], [0, 1, 0, 0, 0, 0, 0, 0, 0, 0, 0, 0, 0, 0, 1, 0, 0, 0, 0, 0, 0, 0, 0, 0, 2, 0, 0, 0, 0, 0, 0, 0, 0, 0, 0, 0, 0, 0, 0, 0, 0]]
H123-compact:
([1, 1, 1, 1, 4, 46, 2, 28, 1, 19, 12, 1, 14, 5, 2, 2, 3, 1, 4, 2, 2, 2, 4, 1, 2, 2, 11, 2, 12, 2, 1, 1, 3, 2, 1, 11, 2, 1, 1, 2, 3, 1, 2], ['h1', 'h3', 'h1', 'h1', 'h1', 'h2', 'h2', 'h2', 'h1', 'h2', 'h1', 'h1', 'h2', 'h2', 'h3', 'h2', 'h2', 'h1', 'h1', 'h1', 'h1', 'h1', 'h1', 'h2', 'h3', 'h2', 'h2', 'h1', 'h1', 'h1', 'h2', 'h1', 'h1', 'h2', 'h1', 'h1', 'h1', 'h1', 'h1', 'h1', 'h2', 'h2', 'h2'])
H123:
[[1, 0, 1, 1, 4, 0, 0, 0, 1, 0, 12, 1, 0, 0, 0, 0, 0, 1, 4, 2, 2, 2, 4, 0, 0, 0, 0, 2, 12, 2, 0, 1, 3, 0, 1, 11, 2, 1, 1, 2, 0, 0, 0], [0, 0, 0, 0, 0, 46, 2, 28, 0, 19, 0, 0, 14, 5, 0, 2, 3, 0, 0, 0, 0, 0, 0, 1, 0, 2, 11, 0, 0, 0, 1, 0, 0, 2, 0, 0, 0, 0, 0, 0, 3, 1, 2], [0, 1, 0, 0, 0, 0, 0, 0, 0, 0, 0, 0, 0, 0, 2, 0, 0, 0, 0, 0, 0, 0, 0, 0, 2, 0, 0, 0, 0, 0, 0, 0, 0, 0, 0, 0, 0, 0, 0, 0, 0, 0, 0]]
H123-compact:
([1, 1, 1, 1, 4, 2, 56, 1, 16, 20, 1, 5, 14, 2, 3, 2, 1, 2, 2, 4, 2, 4, 2, 2, 11, 2, 1, 2, 2, 1, 1, 3, 1, 2, 2, 10, 3, 1, 1, 1, 1, 1, 2], ['h1', 'h3', 'h1', 'h1', 'h1', 'h2', 'h2', 'h1', 'h2', 'h1', 'h1', 'h2', 'h2', 'h2', 'h2', 'h3', 'h1', 'h1', 'h1', 'h1', 'h1', 'h1', 'h3', 'h2', 'h2', 'h1', 'h2', 'h1', 'h1', 'h2', 'h1', 'h1', 'h1', 'h2', 'h1', 'h1', 'h2', 'h1', 'h1', 'h1', 'h2', 'h1', 'h2'])
H123:
[[1, 0, 1, 1, 4, 0, 0, 1, 0, 20, 1, 0, 0, 0, 0, 0, 1, 2, 2, 4, 2, 4, 0, 0, 0, 2, 0, 2, 2, 0, 1, 3, 1, 0, 2, 10, 0, 1, 1, 1, 0, 1, 0], [0, 0, 0, 0, 0, 2, 56, 0, 16, 0, 0, 5, 14, 2, 3, 0, 0, 0, 0, 0, 0, 0, 0, 2, 11, 0, 1, 0, 0, 1, 0, 0, 0, 2, 0, 0, 3, 0, 0, 0, 1, 0, 2], [0, 1, 0, 0, 0, 0, 0, 0, 0, 0, 0, 0, 0, 0, 0, 2, 0, 0, 0, 0, 0, 0, 2, 0, 0, 0, 0, 0, 0, 0, 0, 0, 0, 0, 0, 0, 0, 0, 0, 0, 0, 0, 0]]
H123-compact:
([1, 1, 1, 1, 4, 38, 2, 28, 1, 14, 18, 1, 6, 2, 14, 2, 3, 1, 2, 2, 4, 2, 4, 2, 1, 2, 11, 2, 1, 8, 1, 3, 2, 3, 11, 1, 1, 3, 2, 1, 2], ['h1', 'h3', 'h1', 'h1', 'h1', 'h2', 'h2', 'h2', 'h1', 'h2', 'h1', 'h1', 'h2', 'h3', 'h2', 'h2', 'h2', 'h1', 'h1', 'h1', 'h1', 'h1', 'h1', 'h3', 'h2', 'h2', 'h2', 'h1', 'h2', 'h1', 'h1', 'h1', 'h2', 'h1', 'h1', 'h1', 'h1', 'h2', 'h1', 'h2', 'h2'])
H123:
[[1, 0, 1, 1, 4, 0, 0, 0, 1, 0, 18, 1, 0, 0, 0, 0, 0, 1, 2, 2, 4, 2, 4, 0, 0, 0, 0, 2, 0, 8, 1, 3, 0, 3, 11, 1, 1, 0, 2, 0, 0], [0, 0, 0, 0, 0, 38, 2, 28, 0, 14, 0, 0, 6, 0, 14, 2, 3, 0, 0, 0, 0, 0, 0, 0, 1, 2, 11, 0, 1, 0, 0, 0, 2, 0, 0, 0, 0, 3, 0, 1, 2], [0, 1, 0, 0, 0, 0, 0, 0, 0, 0, 0, 0, 0, 2, 0, 0, 0, 0, 0, 0, 0, 0, 0, 2, 0, 0, 0, 0, 0, 0, 0, 0, 0, 0, 0, 0, 0, 0, 0, 0, 0]]
H123-compact:
([1, 1, 1, 1, 4, 6, 73, 2, 1, 1, 1, 15, 3, 22, 2, 14, 1, 2, 2, 2, 4, 4, 2, 2, 11, 2, 1, 2, 2, 1, 1, 3, 1, 2, 2, 10, 3, 1, 1, 1, 1, 1, 2], ['h1', 'h3', 'h1', 'h1', 'h1', 'h2', 'h2', 'h2', 'h3', 'h1', 'h1', 'h2', 'h2', 'h1', 'h2', 'h2', 'h1', 'h1', 'h1', 'h1', 'h1', 'h1', 'h3', 'h2', 'h2', 'h1', 'h2', 'h1', 'h1', 'h2', 'h1', 'h1', 'h1', 'h2', 'h1', 'h1', 'h2', 'h1', 'h1', 'h1', 'h2', 'h1', 'h2'])
H123:
[[1, 0, 1, 1, 4, 0, 0, 0, 0, 1, 1, 0, 0, 22, 0, 0, 1, 2, 2, 2, 4, 4, 0, 0, 0, 2, 0, 2, 2, 0, 1, 3, 1, 0, 2, 10, 0, 1, 1, 1, 0, 1, 0], [0, 0, 0, 0, 0, 6, 73, 2, 0, 0, 0, 15, 3, 0, 2, 14, 0, 0, 0, 0, 0, 0, 0, 2, 11, 0, 1, 0, 0, 1, 0, 0, 0, 2, 0, 0, 3, 0, 0, 0, 1, 0, 2], [0, 1, 0, 0, 0, 0, 0, 0, 1, 0, 0, 0, 0, 0, 0, 0, 0, 0, 0, 0, 0, 0, 2, 0, 0, 0, 0, 0, 0, 0, 0, 0, 0, 0, 0, 0, 0, 0, 0, 0, 0, 0, 0]]
H123-compact:
([1, 1, 1, 1, 4, 5, 2, 94, 1, 17, 2, 20, 1, 14, 2, 3, 1, 2, 2, 2, 4, 4, 1, 2, 2, 12, 2, 2, 2, 1, 2, 1, 3, 3, 10, 3, 2, 1, 1, 1, 2, 1], ['h1', 'h3', 'h1', 'h1', 'h1', 'h2', 'h2', 'h2', 'h1', 'h2', 'h3', 'h1', 'h1', 'h2', 'h2', 'h2', 'h1', 'h1', 'h1', 'h1', 'h1', 'h1', 'h2', 'h3', 'h2', 'h2', 'h1', 'h1', 'h1', 'h2', 'h2', 'h1', 'h1', 'h1', 'h1', 'h2', 'h1', 'h1', 'h1', 'h2', 'h2', 'h1'])
H123:
[[1, 0, 1, 1, 4, 0, 0, 0, 1, 0, 0, 20, 1, 0, 0, 0, 1, 2, 2, 2, 4, 4, 0, 0, 0, 0, 2, 2, 2, 0, 0, 1, 3, 3, 10, 0, 2, 1, 1, 0, 0, 1], [0, 0, 0, 0, 0, 5, 2, 94, 0, 17, 0, 0, 0, 14, 2, 3, 0, 0, 0, 0, 0, 0, 1, 0, 2, 12, 0, 0, 0, 1, 2, 0, 0, 0, 0, 3, 0, 0, 0, 1, 2, 0], [0, 1, 0, 0, 0, 0, 0, 0, 0, 0, 2, 0, 0, 0, 0, 0, 0, 0, 0, 0, 0, 0, 0, 2, 0, 0, 0, 0, 0, 0, 0, 0, 0, 0, 0, 0, 0, 0, 0, 0, 0, 0]]
H123-compact:
([1, 1, 1, 1, 4, 16, 14, 28, 45, 1, 2, 1, 14, 7, 2, 4, 1, 1, 2, 2, 4, 2, 4, 2, 11, 2, 2, 2, 12, 1, 1, 1, 2, 3, 2, 1, 11, 2, 3, 1, 1, 1, 2], ['h1', 'h3', 'h1', 'h1', 'h1', 'h2', 'h1', 'h2', 'h2', 'h1', 'h2', 'h1', 'h2', 'h2', 'h2', 'h2', 'h3', 'h1', 'h1', 'h1', 'h1', 'h1', 'h1', 'h3', 'h2', 'h3', 'h2', 'h1', 'h1', 'h2', 'h2', 'h1', 'h1', 'h1', 'h2', 'h1', 'h1', 'h1', 'h2', 'h1', 'h1', 'h2', 'h2'])
H123:
[[1, 0, 1, 1, 4, 0, 14, 0, 0, 1, 0, 1, 0, 0, 0, 0, 0, 1, 2, 2, 4, 2, 4, 0, 0, 0, 0, 2, 12, 0, 0, 1, 2, 3, 0, 1, 11, 2, 0, 1, 1, 0, 0], [0, 0, 0, 0, 0, 16, 0, 28, 45, 0, 2, 0, 14, 7, 2, 4, 0, 0, 0, 0, 0, 0, 0, 0, 11, 0, 2, 0, 0, 1, 1, 0, 0, 0, 2, 0, 0, 0, 3, 0, 0, 1, 2], [0, 1, 0, 0, 0, 0, 0, 0, 0, 0, 0, 0, 0, 0, 0, 0, 1, 0, 0, 0, 0, 0, 0, 2, 0, 2, 0, 0, 0, 0, 0, 0, 0, 0, 0, 0, 0, 0, 0, 0, 0, 0, 0]]
H123-compact:
([1, 1, 1, 1, 4, 67, 2, 1, 17, 22, 1, 14, 2, 3, 5, 1, 1, 4, 2, 2, 2, 4, 1, 11, 2, 2, 2, 1, 4, 1, 3, 2, 2, 1, 11, 1, 1, 3, 2, 1, 2], ['h1', 'h3', 'h1', 'h1', 'h1', 'h2', 'h2', 'h1', 'h2', 'h1', 'h1', 'h2', 'h2', 'h2', 'h2', 'h3', 'h1', 'h1', 'h1', 'h1', 'h1', 'h1', 'h2', 'h2', 'h3', 'h2', 'h1', 'h2', 'h1', 'h1', 'h1', 'h2', 'h1', 'h1', 'h1', 'h1', 'h1', 'h2', 'h1', 'h2', 'h2'])
H123:
[[1, 0, 1, 1, 4, 0, 0, 1, 0, 22, 1, 0, 0, 0, 0, 0, 1, 4, 2, 2, 2, 4, 0, 0, 0, 0, 2, 0, 4, 1, 3, 0, 2, 1, 11, 1, 1, 0, 2, 0, 0], [0, 0, 0, 0, 0, 67, 2, 0, 17, 0, 0, 14, 2, 3, 5, 0, 0, 0, 0, 0, 0, 0, 1, 11, 0, 2, 0, 1, 0, 0, 0, 2, 0, 0, 0, 0, 0, 3, 0, 1, 2], [0, 1, 0, 0, 0, 0, 0, 0, 0, 0, 0, 0, 0, 0, 0, 1, 0, 0, 0, 0, 0, 0, 0, 0, 2, 0, 0, 0, 0, 0, 0, 0, 0, 0, 0, 0, 0, 0, 0, 0, 0]]
H123-compact:
([1, 1, 1, 1, 4, 45, 28, 1, 2, 15, 18, 1, 14, 2, 3, 5, 2, 1, 2, 2, 4, 2, 4, 12, 2, 2, 2, 6, 1, 1, 3, 1, 3, 2, 10, 3, 1, 1, 1, 1, 1, 2], ['h1', 'h3', 'h1', 'h1', 'h1', 'h2', 'h2', 'h1', 'h2', 'h2', 'h1', 'h1', 'h2', 'h2', 'h2', 'h2', 'h3', 'h1', 'h1', 'h1', 'h1', 'h1', 'h1', 'h2', 'h3', 'h2', 'h1', 'h1', 'h2', 'h2', 'h1', 'h1', 'h1', 'h2', 'h1', 'h2', 'h1', 'h2', 'h1', 'h1', 'h1', 'h2'])
H123:
[[1, 0, 1, 1, 4, 0, 0, 1, 0, 0, 18, 1, 0, 0, 0, 0, 0, 1, 2, 2, 4, 2, 4, 0, 0, 0, 2, 6, 0, 0, 3, 1, 3, 0, 10, 0, 1, 0, 1, 1, 1, 0], [0, 0, 0, 0, 0, 45, 28, 0, 2, 15, 0, 0, 14, 2, 3, 5, 0, 0, 0, 0, 0, 0, 0, 12, 0, 2, 0, 0, 1, 1, 0, 0, 0, 2, 0, 3, 0, 1, 0, 0, 0, 2], [0, 1, 0, 0, 0, 0, 0, 0, 0, 0, 0, 0, 0, 0, 0, 0, 2, 0, 0, 0, 0, 0, 0, 0, 2, 0, 0, 0, 0, 0, 0, 0, 0, 0, 0, 0, 0, 0, 0, 0, 0, 0]]

