H123-compact:
([1, 1, 1, 37, 2, 1, 2, 6], ['h1', 'h3', 'h2', 'h2', 'h3', 'h3', 'h2', 'h2'])
H123:
[[1, 0, 0, 0, 0, 0, 0, 0], [0, 0, 1, 37, 0, 0, 2, 6], [0, 1, 0, 0, 2, 1, 0, 0]]
H123-compact:
([1, 1, 1, 35, 2, 1, 2, 6], ['h1', 'h3', 'h2', 'h2', 'h3', 'h3', 'h2', 'h2'])
H123:
[[1, 0, 0, 0, 0, 0, 0, 0], [0, 0, 1, 35, 0, 0, 2, 6], [0, 1, 0, 0, 2, 1, 0, 0]]
H123-compact:
([1, 1, 1, 33, 2, 1, 2, 6, 1], ['h1', 'h3', 'h2', 'h2', 'h3', 'h3', 'h2', 'h2', 'h1'])
H123:
[[1, 0, 0, 0, 0, 0, 0, 0, 1], [0, 0, 1, 33, 0, 0, 2, 6, 0], [0, 1, 0, 0, 2, 1, 0, 0, 0]]
H123-compact:
([1, 1, 1, 36, 2, 1, 2, 6], ['h1', 'h3', 'h2', 'h2', 'h3', 'h3', 'h2', 'h2'])
H123:
[[1, 0, 0, 0, 0, 0, 0, 0], [0, 0, 1, 36, 0, 0, 2, 6], [0, 1, 0, 0, 2, 1, 0, 0]]
H123-compact:
([1, 1, 1, 37, 2, 1, 2, 6], ['h1', 'h3', 'h2', 'h2', 'h3', 'h3', 'h2', 'h2'])
H123:
[[1, 0, 0, 0, 0, 0, 0, 0], [0, 0, 1, 37, 0, 0, 2, 6], [0, 1, 0, 0, 2, 1, 0, 0]]
H123-compact:
([1, 1, 1, 37, 2, 1, 2, 6], ['h1', 'h3', 'h2', 'h2', 'h3', 'h3', 'h2', 'h2'])
H123:
[[1, 0, 0, 0, 0, 0, 0, 0], [0, 0, 1, 37, 0, 0, 2, 6], [0, 1, 0, 0, 2, 1, 0, 0]]
H123-compact:
([1, 1, 1, 28, 2, 1, 2, 6], ['h1', 'h3', 'h2', 'h2', 'h3', 'h3', 'h2', 'h2'])
H123:
[[1, 0, 0, 0, 0, 0, 0, 0], [0, 0, 1, 28, 0, 0, 2, 6], [0, 1, 0, 0, 2, 1, 0, 0]]
H123-compact:
([1, 1, 1, 34, 2, 1, 2, 6], ['h1', 'h3', 'h2', 'h2', 'h3', 'h3', 'h2', 'h2'])
H123:
[[1, 0, 0, 0, 0, 0, 0, 0], [0, 0, 1, 34, 0, 0, 2, 6], [0, 1, 0, 0, 2, 1, 0, 0]]
H123-compact:
([1, 1, 1, 36, 2, 1, 2, 6], ['h1', 'h3', 'h2', 'h2', 'h3', 'h3', 'h2', 'h2'])
H123:
[[1, 0, 0, 0, 0, 0, 0, 0], [0, 0, 1, 36, 0, 0, 2, 6], [0, 1, 0, 0, 2, 1, 0, 0]]
H123-compact:
([1, 1, 1, 36, 2, 1, 2, 6], ['h1', 'h3', 'h2', 'h2', 'h3', 'h3', 'h2', 'h2'])
H123:
[[1, 0, 0, 0, 0, 0, 0, 0], [0, 0, 1, 36, 0, 0, 2, 6], [0, 1, 0, 0, 2, 1, 0, 0]]
H123-compact:
([1, 1, 1, 36, 2, 1, 2, 6], ['h1', 'h3', 'h2', 'h2', 'h3', 'h3', 'h2', 'h2'])
H123:
[[1, 0, 0, 0, 0, 0, 0, 0], [0, 0, 1, 36, 0, 0, 2, 6], [0, 1, 0, 0, 2, 1, 0, 0]]
H123-compact:
([1, 1, 1, 36, 2, 1, 2, 7], ['h1', 'h3', 'h2', 'h2', 'h3', 'h3', 'h2', 'h2'])
H123:
[[1, 0, 0, 0, 0, 0, 0, 0], [0, 0, 1, 36, 0, 0, 2, 7], [0, 1, 0, 0, 2, 1, 0, 0]]
H123-compact:
([1, 1, 1, 36, 2, 1, 2, 6], ['h1', 'h3', 'h2', 'h2', 'h3', 'h3', 'h2', 'h2'])
H123:
[[1, 0, 0, 0, 0, 0, 0, 0], [0, 0, 1, 36, 0, 0, 2, 6], [0, 1, 0, 0, 2, 1, 0, 0]]
H123-compact:
([1, 1, 1, 36, 2, 1, 2, 6], ['h1', 'h3', 'h2', 'h2', 'h3', 'h3', 'h2', 'h2'])
H123:
[[1, 0, 0, 0, 0, 0, 0, 0], [0, 0, 1, 36, 0, 0, 2, 6], [0, 1, 0, 0, 2, 1, 0, 0]]
H123-compact:
([1, 1, 1, 36, 2, 1, 2, 6], ['h1', 'h3', 'h2', 'h2', 'h3', 'h3', 'h2', 'h2'])
H123:
[[1, 0, 0, 0, 0, 0, 0, 0], [0, 0, 1, 36, 0, 0, 2, 6], [0, 1, 0, 0, 2, 1, 0, 0]]
H123-compact:
([1, 1, 1, 37, 2, 1, 2, 6], ['h1', 'h3', 'h2', 'h2', 'h3', 'h3', 'h2', 'h2'])
H123:
[[1, 0, 0, 0, 0, 0, 0, 0], [0, 0, 1, 37, 0, 0, 2, 6], [0, 1, 0, 0, 2, 1, 0, 0]]
H123-compact:
([1, 1, 1, 34, 2, 1, 2, 6], ['h1', 'h3', 'h2', 'h2', 'h3', 'h3', 'h2', 'h2'])
H123:
[[1, 0, 0, 0, 0, 0, 0, 0], [0, 0, 1, 34, 0, 0, 2, 6], [0, 1, 0, 0, 2, 1, 0, 0]]
H123-compact:
([1, 1, 1, 39, 2, 1, 2, 6], ['h1', 'h3', 'h2', 'h2', 'h3', 'h3', 'h2', 'h2'])
H123:
[[1, 0, 0, 0, 0, 0, 0, 0], [0, 0, 1, 39, 0, 0, 2, 6], [0, 1, 0, 0, 2, 1, 0, 0]]
H123-compact:
([1, 1, 1, 35, 2, 1, 2, 6], ['h1', 'h3', 'h2', 'h2', 'h3', 'h3', 'h2', 'h2'])
H123:
[[1, 0, 0, 0, 0, 0, 0, 0], [0, 0, 1, 35, 0, 0, 2, 6], [0, 1, 0, 0, 2, 1, 0, 0]]
H123-compact:
([1, 1, 1, 36, 2, 1, 2, 6], ['h1', 'h3', 'h2', 'h2', 'h3', 'h3', 'h2', 'h2'])
H123:
[[1, 0, 0, 0, 0, 0, 0, 0], [0, 0, 1, 36, 0, 0, 2, 6], [0, 1, 0, 0, 2, 1, 0, 0]]

