H123-compact:
([1, 1, 1, 11, 22, 10, 8, 2, 9, 3, 4, 2, 4, 9, 1, 2, 2, 5, 1, 2, 3, 2], ['h1', 'h3', 'h2', 'h2', 'h3', 'h2', 'h2', 'h2', 'h2', 'h3', 'h2', 'h2', 'h2', 'h2', 'h2', 'h2', 'h2', 'h2', 'h2', 'h2', 'h2', 'h2'])
H123:
[[1, 0, 0, 0, 0, 0, 0, 0, 0, 0, 0, 0, 0, 0, 0, 0, 0, 0, 0, 0, 0, 0], [0, 0, 1, 11, 0, 10, 8, 2, 9, 0, 4, 2, 4, 9, 1, 2, 2, 5, 1, 2, 3, 2], [0, 1, 0, 0, 22, 0, 0, 0, 0, 3, 0, 0, 0, 0, 0, 0, 0, 0, 0, 0, 0, 0]]
H123-compact:
([1, 1, 1, 10, 8, 9, 23, 2, 13, 9, 5, 2, 1, 10, 1, 2, 2, 1, 2, 2, 6], ['h1', 'h2', 'h3', 'h2', 'h2', 'h2', 'h3', 'h2', 'h3', 'h2', 'h2', 'h2', 'h2', 'h2', 'h2', 'h2', 'h2', 'h2', 'h2', 'h2', 'h2'])
H123:
[[1, 0, 0, 0, 0, 0, 0, 0, 0, 0, 0, 0, 0, 0, 0, 0, 0, 0, 0, 0, 0], [0, 1, 0, 10, 8, 9, 0, 2, 0, 9, 5, 2, 1, 10, 1, 2, 2, 1, 2, 2, 6], [0, 0, 1, 0, 0, 0, 23, 0, 13, 0, 0, 0, 0, 0, 0, 0, 0, 0, 0, 0, 0]]
H123-compact:
([1, 1, 1, 8, 8, 6, 37, 2, 14, 8, 5, 1, 5, 9, 1, 2, 2, 2, 2, 2, 6, 2], ['h1', 'h3', 'h2', 'h2', 'h2', 'h2', 'h3', 'h2', 'h3', 'h2', 'h2', 'h2', 'h2', 'h2', 'h2', 'h2', 'h2', 'h2', 'h2', 'h2', 'h2', 'h2'])
H123:
[[1, 0, 0, 0, 0, 0, 0, 0, 0, 0, 0, 0, 0, 0, 0, 0, 0, 0, 0, 0, 0, 0], [0, 0, 1, 8, 8, 6, 0, 2, 0, 8, 5, 1, 5, 9, 1, 2, 2, 2, 2, 2, 6, 2], [0, 1, 0, 0, 0, 0, 37, 0, 14, 0, 0, 0, 0, 0, 0, 0, 0, 0, 0, 0, 0, 0]]
H123-compact:
([1, 1, 1, 10, 8, 11, 22, 10, 2, 10, 4, 2, 1, 10, 1, 2, 2, 1, 2, 2, 6], ['h1', 'h3', 'h2', 'h2', 'h2', 'h2', 'h3', 'h2', 'h2', 'h3', 'h2', 'h2', 'h2', 'h2', 'h2', 'h2', 'h2', 'h2', 'h2', 'h2', 'h2'])
H123:
[[1, 0, 0, 0, 0, 0, 0, 0, 0, 0, 0, 0, 0, 0, 0, 0, 0, 0, 0, 0, 0], [0, 0, 1, 10, 8, 11, 0, 10, 2, 0, 4, 2, 1, 10, 1, 2, 2, 1, 2, 2, 6], [0, 1, 0, 0, 0, 0, 22, 0, 0, 10, 0, 0, 0, 0, 0, 0, 0, 0, 0, 0, 0]]
H123-compact:
([1, 1, 1, 11, 8, 22, 9, 2, 7, 10, 4, 4, 9, 1, 2, 2, 2, 1, 2, 2, 6, 2], ['h1', 'h3', 'h2', 'h2', 'h2', 'h3', 'h2', 'h2', 'h2', 'h3', 'h2', 'h2', 'h2', 'h2', 'h2', 'h2', 'h2', 'h2', 'h2', 'h2', 'h2', 'h2'])
H123:
[[1, 0, 0, 0, 0, 0, 0, 0, 0, 0, 0, 0, 0, 0, 0, 0, 0, 0, 0, 0, 0, 0], [0, 0, 1, 11, 8, 0, 9, 2, 7, 0, 4, 4, 9, 1, 2, 2, 2, 1, 2, 2, 6, 2], [0, 1, 0, 0, 0, 22, 0, 0, 0, 10, 0, 0, 0, 0, 0, 0, 0, 0, 0, 0, 0, 0]]
H123-compact:
([1, 1, 1, 12, 8, 7, 22, 2, 14, 8, 4, 1, 9, 1, 2, 2, 2, 1, 2, 3, 6], ['h1', 'h3', 'h2', 'h2', 'h2', 'h2', 'h3', 'h2', 'h3', 'h2', 'h2', 'h2', 'h2', 'h2', 'h2', 'h2', 'h2', 'h2', 'h2', 'h2', 'h2'])
H123:
[[1, 0, 0, 0, 0, 0, 0, 0, 0, 0, 0, 0, 0, 0, 0, 0, 0, 0, 0, 0, 0], [0, 0, 1, 12, 8, 7, 0, 2, 0, 8, 4, 1, 9, 1, 2, 2, 2, 1, 2, 3, 6], [0, 1, 0, 0, 0, 0, 22, 0, 14, 0, 0, 0, 0, 0, 0, 0, 0, 0, 0, 0, 0]]
H123-compact:
([1, 1, 1, 9, 8, 8, 22, 14, 9, 2, 5, 2, 1, 9, 1, 2, 2, 1, 2, 2, 6, 2], ['h1', 'h3', 'h2', 'h2', 'h2', 'h2', 'h3', 'h3', 'h2', 'h2', 'h2', 'h2', 'h2', 'h2', 'h2', 'h2', 'h2', 'h2', 'h2', 'h2', 'h2', 'h2'])
H123:
[[1, 0, 0, 0, 0, 0, 0, 0, 0, 0, 0, 0, 0, 0, 0, 0, 0, 0, 0, 0, 0, 0], [0, 0, 1, 9, 8, 8, 0, 0, 9, 2, 5, 2, 1, 9, 1, 2, 2, 1, 2, 2, 6, 2], [0, 1, 0, 0, 0, 0, 22, 14, 0, 0, 0, 0, 0, 0, 0, 0, 0, 0, 0, 0, 0, 0]]
H123-compact:
([1, 1, 1, 11, 8, 9, 22, 2, 9, 12, 4, 4, 2, 9, 1, 2, 2, 1, 2, 3, 5], ['h1', 'h3', 'h2', 'h2', 'h2', 'h2', 'h3', 'h2', 'h2', 'h3', 'h2', 'h2', 'h2', 'h2', 'h2', 'h2', 'h2', 'h2', 'h2', 'h2', 'h2'])
H123:
[[1, 0, 0, 0, 0, 0, 0, 0, 0, 0, 0, 0, 0, 0, 0, 0, 0, 0, 0, 0, 0], [0, 0, 1, 11, 8, 9, 0, 2, 9, 0, 4, 4, 2, 9, 1, 2, 2, 1, 2, 3, 5], [0, 1, 0, 0, 0, 0, 22, 0, 0, 12, 0, 0, 0, 0, 0, 0, 0, 0, 0, 0, 0]]
H123-compact:
([1, 1, 1, 12, 21, 8, 12, 2, 9, 3, 5, 1, 2, 6, 1, 2, 2, 1, 2, 2, 6, 2], ['h1', 'h3', 'h2', 'h2', 'h3', 'h2', 'h2', 'h2', 'h2', 'h3', 'h2', 'h2', 'h2', 'h2', 'h2', 'h2', 'h2', 'h2', 'h2', 'h2', 'h2', 'h2'])
H123:
[[1, 0, 0, 0, 0, 0, 0, 0, 0, 0, 0, 0, 0, 0, 0, 0, 0, 0, 0, 0, 0, 0], [0, 0, 1, 12, 0, 8, 12, 2, 9, 0, 5, 1, 2, 6, 1, 2, 2, 1, 2, 2, 6, 2], [0, 1, 0, 0, 21, 0, 0, 0, 0, 3, 0, 0, 0, 0, 0, 0, 0, 0, 0, 0, 0, 0]]
H123-compact:
([1, 1, 1, 9, 8, 7, 22, 14, 10, 2, 4, 2, 7, 10, 1, 2, 2, 1, 2, 3, 6, 2], ['h1', 'h3', 'h2', 'h2', 'h2', 'h2', 'h3', 'h3', 'h2', 'h2', 'h2', 'h2', 'h2', 'h2', 'h2', 'h2', 'h2', 'h2', 'h2', 'h2', 'h2', 'h2'])
H123:
[[1, 0, 0, 0, 0, 0, 0, 0, 0, 0, 0, 0, 0, 0, 0, 0, 0, 0, 0, 0, 0, 0], [0, 0, 1, 9, 8, 7, 0, 0, 10, 2, 4, 2, 7, 10, 1, 2, 2, 1, 2, 3, 6, 2], [0, 1, 0, 0, 0, 0, 22, 14, 0, 0, 0, 0, 0, 0, 0, 0, 0, 0, 0, 0, 0, 0]]
H123-compact:
([1, 1, 1, 11, 8, 16, 22, 2, 8, 3, 4, 1, 2, 9, 1, 2, 2, 5, 1, 2, 3, 2], ['h1', 'h3', 'h2', 'h2', 'h2', 'h2', 'h3', 'h2', 'h2', 'h3', 'h2', 'h2', 'h2', 'h2', 'h2', 'h2', 'h2', 'h2', 'h2', 'h2', 'h2', 'h2'])
H123:
[[1, 0, 0, 0, 0, 0, 0, 0, 0, 0, 0, 0, 0, 0, 0, 0, 0, 0, 0, 0, 0, 0], [0, 0, 1, 11, 8, 16, 0, 2, 8, 0, 4, 1, 2, 9, 1, 2, 2, 5, 1, 2, 3, 2], [0, 1, 0, 0, 0, 0, 22, 0, 0, 3, 0, 0, 0, 0, 0, 0, 0, 0, 0, 0, 0, 0]]
H123-compact:
([1, 1, 1, 9, 8, 11, 22, 2, 8, 10, 5, 1, 2, 9, 1, 2, 2, 1, 2, 2, 7, 1, 2], ['h1', 'h3', 'h2', 'h2', 'h2', 'h2', 'h3', 'h2', 'h2', 'h3', 'h2', 'h2', 'h2', 'h2', 'h2', 'h2', 'h2', 'h2', 'h2', 'h2', 'h2', 'h1', 'h2'])
H123:
[[1, 0, 0, 0, 0, 0, 0, 0, 0, 0, 0, 0, 0, 0, 0, 0, 0, 0, 0, 0, 0, 1, 0], [0, 0, 1, 9, 8, 11, 0, 2, 8, 0, 5, 1, 2, 9, 1, 2, 2, 1, 2, 2, 7, 0, 2], [0, 1, 0, 0, 0, 0, 22, 0, 0, 10, 0, 0, 0, 0, 0, 0, 0, 0, 0, 0, 0, 0, 0]]
H123-compact:
([1, 1, 1, 11, 8, 11, 22, 2, 7, 10, 4, 1, 2, 9, 1, 2, 2, 1, 2, 2, 6, 2], ['h1', 'h3', 'h2', 'h2', 'h2', 'h2', 'h3', 'h2', 'h2', 'h3', 'h2', 'h2', 'h2', 'h2', 'h2', 'h2', 'h2', 'h2', 'h2', 'h2', 'h2', 'h2'])
H123:
[[1, 0, 0, 0, 0, 0, 0, 0, 0, 0, 0, 0, 0, 0, 0, 0, 0, 0, 0, 0, 0, 0], [0, 0, 1, 11, 8, 11, 0, 2, 7, 0, 4, 1, 2, 9, 1, 2, 2, 1, 2, 2, 6, 2], [0, 1, 0, 0, 0, 0, 22, 0, 0, 10, 0, 0, 0, 0, 0, 0, 0, 0, 0, 0, 0, 0]]
H123-compact:
([1, 1, 1, 10, 9, 9, 23, 2, 3, 7, 4, 2, 1, 9, 1, 2, 2, 1, 2, 2, 6, 2], ['h1', 'h3', 'h2', 'h2', 'h2', 'h2', 'h3', 'h2', 'h3', 'h2', 'h2', 'h2', 'h2', 'h2', 'h2', 'h2', 'h2', 'h2', 'h2', 'h2', 'h2', 'h2'])
H123:
[[1, 0, 0, 0, 0, 0, 0, 0, 0, 0, 0, 0, 0, 0, 0, 0, 0, 0, 0, 0, 0, 0], [0, 0, 1, 10, 9, 9, 0, 2, 0, 7, 4, 2, 1, 9, 1, 2, 2, 1, 2, 2, 6, 2], [0, 1, 0, 0, 0, 0, 23, 0, 3, 0, 0, 0, 0, 0, 0, 0, 0, 0, 0, 0, 0, 0]]
H123-compact:
([1, 1, 1, 9, 8, 11, 22, 2, 9, 4, 10, 4, 10, 1, 2, 2, 2, 1, 2, 3, 6], ['h1', 'h3', 'h2', 'h2', 'h2', 'h2', 'h3', 'h2', 'h2', 'h2', 'h3', 'h2', 'h2', 'h2', 'h2', 'h2', 'h2', 'h2', 'h2', 'h2', 'h2'])
H123:
[[1, 0, 0, 0, 0, 0, 0, 0, 0, 0, 0, 0, 0, 0, 0, 0, 0, 0, 0, 0, 0], [0, 0, 1, 9, 8, 11, 0, 2, 9, 4, 0, 4, 10, 1, 2, 2, 2, 1, 2, 3, 6], [0, 1, 0, 0, 0, 0, 22, 0, 0, 0, 10, 0, 0, 0, 0, 0, 0, 0, 0, 0, 0]]
H123-compact:
([1, 1, 1, 10, 8, 10, 22, 2, 8, 4, 10, 1, 9, 1, 2, 2, 2, 1, 2, 2, 7, 2], ['h1', 'h3', 'h2', 'h2', 'h2', 'h2', 'h3', 'h2', 'h2', 'h2', 'h3', 'h2', 'h2', 'h2', 'h2', 'h2', 'h2', 'h2', 'h2', 'h2', 'h2', 'h2'])
H123:
[[1, 0, 0, 0, 0, 0, 0, 0, 0, 0, 0, 0, 0, 0, 0, 0, 0, 0, 0, 0, 0, 0], [0, 0, 1, 10, 8, 10, 0, 2, 8, 4, 0, 1, 9, 1, 2, 2, 2, 1, 2, 2, 7, 2], [0, 1, 0, 0, 0, 0, 22, 0, 0, 0, 10, 0, 0, 0, 0, 0, 0, 0, 0, 0, 0, 0]]
H123-compact:
([1, 1, 1, 11, 22, 8, 10, 2, 9, 10, 5, 1, 2, 10, 1, 2, 2, 1, 2, 2, 6], ['h1', 'h3', 'h2', 'h2', 'h3', 'h2', 'h2', 'h2', 'h2', 'h3', 'h2', 'h2', 'h2', 'h2', 'h2', 'h2', 'h2', 'h2', 'h2', 'h2', 'h2'])
H123:
[[1, 0, 0, 0, 0, 0, 0, 0, 0, 0, 0, 0, 0, 0, 0, 0, 0, 0, 0, 0, 0], [0, 0, 1, 11, 0, 8, 10, 2, 9, 0, 5, 1, 2, 10, 1, 2, 2, 1, 2, 2, 6], [0, 1, 0, 0, 22, 0, 0, 0, 0, 10, 0, 0, 0, 0, 0, 0, 0, 0, 0, 0, 0]]
H123-compact:
([1, 1, 1, 12, 8, 12, 22, 2, 9, 3, 5, 1, 5, 10, 1, 2, 2, 1, 2, 3, 6], ['h1', 'h3', 'h2', 'h2', 'h2', 'h2', 'h3', 'h2', 'h2', 'h3', 'h2', 'h2', 'h2', 'h2', 'h2', 'h2', 'h2', 'h2', 'h2', 'h2', 'h2'])
H123:
[[1, 0, 0, 0, 0, 0, 0, 0, 0, 0, 0, 0, 0, 0, 0, 0, 0, 0, 0, 0, 0], [0, 0, 1, 12, 8, 12, 0, 2, 9, 0, 5, 1, 5, 10, 1, 2, 2, 1, 2, 3, 6], [0, 1, 0, 0, 0, 0, 22, 0, 0, 3, 0, 0, 0, 0, 0, 0, 0, 0, 0, 0, 0]]
H123-compact:
([1, 1, 1, 13, 8, 12, 22, 2, 9, 10, 4, 1, 2, 9, 1, 2, 2, 1, 2, 2, 6], ['h1', 'h3', 'h2', 'h2', 'h2', 'h2', 'h3', 'h2', 'h2', 'h3', 'h2', 'h2', 'h2', 'h2', 'h2', 'h2', 'h2', 'h2', 'h2', 'h2', 'h2'])
H123:
[[1, 0, 0, 0, 0, 0, 0, 0, 0, 0, 0, 0, 0, 0, 0, 0, 0, 0, 0, 0, 0], [0, 0, 1, 13, 8, 12, 0, 2, 9, 0, 4, 1, 2, 9, 1, 2, 2, 1, 2, 2, 6], [0, 1, 0, 0, 0, 0, 22, 0, 0, 10, 0, 0, 0, 0, 0, 0, 0, 0, 0, 0, 0]]
H123-compact:
([1, 1, 1, 9, 8, 13, 22, 8, 2, 4, 3, 1, 9, 1, 2, 2, 2, 1, 2, 3, 6, 2], ['h1', 'h3', 'h2', 'h2', 'h2', 'h2', 'h3', 'h2', 'h2', 'h2', 'h3', 'h2', 'h2', 'h2', 'h2', 'h2', 'h2', 'h2', 'h2', 'h2', 'h2', 'h2'])
H123:
[[1, 0, 0, 0, 0, 0, 0, 0, 0, 0, 0, 0, 0, 0, 0, 0, 0, 0, 0, 0, 0, 0], [0, 0, 1, 9, 8, 13, 0, 8, 2, 4, 0, 1, 9, 1, 2, 2, 2, 1, 2, 3, 6, 2], [0, 1, 0, 0, 0, 0, 22, 0, 0, 0, 3, 0, 0, 0, 0, 0, 0, 0, 0, 0, 0, 0]]

