H123-compact:
([1, 1, 3, 12, 3, 1, 1, 1, 1, 3, 2, 1, 1, 1, 2, 1, 2, 1, 1, 6, 2], ['h1', 'h3', 'h2', 'h3', 'h2', 'h2', 'h2', 'h2', 'h2', 'h2', 'h3', 'h2', 'h2', 'h2', 'h3', 'h2', 'h2', 'h2', 'h3', 'h2', 'h2'])
H123:
[[1, 0, 0, 0, 0, 0, 0, 0, 0, 0, 0, 0, 0, 0, 0, 0, 0, 0, 0, 0, 0], [0, 0, 3, 0, 3, 1, 1, 1, 1, 3, 0, 1, 1, 1, 0, 1, 2, 1, 0, 6, 2], [0, 1, 0, 12, 0, 0, 0, 0, 0, 0, 2, 0, 0, 0, 2, 0, 0, 0, 1, 0, 0]]
H123-compact:
([1, 1, 3, 12, 3, 1, 1, 1, 1, 3, 2, 1, 1, 1, 1, 1, 2, 2, 1, 6, 2], ['h1', 'h3', 'h2', 'h3', 'h2', 'h2', 'h2', 'h2', 'h2', 'h2', 'h3', 'h2', 'h2', 'h2', 'h2', 'h3', 'h3', 'h2', 'h3', 'h2', 'h2'])
H123:
[[1, 0, 0, 0, 0, 0, 0, 0, 0, 0, 0, 0, 0, 0, 0, 0, 0, 0, 0, 0, 0], [0, 0, 3, 0, 3, 1, 1, 1, 1, 3, 0, 1, 1, 1, 1, 0, 0, 2, 0, 6, 2], [0, 1, 0, 12, 0, 0, 0, 0, 0, 0, 2, 0, 0, 0, 0, 1, 2, 0, 1, 0, 0]]
H123-compact:
([1, 1, 3, 12, 3, 1, 1, 1, 1, 3, 2, 1, 1, 6, 1, 1, 2, 1, 2, 1, 2], ['h1', 'h3', 'h2', 'h3', 'h2', 'h2', 'h2', 'h2', 'h2', 'h2', 'h3', 'h2', 'h2', 'h2', 'h2', 'h2', 'h3', 'h3', 'h2', 'h3', 'h2'])
H123:
[[1, 0, 0, 0, 0, 0, 0, 0, 0, 0, 0, 0, 0, 0, 0, 0, 0, 0, 0, 0, 0], [0, 0, 3, 0, 3, 1, 1, 1, 1, 3, 0, 1, 1, 6, 1, 1, 0, 0, 2, 0, 2], [0, 1, 0, 12, 0, 0, 0, 0, 0, 0, 2, 0, 0, 0, 0, 0, 2, 1, 0, 1, 0]]
H123-compact:
([1, 1, 3, 12, 3, 1, 1, 1, 1, 3, 2, 1, 1, 1, 1, 2, 2, 6, 1, 1, 2], ['h1', 'h3', 'h2', 'h3', 'h2', 'h2', 'h2', 'h2', 'h2', 'h2', 'h3', 'h2', 'h2', 'h2', 'h3', 'h3', 'h2', 'h2', 'h2', 'h3', 'h2'])
H123:
[[1, 0, 0, 0, 0, 0, 0, 0, 0, 0, 0, 0, 0, 0, 0, 0, 0, 0, 0, 0, 0], [0, 0, 3, 0, 3, 1, 1, 1, 1, 3, 0, 1, 1, 1, 0, 0, 2, 6, 1, 0, 2], [0, 1, 0, 12, 0, 0, 0, 0, 0, 0, 2, 0, 0, 0, 1, 2, 0, 0, 0, 1, 0]]
H123-compact:
([1, 1, 3, 12, 3, 1, 1, 1, 1, 3, 2, 1, 1, 1, 1, 1, 2, 2, 1, 6, 2], ['h1', 'h3', 'h2', 'h3', 'h2', 'h2', 'h2', 'h2', 'h2', 'h2', 'h3', 'h2', 'h2', 'h2', 'h2', 'h3', 'h3', 'h2', 'h3', 'h2', 'h2'])
H123:
[[1, 0, 0, 0, 0, 0, 0, 0, 0, 0, 0, 0, 0, 0, 0, 0, 0, 0, 0, 0, 0], [0, 0, 3, 0, 3, 1, 1, 1, 1, 3, 0, 1, 1, 1, 1, 0, 0, 2, 0, 6, 2], [0, 1, 0, 12, 0, 0, 0, 0, 0, 0, 2, 0, 0, 0, 0, 1, 2, 0, 1, 0, 0]]
H123-compact:
([1, 1, 3, 12, 3, 1, 1, 1, 1, 3, 2, 1, 1, 6, 1, 1, 1, 2, 2, 1, 2], ['h1', 'h3', 'h2', 'h3', 'h2', 'h2', 'h2', 'h2', 'h2', 'h2', 'h3', 'h2', 'h2', 'h2', 'h2', 'h2', 'h3', 'h3', 'h2', 'h3', 'h2'])
H123:
[[1, 0, 0, 0, 0, 0, 0, 0, 0, 0, 0, 0, 0, 0, 0, 0, 0, 0, 0, 0, 0], [0, 0, 3, 0, 3, 1, 1, 1, 1, 3, 0, 1, 1, 6, 1, 1, 0, 0, 2, 0, 2], [0, 1, 0, 12, 0, 0, 0, 0, 0, 0, 2, 0, 0, 0, 0, 0, 1, 2, 0, 1, 0]]
H123-compact:
([1, 1, 3, 12, 3, 1, 1, 1, 1, 3, 2, 1, 1, 1, 1, 1, 3, 2, 1, 6, 2], ['h1', 'h3', 'h2', 'h3', 'h2', 'h2', 'h2', 'h2', 'h2', 'h2', 'h3', 'h2', 'h2', 'h2', 'h2', 'h3', 'h3', 'h2', 'h3', 'h2', 'h2'])
H123:
[[1, 0, 0, 0, 0, 0, 0, 0, 0, 0, 0, 0, 0, 0, 0, 0, 0, 0, 0, 0, 0], [0, 0, 3, 0, 3, 1, 1, 1, 1, 3, 0, 1, 1, 1, 1, 0, 0, 2, 0, 6, 2], [0, 1, 0, 12, 0, 0, 0, 0, 0, 0, 2, 0, 0, 0, 0, 1, 3, 0, 1, 0, 0]]
H123-compact:
([1, 1, 3, 12, 3, 1, 1, 1, 1, 3, 2, 1, 1, 1, 1, 1, 2, 2, 1, 6, 2], ['h1', 'h3', 'h2', 'h3', 'h2', 'h2', 'h2', 'h2', 'h2', 'h2', 'h3', 'h2', 'h2', 'h2', 'h2', 'h3', 'h3', 'h2', 'h3', 'h2', 'h2'])
H123:
[[1, 0, 0, 0, 0, 0, 0, 0, 0, 0, 0, 0, 0, 0, 0, 0, 0, 0, 0, 0, 0], [0, 0, 3, 0, 3, 1, 1, 1, 1, 3, 0, 1, 1, 1, 1, 0, 0, 2, 0, 6, 2], [0, 1, 0, 12, 0, 0, 0, 0, 0, 0, 2, 0, 0, 0, 0, 1, 2, 0, 1, 0, 0]]
H123-compact:
([1, 1, 3, 12, 3, 1, 1, 2, 1, 3, 2, 1, 1, 1, 1, 1, 2, 2, 1, 6, 2], ['h1', 'h3', 'h2', 'h3', 'h2', 'h2', 'h2', 'h2', 'h2', 'h2', 'h3', 'h2', 'h2', 'h2', 'h2', 'h3', 'h3', 'h2', 'h3', 'h2', 'h2'])
H123:
[[1, 0, 0, 0, 0, 0, 0, 0, 0, 0, 0, 0, 0, 0, 0, 0, 0, 0, 0, 0, 0], [0, 0, 3, 0, 3, 1, 1, 2, 1, 3, 0, 1, 1, 1, 1, 0, 0, 2, 0, 6, 2], [0, 1, 0, 12, 0, 0, 0, 0, 0, 0, 2, 0, 0, 0, 0, 1, 2, 0, 1, 0, 0]]
H123-compact:
([1, 1, 3, 12, 2, 1, 1, 1, 1, 3, 2, 1, 1, 1, 1, 1, 2, 2, 2, 6, 2], ['h1', 'h3', 'h2', 'h3', 'h2', 'h2', 'h2', 'h2', 'h2', 'h2', 'h3', 'h2', 'h2', 'h2', 'h2', 'h3', 'h3', 'h2', 'h3', 'h2', 'h2'])
H123:
[[1, 0, 0, 0, 0, 0, 0, 0, 0, 0, 0, 0, 0, 0, 0, 0, 0, 0, 0, 0, 0], [0, 0, 3, 0, 2, 1, 1, 1, 1, 3, 0, 1, 1, 1, 1, 0, 0, 2, 0, 6, 2], [0, 1, 0, 12, 0, 0, 0, 0, 0, 0, 2, 0, 0, 0, 0, 1, 2, 0, 2, 0, 0]]
H123-compact:
([1, 1, 3, 12, 3, 2, 1, 1, 1, 3, 2, 1, 1, 1, 1, 1, 2, 2, 1, 6, 2], ['h1', 'h3', 'h2', 'h3', 'h2', 'h2', 'h2', 'h2', 'h2', 'h2', 'h3', 'h2', 'h2', 'h2', 'h2', 'h3', 'h3', 'h2', 'h3', 'h2', 'h2'])
H123:
[[1, 0, 0, 0, 0, 0, 0, 0, 0, 0, 0, 0, 0, 0, 0, 0, 0, 0, 0, 0, 0], [0, 0, 3, 0, 3, 2, 1, 1, 1, 3, 0, 1, 1, 1, 1, 0, 0, 2, 0, 6, 2], [0, 1, 0, 12, 0, 0, 0, 0, 0, 0, 2, 0, 0, 0, 0, 1, 2, 0, 1, 0, 0]]
H123-compact:
([1, 1, 3, 12, 3, 1, 1, 1, 1, 3, 2, 1, 6, 1, 1, 1, 1, 2, 2, 1, 2], ['h1', 'h3', 'h2', 'h3', 'h2', 'h2', 'h2', 'h2', 'h2', 'h2', 'h3', 'h2', 'h2', 'h2', 'h2', 'h2', 'h3', 'h3', 'h2', 'h3', 'h2'])
H123:
[[1, 0, 0, 0, 0, 0, 0, 0, 0, 0, 0, 0, 0, 0, 0, 0, 0, 0, 0, 0, 0], [0, 0, 3, 0, 3, 1, 1, 1, 1, 3, 0, 1, 6, 1, 1, 1, 0, 0, 2, 0, 2], [0, 1, 0, 12, 0, 0, 0, 0, 0, 0, 2, 0, 0, 0, 0, 0, 1, 2, 0, 1, 0]]
H123-compact:
([1, 3, 1, 12, 3, 1, 1, 1, 1, 3, 2, 1, 1, 1, 1, 1, 2, 2, 1, 6, 2], ['h1', 'h2', 'h3', 'h3', 'h2', 'h2', 'h2', 'h2', 'h2', 'h2', 'h3', 'h2', 'h2', 'h2', 'h2', 'h3', 'h3', 'h2', 'h3', 'h2', 'h2'])
H123:
[[1, 0, 0, 0, 0, 0, 0, 0, 0, 0, 0, 0, 0, 0, 0, 0, 0, 0, 0, 0, 0], [0, 3, 0, 0, 3, 1, 1, 1, 1, 3, 0, 1, 1, 1, 1, 0, 0, 2, 0, 6, 2], [0, 0, 1, 12, 0, 0, 0, 0, 0, 0, 2, 0, 0, 0, 0, 1, 2, 0, 1, 0, 0]]
H123-compact:
([1, 1, 1, 3, 12, 3, 1, 1, 1, 1, 3, 2, 1, 1, 1, 1, 1, 2, 2, 6, 1, 2], ['h1', 'h1', 'h3', 'h2', 'h3', 'h2', 'h2', 'h2', 'h2', 'h2', 'h2', 'h3', 'h2', 'h2', 'h2', 'h2', 'h3', 'h3', 'h2', 'h2', 'h3', 'h2'])
H123:
[[1, 1, 0, 0, 0, 0, 0, 0, 0, 0, 0, 0, 0, 0, 0, 0, 0, 0, 0, 0, 0, 0], [0, 0, 0, 3, 0, 3, 1, 1, 1, 1, 3, 0, 1, 1, 1, 1, 0, 0, 2, 6, 0, 2], [0, 0, 1, 0, 12, 0, 0, 0, 0, 0, 0, 2, 0, 0, 0, 0, 1, 2, 0, 0, 1, 0]]
H123-compact:
([1, 1, 3, 12, 3, 1, 2, 1, 3, 2, 1, 1, 1, 1, 1, 2, 2, 1, 6, 2], ['h1', 'h3', 'h2', 'h3', 'h2', 'h2', 'h2', 'h2', 'h2', 'h3', 'h2', 'h2', 'h2', 'h2', 'h3', 'h3', 'h2', 'h3', 'h2', 'h2'])
H123:
[[1, 0, 0, 0, 0, 0, 0, 0, 0, 0, 0, 0, 0, 0, 0, 0, 0, 0, 0, 0], [0, 0, 3, 0, 3, 1, 2, 1, 3, 0, 1, 1, 1, 1, 0, 0, 2, 0, 6, 2], [0, 1, 0, 12, 0, 0, 0, 0, 0, 2, 0, 0, 0, 0, 1, 2, 0, 1, 0, 0]]
H123-compact:
([1, 1, 3, 12, 3, 1, 1, 1, 1, 3, 2, 1, 1, 1, 1, 1, 2, 2, 1, 6, 2], ['h1', 'h3', 'h2', 'h3', 'h2', 'h2', 'h2', 'h2', 'h2', 'h2', 'h3', 'h2', 'h2', 'h2', 'h2', 'h3', 'h3', 'h2', 'h3', 'h2', 'h2'])
H123:
[[1, 0, 0, 0, 0, 0, 0, 0, 0, 0, 0, 0, 0, 0, 0, 0, 0, 0, 0, 0, 0], [0, 0, 3, 0, 3, 1, 1, 1, 1, 3, 0, 1, 1, 1, 1, 0, 0, 2, 0, 6, 2], [0, 1, 0, 12, 0, 0, 0, 0, 0, 0, 2, 0, 0, 0, 0, 1, 2, 0, 1, 0, 0]]
H123-compact:
([1, 1, 3, 12, 3, 1, 1, 1, 1, 3, 2, 1, 1, 1, 2, 1, 2, 1, 1, 5, 2], ['h1', 'h3', 'h2', 'h3', 'h2', 'h2', 'h2', 'h2', 'h2', 'h2', 'h3', 'h2', 'h2', 'h2', 'h3', 'h2', 'h2', 'h3', 'h3', 'h2', 'h2'])
H123:
[[1, 0, 0, 0, 0, 0, 0, 0, 0, 0, 0, 0, 0, 0, 0, 0, 0, 0, 0, 0, 0], [0, 0, 3, 0, 3, 1, 1, 1, 1, 3, 0, 1, 1, 1, 0, 1, 2, 0, 0, 5, 2], [0, 1, 0, 12, 0, 0, 0, 0, 0, 0, 2, 0, 0, 0, 2, 0, 0, 1, 1, 0, 0]]
H123-compact:
([1, 1, 3, 12, 3, 1, 1, 1, 1, 3, 2, 1, 1, 5, 1, 1, 1, 2, 2, 1, 2], ['h1', 'h3', 'h2', 'h3', 'h2', 'h2', 'h2', 'h2', 'h2', 'h2', 'h3', 'h2', 'h2', 'h2', 'h2', 'h2', 'h3', 'h3', 'h2', 'h3', 'h2'])
H123:
[[1, 0, 0, 0, 0, 0, 0, 0, 0, 0, 0, 0, 0, 0, 0, 0, 0, 0, 0, 0, 0], [0, 0, 3, 0, 3, 1, 1, 1, 1, 3, 0, 1, 1, 5, 1, 1, 0, 0, 2, 0, 2], [0, 1, 0, 12, 0, 0, 0, 0, 0, 0, 2, 0, 0, 0, 0, 0, 1, 2, 0, 1, 0]]
H123-compact:
([1, 1, 3, 12, 3, 1, 1, 1, 1, 3, 2, 1, 1, 1, 1, 1, 2, 2, 1, 6, 2], ['h1', 'h3', 'h2', 'h3', 'h2', 'h2', 'h2', 'h2', 'h2', 'h2', 'h3', 'h2', 'h2', 'h2', 'h2', 'h3', 'h3', 'h2', 'h3', 'h2', 'h2'])
H123:
[[1, 0, 0, 0, 0, 0, 0, 0, 0, 0, 0, 0, 0, 0, 0, 0, 0, 0, 0, 0, 0], [0, 0, 3, 0, 3, 1, 1, 1, 1, 3, 0, 1, 1, 1, 1, 0, 0, 2, 0, 6, 2], [0, 1, 0, 12, 0, 0, 0, 0, 0, 0, 2, 0, 0, 0, 0, 1, 2, 0, 1, 0, 0]]
H123-compact:
([1, 1, 3, 12, 3, 1, 1, 1, 1, 3, 2, 1, 2, 1, 1, 3, 2, 1, 1, 6, 2], ['h1', 'h3', 'h2', 'h3', 'h2', 'h2', 'h2', 'h2', 'h2', 'h2', 'h3', 'h2', 'h2', 'h2', 'h3', 'h3', 'h2', 'h2', 'h3', 'h2', 'h2'])
H123:
[[1, 0, 0, 0, 0, 0, 0, 0, 0, 0, 0, 0, 0, 0, 0, 0, 0, 0, 0, 0, 0], [0, 0, 3, 0, 3, 1, 1, 1, 1, 3, 0, 1, 2, 1, 0, 0, 2, 1, 0, 6, 2], [0, 1, 0, 12, 0, 0, 0, 0, 0, 0, 2, 0, 0, 0, 1, 3, 0, 0, 1, 0, 0]]

