H123-compact:
([1, 1, 1, 38, 14, 14, 13, 11, 11, 4, 6, 1, 1, 1, 26, 1, 2, 2, 1, 6, 2, 2, 2, 3, 2, 5, 2], ['h1', 'h3', 'h2', 'h1', 'h1', 'h1', 'h1', 'h1', 'h1', 'h2', 'h2', 'h2', 'h2', 'h2', 'h2', 'h2', 'h2', 'h2', 'h2', 'h2', 'h2', 'h2', 'h2', 'h2', 'h2', 'h2', 'h2'])
H123:
[[1, 0, 0, 38, 14, 14, 13, 11, 11, 0, 0, 0, 0, 0, 0, 0, 0, 0, 0, 0, 0, 0, 0, 0, 0, 0, 0], [0, 0, 1, 0, 0, 0, 0, 0, 0, 4, 6, 1, 1, 1, 26, 1, 2, 2, 1, 6, 2, 2, 2, 3, 2, 5, 2], [0, 1, 0, 0, 0, 0, 0, 0, 0, 0, 0, 0, 0, 0, 0, 0, 0, 0, 0, 0, 0, 0, 0, 0, 0, 0, 0]]
H123-compact:
([1, 1, 1, 17, 12, 9, 13, 36, 14, 3, 6, 1, 1, 1, 1, 27, 2, 3, 1, 6, 2, 2, 2, 3, 2, 5, 2], ['h1', 'h3', 'h2', 'h1', 'h1', 'h1', 'h1', 'h1', 'h1', 'h2', 'h2', 'h2', 'h2', 'h2', 'h2', 'h2', 'h2', 'h2', 'h2', 'h2', 'h2', 'h2', 'h2', 'h2', 'h2', 'h2', 'h2'])
H123:
[[1, 0, 0, 17, 12, 9, 13, 36, 14, 0, 0, 0, 0, 0, 0, 0, 0, 0, 0, 0, 0, 0, 0, 0, 0, 0, 0], [0, 0, 1, 0, 0, 0, 0, 0, 0, 3, 6, 1, 1, 1, 1, 27, 2, 3, 1, 6, 2, 2, 2, 3, 2, 5, 2], [0, 1, 0, 0, 0, 0, 0, 0, 0, 0, 0, 0, 0, 0, 0, 0, 0, 0, 0, 0, 0, 0, 0, 0, 0, 0, 0]]
H123-compact:
([1, 1, 1, 16, 13, 10, 36, 12, 14, 1, 3, 6, 1, 2, 1, 1, 26, 2, 1, 2, 2, 3, 2, 3, 6, 2, 6], ['h1', 'h3', 'h2', 'h1', 'h1', 'h1', 'h1', 'h1', 'h1', 'h2', 'h2', 'h2', 'h2', 'h2', 'h2', 'h2', 'h2', 'h2', 'h2', 'h2', 'h2', 'h2', 'h2', 'h2', 'h2', 'h2', 'h2'])
H123:
[[1, 0, 0, 16, 13, 10, 36, 12, 14, 0, 0, 0, 0, 0, 0, 0, 0, 0, 0, 0, 0, 0, 0, 0, 0, 0, 0], [0, 0, 1, 0, 0, 0, 0, 0, 0, 1, 3, 6, 1, 2, 1, 1, 26, 2, 1, 2, 2, 3, 2, 3, 6, 2, 6], [0, 1, 0, 0, 0, 0, 0, 0, 0, 0, 0, 0, 0, 0, 0, 0, 0, 0, 0, 0, 0, 0, 0, 0, 0, 0, 0]]
H123-compact:
([1, 1, 1, 14, 16, 13, 37, 13, 8, 3, 6, 1, 1, 1, 25, 1, 2, 2, 1, 6, 2, 2, 2, 3, 2, 5, 2], ['h1', 'h3', 'h2', 'h1', 'h1', 'h1', 'h1', 'h1', 'h1', 'h2', 'h2', 'h2', 'h2', 'h2', 'h2', 'h2', 'h2', 'h2', 'h2', 'h2', 'h2', 'h2', 'h2', 'h2', 'h2', 'h2', 'h2'])
H123:
[[1, 0, 0, 14, 16, 13, 37, 13, 8, 0, 0, 0, 0, 0, 0, 0, 0, 0, 0, 0, 0, 0, 0, 0, 0, 0, 0], [0, 0, 1, 0, 0, 0, 0, 0, 0, 3, 6, 1, 1, 1, 25, 1, 2, 2, 1, 6, 2, 2, 2, 3, 2, 5, 2], [0, 1, 0, 0, 0, 0, 0, 0, 0, 0, 0, 0, 0, 0, 0, 0, 0, 0, 0, 0, 0, 0, 0, 0, 0, 0, 0]]
H123-compact:
([1, 1, 1, 17, 9, 13, 15, 13, 34, 1, 1, 3, 6, 2, 1, 1, 27, 3, 1, 5, 2, 2, 2, 3, 2, 5, 2], ['h1', 'h3', 'h2', 'h1', 'h1', 'h1', 'h1', 'h1', 'h1', 'h2', 'h2', 'h2', 'h2', 'h2', 'h2', 'h2', 'h2', 'h2', 'h2', 'h2', 'h2', 'h2', 'h2', 'h2', 'h2', 'h2', 'h2'])
H123:
[[1, 0, 0, 17, 9, 13, 15, 13, 34, 0, 0, 0, 0, 0, 0, 0, 0, 0, 0, 0, 0, 0, 0, 0, 0, 0, 0], [0, 0, 1, 0, 0, 0, 0, 0, 0, 1, 1, 3, 6, 2, 1, 1, 27, 3, 1, 5, 2, 2, 2, 3, 2, 5, 2], [0, 1, 0, 0, 0, 0, 0, 0, 0, 0, 0, 0, 0, 0, 0, 0, 0, 0, 0, 0, 0, 0, 0, 0, 0, 0, 0]]
H123-compact:
([1, 1, 1, 18, 13, 10, 12, 16, 32, 1, 1, 3, 6, 1, 28, 1, 2, 2, 1, 5, 2, 2, 2, 3, 2, 5, 2], ['h1', 'h3', 'h2', 'h1', 'h1', 'h1', 'h1', 'h1', 'h1', 'h2', 'h2', 'h2', 'h2', 'h2', 'h2', 'h2', 'h2', 'h2', 'h2', 'h2', 'h2', 'h2', 'h2', 'h2', 'h2', 'h2', 'h2'])
H123:
[[1, 0, 0, 18, 13, 10, 12, 16, 32, 0, 0, 0, 0, 0, 0, 0, 0, 0, 0, 0, 0, 0, 0, 0, 0, 0, 0], [0, 0, 1, 0, 0, 0, 0, 0, 0, 1, 1, 3, 6, 1, 28, 1, 2, 2, 1, 5, 2, 2, 2, 3, 2, 5, 2], [0, 1, 0, 0, 0, 0, 0, 0, 0, 0, 0, 0, 0, 0, 0, 0, 0, 0, 0, 0, 0, 0, 0, 0, 0, 0, 0]]
H123-compact:
([1, 1, 1, 35, 15, 10, 11, 13, 17, 3, 1, 6, 1, 1, 2, 27, 1, 3, 6, 1, 2, 2, 2, 3, 2, 5, 2], ['h1', 'h3', 'h2', 'h1', 'h1', 'h1', 'h1', 'h1', 'h1', 'h2', 'h2', 'h2', 'h2', 'h2', 'h2', 'h2', 'h2', 'h2', 'h2', 'h2', 'h2', 'h2', 'h2', 'h2', 'h2', 'h2', 'h2'])
H123:
[[1, 0, 0, 35, 15, 10, 11, 13, 17, 0, 0, 0, 0, 0, 0, 0, 0, 0, 0, 0, 0, 0, 0, 0, 0, 0, 0], [0, 0, 1, 0, 0, 0, 0, 0, 0, 3, 1, 6, 1, 1, 2, 27, 1, 3, 6, 1, 2, 2, 2, 3, 2, 5, 2], [0, 1, 0, 0, 0, 0, 0, 0, 0, 0, 0, 0, 0, 0, 0, 0, 0, 0, 0, 0, 0, 0, 0, 0, 0, 0, 0]]
H123-compact:
([1, 1, 1, 16, 12, 14, 14, 33, 12, 1, 3, 6, 1, 6, 1, 1, 2, 26, 2, 1, 2, 2, 2, 4, 2, 7, 2], ['h1', 'h3', 'h2', 'h1', 'h1', 'h1', 'h1', 'h1', 'h1', 'h2', 'h2', 'h2', 'h2', 'h2', 'h2', 'h2', 'h2', 'h2', 'h2', 'h2', 'h2', 'h2', 'h2', 'h2', 'h2', 'h2', 'h2'])
H123:
[[1, 0, 0, 16, 12, 14, 14, 33, 12, 0, 0, 0, 0, 0, 0, 0, 0, 0, 0, 0, 0, 0, 0, 0, 0, 0, 0], [0, 0, 1, 0, 0, 0, 0, 0, 0, 1, 3, 6, 1, 6, 1, 1, 2, 26, 2, 1, 2, 2, 2, 4, 2, 7, 2], [0, 1, 0, 0, 0, 0, 0, 0, 0, 0, 0, 0, 0, 0, 0, 0, 0, 0, 0, 0, 0, 0, 0, 0, 0, 0, 0]]
H123-compact:
([1, 1, 1, 25, 12, 14, 10, 8, 32, 3, 6, 1, 1, 1, 1, 26, 2, 3, 1, 6, 2, 2, 2, 3, 2, 5, 2], ['h1', 'h2', 'h3', 'h1', 'h1', 'h1', 'h1', 'h1', 'h1', 'h2', 'h2', 'h2', 'h2', 'h2', 'h2', 'h2', 'h2', 'h2', 'h2', 'h2', 'h2', 'h2', 'h2', 'h2', 'h2', 'h2', 'h2'])
H123:
[[1, 0, 0, 25, 12, 14, 10, 8, 32, 0, 0, 0, 0, 0, 0, 0, 0, 0, 0, 0, 0, 0, 0, 0, 0, 0, 0], [0, 1, 0, 0, 0, 0, 0, 0, 0, 3, 6, 1, 1, 1, 1, 26, 2, 3, 1, 6, 2, 2, 2, 3, 2, 5, 2], [0, 0, 1, 0, 0, 0, 0, 0, 0, 0, 0, 0, 0, 0, 0, 0, 0, 0, 0, 0, 0, 0, 0, 0, 0, 0, 0]]
H123-compact:
([1, 1, 1, 22, 11, 12, 10, 32, 14, 3, 6, 1, 1, 6, 1, 1, 27, 2, 2, 1, 2, 2, 2, 3, 2, 6, 2], ['h1', 'h3', 'h2', 'h1', 'h1', 'h1', 'h1', 'h1', 'h1', 'h2', 'h2', 'h2', 'h2', 'h2', 'h2', 'h2', 'h2', 'h2', 'h2', 'h2', 'h2', 'h2', 'h2', 'h2', 'h2', 'h2', 'h2'])
H123:
[[1, 0, 0, 22, 11, 12, 10, 32, 14, 0, 0, 0, 0, 0, 0, 0, 0, 0, 0, 0, 0, 0, 0, 0, 0, 0, 0], [0, 0, 1, 0, 0, 0, 0, 0, 0, 3, 6, 1, 1, 6, 1, 1, 27, 2, 2, 1, 2, 2, 2, 3, 2, 6, 2], [0, 1, 0, 0, 0, 0, 0, 0, 0, 0, 0, 0, 0, 0, 0, 0, 0, 0, 0, 0, 0, 0, 0, 0, 0, 0, 0]]
H123-compact:
([1, 1, 1, 40, 15, 10, 12, 14, 10, 1, 4, 6, 1, 1, 2, 26, 1, 2, 1, 6, 2, 2, 2, 3, 2, 6, 2, 1], ['h1', 'h3', 'h2', 'h1', 'h1', 'h1', 'h1', 'h1', 'h1', 'h2', 'h2', 'h2', 'h2', 'h2', 'h2', 'h2', 'h2', 'h2', 'h2', 'h2', 'h2', 'h2', 'h2', 'h2', 'h2', 'h2', 'h2', 'h1'])
H123:
[[1, 0, 0, 40, 15, 10, 12, 14, 10, 0, 0, 0, 0, 0, 0, 0, 0, 0, 0, 0, 0, 0, 0, 0, 0, 0, 0, 1], [0, 0, 1, 0, 0, 0, 0, 0, 0, 1, 4, 6, 1, 1, 2, 26, 1, 2, 1, 6, 2, 2, 2, 3, 2, 6, 2, 0], [0, 1, 0, 0, 0, 0, 0, 0, 0, 0, 0, 0, 0, 0, 0, 0, 0, 0, 0, 0, 0, 0, 0, 0, 0, 0, 0, 0]]
H123-compact:
([1, 1, 1, 17, 9, 41, 11, 7, 16, 1, 3, 7, 1, 1, 1, 2, 25, 2, 1, 6, 2, 2, 2, 4, 2, 7, 2], ['h1', 'h3', 'h2', 'h1', 'h1', 'h1', 'h1', 'h1', 'h1', 'h2', 'h2', 'h2', 'h2', 'h2', 'h2', 'h2', 'h2', 'h2', 'h2', 'h2', 'h2', 'h2', 'h2', 'h2', 'h2', 'h2', 'h2'])
H123:
[[1, 0, 0, 17, 9, 41, 11, 7, 16, 0, 0, 0, 0, 0, 0, 0, 0, 0, 0, 0, 0, 0, 0, 0, 0, 0, 0], [0, 0, 1, 0, 0, 0, 0, 0, 0, 1, 3, 7, 1, 1, 1, 2, 25, 2, 1, 6, 2, 2, 2, 4, 2, 7, 2], [0, 1, 0, 0, 0, 0, 0, 0, 0, 0, 0, 0, 0, 0, 0, 0, 0, 0, 0, 0, 0, 0, 0, 0, 0, 0, 0]]
H123-compact:
([1, 1, 1, 19, 18, 29, 12, 11, 12, 3, 6, 1, 1, 1, 1, 28, 2, 2, 1, 6, 2, 2, 2, 4, 2, 7, 2], ['h1', 'h3', 'h2', 'h1', 'h1', 'h1', 'h1', 'h1', 'h1', 'h2', 'h2', 'h2', 'h2', 'h2', 'h2', 'h2', 'h2', 'h2', 'h2', 'h2', 'h2', 'h2', 'h2', 'h2', 'h2', 'h2', 'h2'])
H123:
[[1, 0, 0, 19, 18, 29, 12, 11, 12, 0, 0, 0, 0, 0, 0, 0, 0, 0, 0, 0, 0, 0, 0, 0, 0, 0, 0], [0, 0, 1, 0, 0, 0, 0, 0, 0, 3, 6, 1, 1, 1, 1, 28, 2, 2, 1, 6, 2, 2, 2, 4, 2, 7, 2], [0, 1, 0, 0, 0, 0, 0, 0, 0, 0, 0, 0, 0, 0, 0, 0, 0, 0, 0, 0, 0, 0, 0, 0, 0, 0, 0]]
H123-compact:
([1, 1, 1, 15, 12, 16, 10, 14, 34, 1, 3, 6, 1, 1, 1, 2, 23, 3, 1, 6, 2, 2, 2, 3, 2, 5, 2], ['h1', 'h3', 'h2', 'h1', 'h1', 'h1', 'h1', 'h1', 'h1', 'h2', 'h2', 'h2', 'h2', 'h2', 'h2', 'h2', 'h2', 'h2', 'h2', 'h2', 'h2', 'h2', 'h2', 'h2', 'h2', 'h2', 'h2'])
H123:
[[1, 0, 0, 15, 12, 16, 10, 14, 34, 0, 0, 0, 0, 0, 0, 0, 0, 0, 0, 0, 0, 0, 0, 0, 0, 0, 0], [0, 0, 1, 0, 0, 0, 0, 0, 0, 1, 3, 6, 1, 1, 1, 2, 23, 3, 1, 6, 2, 2, 2, 3, 2, 5, 2], [0, 1, 0, 0, 0, 0, 0, 0, 0, 0, 0, 0, 0, 0, 0, 0, 0, 0, 0, 0, 0, 0, 0, 0, 0, 0, 0]]
H123-compact:
([1, 1, 1, 17, 14, 12, 37, 9, 12, 3, 6, 1, 1, 1, 27, 2, 1, 2, 1, 6, 2, 2, 2, 3, 2, 5, 2], ['h1', 'h3', 'h2', 'h1', 'h1', 'h1', 'h1', 'h1', 'h1', 'h2', 'h2', 'h2', 'h2', 'h2', 'h2', 'h2', 'h2', 'h2', 'h2', 'h2', 'h2', 'h2', 'h2', 'h2', 'h2', 'h2', 'h2'])
H123:
[[1, 0, 0, 17, 14, 12, 37, 9, 12, 0, 0, 0, 0, 0, 0, 0, 0, 0, 0, 0, 0, 0, 0, 0, 0, 0, 0], [0, 0, 1, 0, 0, 0, 0, 0, 0, 3, 6, 1, 1, 1, 27, 2, 1, 2, 1, 6, 2, 2, 2, 3, 2, 5, 2], [0, 1, 0, 0, 0, 0, 0, 0, 0, 0, 0, 0, 0, 0, 0, 0, 0, 0, 0, 0, 0, 0, 0, 0, 0, 0, 0]]
H123-compact:
([1, 1, 1, 13, 6, 34, 14, 15, 14, 11, 1, 3, 6, 1, 1, 1, 2, 26, 2, 1, 2, 2, 2, 3, 2, 5, 2], ['h1', 'h3', 'h2', 'h1', 'h2', 'h1', 'h1', 'h1', 'h1', 'h1', 'h2', 'h2', 'h2', 'h2', 'h2', 'h2', 'h2', 'h2', 'h2', 'h2', 'h2', 'h2', 'h2', 'h2', 'h2', 'h2', 'h2'])
H123:
[[1, 0, 0, 13, 0, 34, 14, 15, 14, 11, 0, 0, 0, 0, 0, 0, 0, 0, 0, 0, 0, 0, 0, 0, 0, 0, 0], [0, 0, 1, 0, 6, 0, 0, 0, 0, 0, 1, 3, 6, 1, 1, 1, 2, 26, 2, 1, 2, 2, 2, 3, 2, 5, 2], [0, 1, 0, 0, 0, 0, 0, 0, 0, 0, 0, 0, 0, 0, 0, 0, 0, 0, 0, 0, 0, 0, 0, 0, 0, 0, 0]]
H123-compact:
([1, 1, 1, 13, 35, 14, 10, 16, 13, 4, 6, 1, 1, 1, 27, 1, 2, 3, 1, 6, 2, 2, 2, 3, 2, 5, 2], ['h1', 'h3', 'h2', 'h1', 'h1', 'h1', 'h1', 'h1', 'h1', 'h2', 'h2', 'h2', 'h2', 'h2', 'h2', 'h2', 'h2', 'h2', 'h2', 'h2', 'h2', 'h2', 'h2', 'h2', 'h2', 'h2', 'h2'])
H123:
[[1, 0, 0, 13, 35, 14, 10, 16, 13, 0, 0, 0, 0, 0, 0, 0, 0, 0, 0, 0, 0, 0, 0, 0, 0, 0, 0], [0, 0, 1, 0, 0, 0, 0, 0, 0, 4, 6, 1, 1, 1, 27, 1, 2, 3, 1, 6, 2, 2, 2, 3, 2, 5, 2], [0, 1, 0, 0, 0, 0, 0, 0, 0, 0, 0, 0, 0, 0, 0, 0, 0, 0, 0, 0, 0, 0, 0, 0, 0, 0, 0]]
H123-compact:
([1, 1, 1, 17, 18, 31, 8, 15, 12, 1, 3, 6, 1, 1, 1, 2, 26, 2, 1, 2, 2, 2, 3, 2, 5, 2, 6], ['h1', 'h3', 'h2', 'h1', 'h1', 'h1', 'h1', 'h1', 'h1', 'h2', 'h2', 'h2', 'h2', 'h2', 'h2', 'h2', 'h2', 'h2', 'h2', 'h2', 'h2', 'h2', 'h2', 'h2', 'h2', 'h2', 'h2'])
H123:
[[1, 0, 0, 17, 18, 31, 8, 15, 12, 0, 0, 0, 0, 0, 0, 0, 0, 0, 0, 0, 0, 0, 0, 0, 0, 0, 0], [0, 0, 1, 0, 0, 0, 0, 0, 0, 1, 3, 6, 1, 1, 1, 2, 26, 2, 1, 2, 2, 2, 3, 2, 5, 2, 6], [0, 1, 0, 0, 0, 0, 0, 0, 0, 0, 0, 0, 0, 0, 0, 0, 0, 0, 0, 0, 0, 0, 0, 0, 0, 0, 0]]
H123-compact:
([1, 1, 1, 42, 11, 21, 15, 12, 4, 6, 1, 1, 1, 27, 2, 1, 2, 1, 5, 2, 2, 2, 3, 2, 5, 2], ['h1', 'h3', 'h2', 'h1', 'h1', 'h1', 'h1', 'h1', 'h2', 'h2', 'h2', 'h2', 'h2', 'h2', 'h2', 'h2', 'h2', 'h2', 'h2', 'h2', 'h2', 'h2', 'h2', 'h2', 'h2', 'h2'])
H123:
[[1, 0, 0, 42, 11, 21, 15, 12, 0, 0, 0, 0, 0, 0, 0, 0, 0, 0, 0, 0, 0, 0, 0, 0, 0, 0], [0, 0, 1, 0, 0, 0, 0, 0, 4, 6, 1, 1, 1, 27, 2, 1, 2, 1, 5, 2, 2, 2, 3, 2, 5, 2], [0, 1, 0, 0, 0, 0, 0, 0, 0, 0, 0, 0, 0, 0, 0, 0, 0, 0, 0, 0, 0, 0, 0, 0, 0, 0]]
H123-compact:
([1, 1, 1, 36, 13, 14, 16, 11, 11, 1, 3, 6, 1, 2, 1, 1, 25, 2, 1, 6, 2, 2, 2, 3, 3, 5, 2], ['h1', 'h3', 'h2', 'h1', 'h1', 'h1', 'h1', 'h1', 'h1', 'h2', 'h2', 'h2', 'h2', 'h2', 'h2', 'h2', 'h2', 'h2', 'h2', 'h2', 'h2', 'h2', 'h2', 'h2', 'h2', 'h2', 'h2'])
H123:
[[1, 0, 0, 36, 13, 14, 16, 11, 11, 0, 0, 0, 0, 0, 0, 0, 0, 0, 0, 0, 0, 0, 0, 0, 0, 0, 0], [0, 0, 1, 0, 0, 0, 0, 0, 0, 1, 3, 6, 1, 2, 1, 1, 25, 2, 1, 6, 2, 2, 2, 3, 3, 5, 2], [0, 1, 0, 0, 0, 0, 0, 0, 0, 0, 0, 0, 0, 0, 0, 0, 0, 0, 0, 0, 0, 0, 0, 0, 0, 0, 0]]

