H123-compact:
([1, 1, 7, 5, 21, 1, 6, 2], ['h1', 'h3', 'h2', 'h2', 'h3', 'h3', 'h2', 'h2'])
H123:
[[1, 0, 0, 0, 0, 0, 0, 0], [0, 0, 7, 5, 0, 0, 6, 2], [0, 1, 0, 0, 21, 1, 0, 0]]
H123-compact:
([1, 1, 8, 3, 20, 1, 6, 2], ['h1', 'h3', 'h2', 'h2', 'h3', 'h3', 'h2', 'h2'])
H123:
[[1, 0, 0, 0, 0, 0, 0, 0], [0, 0, 8, 3, 0, 0, 6, 2], [0, 1, 0, 0, 20, 1, 0, 0]]
H123-compact:
([1, 1, 7, 4, 21, 1, 6, 2], ['h1', 'h3', 'h2', 'h2', 'h3', 'h3', 'h2', 'h2'])
H123:
[[1, 0, 0, 0, 0, 0, 0, 0], [0, 0, 7, 4, 0, 0, 6, 2], [0, 1, 0, 0, 21, 1, 0, 0]]
H123-compact:
([1, 1, 7, 4, 21, 1, 6, 2], ['h1', 'h3', 'h2', 'h2', 'h3', 'h3', 'h2', 'h2'])
H123:
[[1, 0, 0, 0, 0, 0, 0, 0], [0, 0, 7, 4, 0, 0, 6, 2], [0, 1, 0, 0, 21, 1, 0, 0]]
H123-compact:
([1, 1, 7, 4, 21, 1, 6, 2], ['h1', 'h3', 'h2', 'h2', 'h3', 'h3', 'h2', 'h2'])
H123:
[[1, 0, 0, 0, 0, 0, 0, 0], [0, 0, 7, 4, 0, 0, 6, 2], [0, 1, 0, 0, 21, 1, 0, 0]]
H123-compact:
([1, 1, 8, 4, 20, 1, 6, 2], ['h1', 'h3', 'h2', 'h2', 'h3', 'h3', 'h2', 'h2'])
H123:
[[1, 0, 0, 0, 0, 0, 0, 0], [0, 0, 8, 4, 0, 0, 6, 2], [0, 1, 0, 0, 20, 1, 0, 0]]
H123-compact:
([1, 1, 7, 4, 21, 1, 6, 2], ['h1', 'h3', 'h2', 'h2', 'h3', 'h3', 'h2', 'h2'])
H123:
[[1, 0, 0, 0, 0, 0, 0, 0], [0, 0, 7, 4, 0, 0, 6, 2], [0, 1, 0, 0, 21, 1, 0, 0]]
H123-compact:
([1, 1, 7, 4, 21, 1, 6, 2], ['h1', 'h3', 'h2', 'h2', 'h3', 'h3', 'h2', 'h2'])
H123:
[[1, 0, 0, 0, 0, 0, 0, 0], [0, 0, 7, 4, 0, 0, 6, 2], [0, 1, 0, 0, 21, 1, 0, 0]]
H123-compact:
([1, 1, 7, 4, 21, 1, 6, 2], ['h1', 'h3', 'h2', 'h2', 'h3', 'h3', 'h2', 'h2'])
H123:
[[1, 0, 0, 0, 0, 0, 0, 0], [0, 0, 7, 4, 0, 0, 6, 2], [0, 1, 0, 0, 21, 1, 0, 0]]
H123-compact:
([1, 1, 7, 4, 21, 1, 6, 2], ['h1', 'h3', 'h2', 'h2', 'h3', 'h3', 'h2', 'h2'])
H123:
[[1, 0, 0, 0, 0, 0, 0, 0], [0, 0, 7, 4, 0, 0, 6, 2], [0, 1, 0, 0, 21, 1, 0, 0]]
H123-compact:
([1, 1, 7, 5, 21, 1, 6, 2], ['h1', 'h3', 'h2', 'h2', 'h3', 'h3', 'h2', 'h2'])
H123:
[[1, 0, 0, 0, 0, 0, 0, 0], [0, 0, 7, 5, 0, 0, 6, 2], [0, 1, 0, 0, 21, 1, 0, 0]]
H123-compact:
([1, 1, 7, 4, 21, 1, 6, 2], ['h1', 'h3', 'h2', 'h2', 'h3', 'h3', 'h2', 'h2'])
H123:
[[1, 0, 0, 0, 0, 0, 0, 0], [0, 0, 7, 4, 0, 0, 6, 2], [0, 1, 0, 0, 21, 1, 0, 0]]
H123-compact:
([1, 1, 7, 4, 21, 1, 6, 2], ['h1', 'h3', 'h2', 'h2', 'h3', 'h3', 'h2', 'h2'])
H123:
[[1, 0, 0, 0, 0, 0, 0, 0], [0, 0, 7, 4, 0, 0, 6, 2], [0, 1, 0, 0, 21, 1, 0, 0]]
H123-compact:
([1, 1, 8, 5, 20, 1, 6, 2], ['h1', 'h3', 'h2', 'h2', 'h3', 'h3', 'h2', 'h2'])
H123:
[[1, 0, 0, 0, 0, 0, 0, 0], [0, 0, 8, 5, 0, 0, 6, 2], [0, 1, 0, 0, 20, 1, 0, 0]]
H123-compact:
([1, 1, 8, 3, 20, 1, 5], ['h1', 'h3', 'h2', 'h2', 'h3', 'h3', 'h2'])
H123:
[[1, 0, 0, 0, 0, 0, 0], [0, 0, 8, 3, 0, 0, 5], [0, 1, 0, 0, 20, 1, 0]]
H123-compact:
([1, 1, 8, 3, 20, 1, 6], ['h1', 'h3', 'h2', 'h2', 'h3', 'h3', 'h2'])
H123:
[[1, 0, 0, 0, 0, 0, 0], [0, 0, 8, 3, 0, 0, 6], [0, 1, 0, 0, 20, 1, 0]]
H123-compact:
([1, 1, 7, 4, 21, 1, 6, 2], ['h1', 'h3', 'h2', 'h2', 'h3', 'h3', 'h2', 'h2'])
H123:
[[1, 0, 0, 0, 0, 0, 0, 0], [0, 0, 7, 4, 0, 0, 6, 2], [0, 1, 0, 0, 21, 1, 0, 0]]
H123-compact:
([1, 1, 8, 4, 20, 1, 6], ['h1', 'h3', 'h2', 'h2', 'h3', 'h3', 'h2'])
H123:
[[1, 0, 0, 0, 0, 0, 0], [0, 0, 8, 4, 0, 0, 6], [0, 1, 0, 0, 20, 1, 0]]
H123-compact:
([1, 1, 7, 3, 21, 1, 6, 2], ['h1', 'h3', 'h2', 'h2', 'h3', 'h3', 'h2', 'h2'])
H123:
[[1, 0, 0, 0, 0, 0, 0, 0], [0, 0, 7, 3, 0, 0, 6, 2], [0, 1, 0, 0, 21, 1, 0, 0]]
H123-compact:
([1, 1, 7, 4, 21, 1, 6, 2], ['h1', 'h3', 'h2', 'h2', 'h3', 'h3', 'h2', 'h2'])
H123:
[[1, 0, 0, 0, 0, 0, 0, 0], [0, 0, 7, 4, 0, 0, 6, 2], [0, 1, 0, 0, 21, 1, 0, 0]]

