H123-compact:
([1, 1, 1, 43, 5], ['h1', 'h3', 'h2', 'h2', 'h2'])
H123:
[[1, 0, 0, 0, 0], [0, 0, 1, 43, 5], [0, 1, 0, 0, 0]]
H123-compact:
([1, 1, 1, 44, 6], ['h1', 'h3', 'h2', 'h2', 'h2'])
H123:
[[1, 0, 0, 0, 0], [0, 0, 1, 44, 6], [0, 1, 0, 0, 0]]
H123-compact:
([1, 1, 1, 46, 6], ['h1', 'h3', 'h2', 'h2', 'h2'])
H123:
[[1, 0, 0, 0, 0], [0, 0, 1, 46, 6], [0, 1, 0, 0, 0]]
H123-compact:
([1, 1, 1, 45, 6], ['h1', 'h3', 'h2', 'h2', 'h2'])
H123:
[[1, 0, 0, 0, 0], [0, 0, 1, 45, 6], [0, 1, 0, 0, 0]]
H123-compact:
([1, 1, 1, 45, 6], ['h1', 'h3', 'h2', 'h2', 'h2'])
H123:
[[1, 0, 0, 0, 0], [0, 0, 1, 45, 6], [0, 1, 0, 0, 0]]
H123-compact:
([1, 1, 1, 44, 6], ['h1', 'h3', 'h2', 'h2', 'h2'])
H123:
[[1, 0, 0, 0, 0], [0, 0, 1, 44, 6], [0, 1, 0, 0, 0]]
H123-compact:
([1, 1, 1, 42, 6, 2], ['h1', 'h3', 'h2', 'h2', 'h2', 'h2'])
H123:
[[1, 0, 0, 0, 0, 0], [0, 0, 1, 42, 6, 2], [0, 1, 0, 0, 0, 0]]
H123-compact:
([1, 1, 1, 43, 6], ['h1', 'h3', 'h2', 'h2', 'h2'])
H123:
[[1, 0, 0, 0, 0], [0, 0, 1, 43, 6], [0, 1, 0, 0, 0]]
H123-compact:
([1, 1, 1, 44, 6, 2], ['h1', 'h3', 'h2', 'h2', 'h2', 'h2'])
H123:
[[1, 0, 0, 0, 0, 0], [0, 0, 1, 44, 6, 2], [0, 1, 0, 0, 0, 0]]
H123-compact:
([1, 1, 1, 46, 6], ['h1', 'h3', 'h2', 'h2', 'h2'])
H123:
[[1, 0, 0, 0, 0], [0, 0, 1, 46, 6], [0, 1, 0, 0, 0]]
H123-compact:
([1, 1, 1, 41, 6], ['h1', 'h3', 'h2', 'h2', 'h2'])
H123:
[[1, 0, 0, 0, 0], [0, 0, 1, 41, 6], [0, 1, 0, 0, 0]]
H123-compact:
([1, 1, 1, 45, 6], ['h1', 'h3', 'h2', 'h2', 'h2'])
H123:
[[1, 0, 0, 0, 0], [0, 0, 1, 45, 6], [0, 1, 0, 0, 0]]
H123-compact:
([1, 1, 1, 45, 6], ['h1', 'h3', 'h2', 'h2', 'h2'])
H123:
[[1, 0, 0, 0, 0], [0, 0, 1, 45, 6], [0, 1, 0, 0, 0]]
H123-compact:
([1, 1, 1, 44, 6], ['h1', 'h3', 'h2', 'h2', 'h2'])
H123:
[[1, 0, 0, 0, 0], [0, 0, 1, 44, 6], [0, 1, 0, 0, 0]]
H123-compact:
([1, 1, 1, 44, 6], ['h1', 'h3', 'h2', 'h2', 'h2'])
H123:
[[1, 0, 0, 0, 0], [0, 0, 1, 44, 6], [0, 1, 0, 0, 0]]
H123-compact:
([1, 1, 1, 44, 6, 1], ['h1', 'h3', 'h2', 'h2', 'h2', 'h1'])
H123:
[[1, 0, 0, 0, 0, 1], [0, 0, 1, 44, 6, 0], [0, 1, 0, 0, 0, 0]]
H123-compact:
([1, 1, 1, 44, 6], ['h1', 'h3', 'h2', 'h2', 'h2'])
H123:
[[1, 0, 0, 0, 0], [0, 0, 1, 44, 6], [0, 1, 0, 0, 0]]
H123-compact:
([1, 1, 1, 45, 6], ['h1', 'h3', 'h2', 'h2', 'h2'])
H123:
[[1, 0, 0, 0, 0], [0, 0, 1, 45, 6], [0, 1, 0, 0, 0]]
H123-compact:
([1, 1, 1, 43, 6], ['h1', 'h3', 'h2', 'h2', 'h2'])
H123:
[[1, 0, 0, 0, 0], [0, 0, 1, 43, 6], [0, 1, 0, 0, 0]]
H123-compact:
([1, 1, 1, 47, 6], ['h1', 'h3', 'h2', 'h2', 'h2'])
H123:
[[1, 0, 0, 0, 0], [0, 0, 1, 47, 6], [0, 1, 0, 0, 0]]

