H123-compact:
([1, 1, 1, 10, 16, 3, 38, 1, 1, 2, 1, 2, 6, 1, 1, 1, 2], ['h1', 'h3', 'h2', 'h2', 'h3', 'h2', 'h3', 'h2', 'h3', 'h2', 'h3', 'h2', 'h2', 'h3', 'h3', 'h2', 'h2'])
H123:
[[1, 0, 0, 0, 0, 0, 0, 0, 0, 0, 0, 0, 0, 0, 0, 0, 0], [0, 0, 1, 10, 0, 3, 0, 1, 0, 2, 0, 2, 6, 0, 0, 1, 2], [0, 1, 0, 0, 16, 0, 38, 0, 1, 0, 1, 0, 0, 1, 1, 0, 0]]
H123-compact:
([1, 1, 1, 10, 16, 3, 38, 1, 1, 2, 5, 1, 2, 2, 1, 1, 2], ['h1', 'h3', 'h2', 'h2', 'h3', 'h2', 'h3', 'h2', 'h3', 'h2', 'h2', 'h3', 'h2', 'h3', 'h3', 'h2', 'h2'])
H123:
[[1, 0, 0, 0, 0, 0, 0, 0, 0, 0, 0, 0, 0, 0, 0, 0, 0], [0, 0, 1, 10, 0, 3, 0, 1, 0, 2, 5, 0, 2, 0, 0, 1, 2], [0, 1, 0, 0, 16, 0, 38, 0, 1, 0, 0, 1, 0, 2, 1, 0, 0]]
H123-compact:
([1, 1, 1, 9, 15, 3, 38, 1, 6, 1, 2, 1, 2, 1, 1, 1, 2], ['h1', 'h3', 'h2', 'h2', 'h3', 'h2', 'h3', 'h2', 'h2', 'h3', 'h2', 'h3', 'h2', 'h2', 'h3', 'h2', 'h2'])
H123:
[[1, 0, 0, 0, 0, 0, 0, 0, 0, 0, 0, 0, 0, 0, 0, 0, 0], [0, 0, 1, 9, 0, 3, 0, 1, 6, 0, 2, 0, 2, 1, 0, 1, 2], [0, 1, 0, 0, 15, 0, 38, 0, 0, 1, 0, 1, 0, 0, 1, 0, 0]]
H123-compact:
([1, 1, 1, 7, 13, 3, 38, 1, 1, 2, 2, 5, 1, 1, 1, 1, 2, 1, 2], ['h1', 'h3', 'h2', 'h2', 'h3', 'h2', 'h3', 'h2', 'h3', 'h2', 'h3', 'h2', 'h3', 'h1', 'h2', 'h2', 'h3', 'h2', 'h2'])
H123:
[[1, 0, 0, 0, 0, 0, 0, 0, 0, 0, 0, 0, 0, 1, 0, 0, 0, 0, 0], [0, 0, 1, 7, 0, 3, 0, 1, 0, 2, 0, 5, 0, 0, 1, 1, 0, 1, 2], [0, 1, 0, 0, 13, 0, 38, 0, 1, 0, 2, 0, 1, 0, 0, 0, 2, 0, 0]]
H123-compact:
([1, 1, 1, 9, 16, 3, 38, 1, 1, 2, 2, 5, 1, 3, 6, 1, 1, 2], ['h1', 'h3', 'h2', 'h2', 'h3', 'h2', 'h3', 'h2', 'h3', 'h2', 'h3', 'h2', 'h3', 'h2', 'h2', 'h3', 'h2', 'h2'])
H123:
[[1, 0, 0, 0, 0, 0, 0, 0, 0, 0, 0, 0, 0, 0, 0, 0, 0, 0], [0, 0, 1, 9, 0, 3, 0, 1, 0, 2, 0, 5, 0, 3, 6, 0, 1, 2], [0, 1, 0, 0, 16, 0, 38, 0, 1, 0, 2, 0, 1, 0, 0, 1, 0, 0]]
H123-compact:
([1, 1, 1, 9, 12, 3, 38, 1, 1, 2, 1, 1, 1, 2, 6, 1, 2], ['h1', 'h3', 'h2', 'h2', 'h3', 'h2', 'h3', 'h2', 'h3', 'h2', 'h3', 'h2', 'h2', 'h3', 'h2', 'h2', 'h2'])
H123:
[[1, 0, 0, 0, 0, 0, 0, 0, 0, 0, 0, 0, 0, 0, 0, 0, 0], [0, 0, 1, 9, 0, 3, 0, 1, 0, 2, 0, 1, 1, 0, 6, 1, 2], [0, 1, 0, 0, 12, 0, 38, 0, 1, 0, 1, 0, 0, 2, 0, 0, 0]]
H123-compact:
([1, 1, 1, 10, 16, 3, 41, 1, 6, 1, 2, 2, 1, 1, 2, 1, 2], ['h1', 'h3', 'h2', 'h2', 'h3', 'h2', 'h3', 'h2', 'h2', 'h3', 'h3', 'h2', 'h3', 'h2', 'h3', 'h2', 'h2'])
H123:
[[1, 0, 0, 0, 0, 0, 0, 0, 0, 0, 0, 0, 0, 0, 0, 0, 0], [0, 0, 1, 10, 0, 3, 0, 1, 6, 0, 0, 2, 0, 1, 0, 1, 2], [0, 1, 0, 0, 16, 0, 41, 0, 0, 1, 2, 0, 1, 0, 2, 0, 0]]
H123-compact:
([1, 1, 1, 8, 14, 3, 1, 38, 1, 2, 6, 1, 2, 1, 1, 2], ['h1', 'h3', 'h2', 'h2', 'h3', 'h2', 'h2', 'h3', 'h3', 'h2', 'h2', 'h3', 'h2', 'h3', 'h2', 'h2'])
H123:
[[1, 0, 0, 0, 0, 0, 0, 0, 0, 0, 0, 0, 0, 0, 0, 0], [0, 0, 1, 8, 0, 3, 1, 0, 0, 2, 6, 0, 2, 0, 1, 2], [0, 1, 0, 0, 14, 0, 0, 38, 1, 0, 0, 1, 0, 1, 0, 0]]
H123-compact:
([1, 1, 1, 9, 15, 3, 1, 39, 6, 1, 2, 1, 2, 1, 1, 1, 2], ['h1', 'h3', 'h2', 'h2', 'h3', 'h2', 'h2', 'h3', 'h2', 'h3', 'h2', 'h3', 'h2', 'h2', 'h3', 'h2', 'h2'])
H123:
[[1, 0, 0, 0, 0, 0, 0, 0, 0, 0, 0, 0, 0, 0, 0, 0, 0], [0, 0, 1, 9, 0, 3, 1, 0, 6, 0, 2, 0, 2, 1, 0, 1, 2], [0, 1, 0, 0, 15, 0, 0, 39, 0, 1, 0, 1, 0, 0, 1, 0, 0]]
H123-compact:
([1, 1, 1, 10, 12, 3, 1, 38, 6, 1, 2, 1, 1, 1, 2, 1, 2], ['h1', 'h3', 'h2', 'h2', 'h3', 'h2', 'h2', 'h3', 'h2', 'h3', 'h2', 'h3', 'h2', 'h2', 'h3', 'h2', 'h2'])
H123:
[[1, 0, 0, 0, 0, 0, 0, 0, 0, 0, 0, 0, 0, 0, 0, 0, 0], [0, 0, 1, 10, 0, 3, 1, 0, 6, 0, 2, 0, 1, 1, 0, 1, 2], [0, 1, 0, 0, 12, 0, 0, 38, 0, 1, 0, 1, 0, 0, 2, 0, 0]]
H123-compact:
([1, 1, 1, 9, 12, 3, 1, 38, 5, 1, 2, 2, 1, 2, 2, 1, 1, 2], ['h1', 'h3', 'h2', 'h2', 'h3', 'h2', 'h2', 'h3', 'h2', 'h3', 'h2', 'h3', 'h3', 'h2', 'h2', 'h3', 'h2', 'h2'])
H123:
[[1, 0, 0, 0, 0, 0, 0, 0, 0, 0, 0, 0, 0, 0, 0, 0, 0, 0], [0, 0, 1, 9, 0, 3, 1, 0, 5, 0, 2, 0, 0, 2, 2, 0, 1, 2], [0, 1, 0, 0, 12, 0, 0, 38, 0, 1, 0, 2, 1, 0, 0, 1, 0, 0]]
H123-compact:
([1, 1, 1, 9, 18, 3, 1, 38, 5, 1, 2, 2, 1, 1, 2, 1, 2], ['h1', 'h3', 'h2', 'h2', 'h3', 'h2', 'h2', 'h3', 'h2', 'h3', 'h2', 'h3', 'h3', 'h2', 'h3', 'h2', 'h2'])
H123:
[[1, 0, 0, 0, 0, 0, 0, 0, 0, 0, 0, 0, 0, 0, 0, 0, 0], [0, 0, 1, 9, 0, 3, 1, 0, 5, 0, 2, 0, 0, 1, 0, 1, 2], [0, 1, 0, 0, 18, 0, 0, 38, 0, 1, 0, 2, 1, 0, 2, 0, 0]]
H123-compact:
([1, 1, 1, 10, 11, 3, 38, 1, 1, 2, 1, 6, 2, 1, 1, 1, 2], ['h1', 'h3', 'h2', 'h2', 'h3', 'h2', 'h3', 'h2', 'h3', 'h2', 'h3', 'h2', 'h2', 'h2', 'h3', 'h2', 'h2'])
H123:
[[1, 0, 0, 0, 0, 0, 0, 0, 0, 0, 0, 0, 0, 0, 0, 0, 0], [0, 0, 1, 10, 0, 3, 0, 1, 0, 2, 0, 6, 2, 1, 0, 1, 2], [0, 1, 0, 0, 11, 0, 38, 0, 1, 0, 1, 0, 0, 0, 1, 0, 0]]
H123-compact:
([1, 1, 1, 9, 13, 3, 38, 1, 1, 2, 1, 8, 1, 1, 2, 1, 2], ['h1', 'h3', 'h2', 'h2', 'h3', 'h2', 'h3', 'h2', 'h3', 'h2', 'h3', 'h2', 'h2', 'h2', 'h3', 'h2', 'h2'])
H123:
[[1, 0, 0, 0, 0, 0, 0, 0, 0, 0, 0, 0, 0, 0, 0, 0, 0], [0, 0, 1, 9, 0, 3, 0, 1, 0, 2, 0, 8, 1, 1, 0, 1, 2], [0, 1, 0, 0, 13, 0, 38, 0, 1, 0, 1, 0, 0, 0, 2, 0, 0]]
H123-compact:
([1, 1, 2, 12, 12, 3, 38, 1, 1, 2, 1, 6, 1, 3, 1, 2], ['h1', 'h3', 'h2', 'h2', 'h3', 'h2', 'h3', 'h2', 'h3', 'h2', 'h3', 'h2', 'h2', 'h3', 'h2', 'h2'])
H123:
[[1, 0, 0, 0, 0, 0, 0, 0, 0, 0, 0, 0, 0, 0, 0, 0], [0, 0, 2, 12, 0, 3, 0, 1, 0, 2, 0, 6, 1, 0, 1, 2], [0, 1, 0, 0, 12, 0, 38, 0, 1, 0, 1, 0, 0, 3, 0, 0]]
H123-compact:
([1, 1, 1, 8, 12, 3, 39, 1, 1, 2, 2, 6, 1, 2, 2, 2, 1, 2], ['h1', 'h3', 'h2', 'h2', 'h3', 'h2', 'h3', 'h2', 'h3', 'h3', 'h2', 'h2', 'h3', 'h2', 'h3', 'h3', 'h2', 'h2'])
H123:
[[1, 0, 0, 0, 0, 0, 0, 0, 0, 0, 0, 0, 0, 0, 0, 0, 0, 0], [0, 0, 1, 8, 0, 3, 0, 1, 0, 0, 2, 6, 0, 2, 0, 0, 1, 2], [0, 1, 0, 0, 12, 0, 39, 0, 1, 2, 0, 0, 1, 0, 2, 2, 0, 0]]
H123-compact:
([1, 1, 1, 8, 14, 3, 39, 1, 5, 1, 2, 2, 1, 1, 1, 3, 1, 2], ['h1', 'h3', 'h2', 'h2', 'h3', 'h2', 'h3', 'h2', 'h2', 'h3', 'h2', 'h3', 'h3', 'h2', 'h2', 'h3', 'h2', 'h2'])
H123:
[[1, 0, 0, 0, 0, 0, 0, 0, 0, 0, 0, 0, 0, 0, 0, 0, 0, 0], [0, 0, 1, 8, 0, 3, 0, 1, 5, 0, 2, 0, 0, 1, 1, 0, 1, 2], [0, 1, 0, 0, 14, 0, 39, 0, 0, 1, 0, 2, 1, 0, 0, 3, 0, 0]]
H123-compact:
([1, 1, 1, 7, 14, 3, 38, 1, 7, 1, 2, 1, 1, 3, 1, 2], ['h1', 'h3', 'h2', 'h2', 'h3', 'h2', 'h3', 'h2', 'h2', 'h3', 'h2', 'h3', 'h2', 'h3', 'h2', 'h2'])
H123:
[[1, 0, 0, 0, 0, 0, 0, 0, 0, 0, 0, 0, 0, 0, 0, 0], [0, 0, 1, 7, 0, 3, 0, 1, 7, 0, 2, 0, 1, 0, 1, 2], [0, 1, 0, 0, 14, 0, 38, 0, 0, 1, 0, 1, 0, 3, 0, 0]]
H123-compact:
([1, 1, 1, 8, 13, 3, 39, 1, 5, 1, 2, 1, 2, 7, 1, 1, 2], ['h1', 'h3', 'h2', 'h2', 'h3', 'h2', 'h3', 'h2', 'h2', 'h3', 'h2', 'h3', 'h2', 'h2', 'h3', 'h2', 'h2'])
H123:
[[1, 0, 0, 0, 0, 0, 0, 0, 0, 0, 0, 0, 0, 0, 0, 0, 0], [0, 0, 1, 8, 0, 3, 0, 1, 5, 0, 2, 0, 2, 7, 0, 1, 2], [0, 1, 0, 0, 13, 0, 39, 0, 0, 1, 0, 1, 0, 0, 1, 0, 0]]
H123-compact:
([1, 1, 1, 10, 11, 3, 1, 38, 1, 2, 1, 1, 2, 6, 1, 2], ['h1', 'h3', 'h2', 'h2', 'h3', 'h2', 'h2', 'h3', 'h3', 'h2', 'h3', 'h2', 'h3', 'h2', 'h2', 'h2'])
H123:
[[1, 0, 0, 0, 0, 0, 0, 0, 0, 0, 0, 0, 0, 0, 0, 0], [0, 0, 1, 10, 0, 3, 1, 0, 0, 2, 0, 1, 0, 6, 1, 2], [0, 1, 0, 0, 11, 0, 0, 38, 1, 0, 1, 0, 2, 0, 0, 0]]

