H123-compact:
([1, 1, 1, 13, 3, 5, 1, 2, 2, 1, 2], ['h1', 'h3', 'h2', 'h2', 'h1', 'h2', 'h2', 'h1', 'h2', 'h2', 'h2'])
H123:
[[1, 0, 0, 0, 3, 0, 0, 2, 0, 0, 0], [0, 0, 1, 13, 0, 5, 1, 0, 2, 1, 2], [0, 1, 0, 0, 0, 0, 0, 0, 0, 0, 0]]
H123-compact:
([1, 1, 1, 11, 3, 1, 6, 2, 2, 1, 2], ['h1', 'h3', 'h2', 'h2', 'h1', 'h2', 'h2', 'h1', 'h2', 'h2', 'h2'])
H123:
[[1, 0, 0, 0, 3, 0, 0, 2, 0, 0, 0], [0, 0, 1, 11, 0, 1, 6, 0, 2, 1, 2], [0, 1, 0, 0, 0, 0, 0, 0, 0, 0, 0]]
H123-compact:
([1, 1, 1, 13, 3, 1, 6, 2, 2, 1, 2], ['h1', 'h3', 'h2', 'h2', 'h1', 'h2', 'h2', 'h2', 'h1', 'h2', 'h2'])
H123:
[[1, 0, 0, 0, 3, 0, 0, 0, 2, 0, 0], [0, 0, 1, 13, 0, 1, 6, 2, 0, 1, 2], [0, 1, 0, 0, 0, 0, 0, 0, 0, 0, 0]]
H123-compact:
([1, 1, 1, 13, 3, 1, 6, 2, 3, 1], ['h1', 'h3', 'h2', 'h2', 'h1', 'h2', 'h2', 'h1', 'h2', 'h2'])
H123:
[[1, 0, 0, 0, 3, 0, 0, 2, 0, 0], [0, 0, 1, 13, 0, 1, 6, 0, 3, 1], [0, 1, 0, 0, 0, 0, 0, 0, 0, 0]]
H123-compact:
([1, 1, 1, 12, 3, 1, 2, 2, 6, 1, 2], ['h1', 'h3', 'h2', 'h2', 'h1', 'h2', 'h1', 'h2', 'h2', 'h2', 'h2'])
H123:
[[1, 0, 0, 0, 3, 0, 2, 0, 0, 0, 0], [0, 0, 1, 12, 0, 1, 0, 2, 6, 1, 2], [0, 1, 0, 0, 0, 0, 0, 0, 0, 0, 0]]
H123-compact:
([1, 1, 1, 13, 3, 1, 5, 2, 2, 1, 2], ['h1', 'h3', 'h2', 'h2', 'h1', 'h2', 'h2', 'h1', 'h2', 'h2', 'h2'])
H123:
[[1, 0, 0, 0, 3, 0, 0, 2, 0, 0, 0], [0, 0, 1, 13, 0, 1, 5, 0, 2, 1, 2], [0, 1, 0, 0, 0, 0, 0, 0, 0, 0, 0]]
H123-compact:
([1, 1, 1, 12, 3, 6, 1, 2, 2, 1, 2], ['h1', 'h3', 'h2', 'h2', 'h1', 'h2', 'h2', 'h2', 'h1', 'h2', 'h2'])
H123:
[[1, 0, 0, 0, 3, 0, 0, 0, 2, 0, 0], [0, 0, 1, 12, 0, 6, 1, 2, 0, 1, 2], [0, 1, 0, 0, 0, 0, 0, 0, 0, 0, 0]]
H123-compact:
([1, 1, 1, 13, 3, 1, 6, 2, 2, 1], ['h1', 'h3', 'h2', 'h2', 'h1', 'h2', 'h2', 'h1', 'h2', 'h2'])
H123:
[[1, 0, 0, 0, 3, 0, 0, 2, 0, 0], [0, 0, 1, 13, 0, 1, 6, 0, 2, 1], [0, 1, 0, 0, 0, 0, 0, 0, 0, 0]]
H123-compact:
([1, 1, 1, 12, 3, 1, 2, 2, 1, 6], ['h1', 'h3', 'h2', 'h2', 'h1', 'h2', 'h1', 'h2', 'h2', 'h2'])
H123:
[[1, 0, 0, 0, 3, 0, 2, 0, 0, 0], [0, 0, 1, 12, 0, 1, 0, 2, 1, 6], [0, 1, 0, 0, 0, 0, 0, 0, 0, 0]]
H123-compact:
([1, 1, 1, 12, 3, 1, 1, 5, 2, 2, 1], ['h1', 'h3', 'h2', 'h2', 'h1', 'h2', 'h1', 'h2', 'h1', 'h2', 'h2'])
H123:
[[1, 0, 0, 0, 3, 0, 1, 0, 2, 0, 0], [0, 0, 1, 12, 0, 1, 0, 5, 0, 2, 1], [0, 1, 0, 0, 0, 0, 0, 0, 0, 0, 0]]
H123-compact:
([1, 1, 1, 12, 3, 1, 5, 2, 2, 1], ['h1', 'h3', 'h2', 'h2', 'h1', 'h2', 'h2', 'h2', 'h1', 'h2'])
H123:
[[1, 0, 0, 0, 3, 0, 0, 0, 2, 0], [0, 0, 1, 12, 0, 1, 5, 2, 0, 1], [0, 1, 0, 0, 0, 0, 0, 0, 0, 0]]
H123-compact:
([1, 1, 1, 13, 3, 1, 6, 2, 2, 1, 2], ['h1', 'h3', 'h2', 'h2', 'h1', 'h2', 'h2', 'h2', 'h1', 'h2', 'h2'])
H123:
[[1, 0, 0, 0, 3, 0, 0, 0, 2, 0, 0], [0, 0, 1, 13, 0, 1, 6, 2, 0, 1, 2], [0, 1, 0, 0, 0, 0, 0, 0, 0, 0, 0]]
H123-compact:
([1, 1, 1, 13, 3, 1, 2, 2, 1, 6, 2], ['h1', 'h3', 'h2', 'h2', 'h1', 'h2', 'h1', 'h2', 'h2', 'h2', 'h2'])
H123:
[[1, 0, 0, 0, 3, 0, 2, 0, 0, 0, 0], [0, 0, 1, 13, 0, 1, 0, 2, 1, 6, 2], [0, 1, 0, 0, 0, 0, 0, 0, 0, 0, 0]]
H123-compact:
([1, 1, 1, 11, 3, 1, 6, 2, 2, 1, 2], ['h1', 'h3', 'h2', 'h2', 'h1', 'h2', 'h2', 'h1', 'h2', 'h2', 'h2'])
H123:
[[1, 0, 0, 0, 3, 0, 0, 2, 0, 0, 0], [0, 0, 1, 11, 0, 1, 6, 0, 2, 1, 2], [0, 1, 0, 0, 0, 0, 0, 0, 0, 0, 0]]
H123-compact:
([1, 1, 1, 13, 3, 1, 2, 2, 1, 6], ['h1', 'h3', 'h2', 'h2', 'h1', 'h2', 'h2', 'h1', 'h2', 'h2'])
H123:
[[1, 0, 0, 0, 3, 0, 0, 2, 0, 0], [0, 0, 1, 13, 0, 1, 2, 0, 1, 6], [0, 1, 0, 0, 0, 0, 0, 0, 0, 0]]
H123-compact:
([1, 1, 1, 12, 3, 1, 5, 2, 2, 1, 2], ['h1', 'h3', 'h2', 'h2', 'h1', 'h2', 'h2', 'h2', 'h1', 'h2', 'h2'])
H123:
[[1, 0, 0, 0, 3, 0, 0, 0, 2, 0, 0], [0, 0, 1, 12, 0, 1, 5, 2, 0, 1, 2], [0, 1, 0, 0, 0, 0, 0, 0, 0, 0, 0]]
H123-compact:
([1, 1, 1, 13, 3, 1, 6, 2, 2, 1], ['h1', 'h2', 'h3', 'h2', 'h1', 'h2', 'h2', 'h1', 'h2', 'h2'])
H123:
[[1, 0, 0, 0, 3, 0, 0, 2, 0, 0], [0, 1, 0, 13, 0, 1, 6, 0, 2, 1], [0, 0, 1, 0, 0, 0, 0, 0, 0, 0]]
H123-compact:
([1, 1, 1, 12, 3, 1, 2, 2, 6, 1], ['h1', 'h3', 'h2', 'h2', 'h1', 'h2', 'h1', 'h2', 'h2', 'h2'])
H123:
[[1, 0, 0, 0, 3, 0, 2, 0, 0, 0], [0, 0, 1, 12, 0, 1, 0, 2, 6, 1], [0, 1, 0, 0, 0, 0, 0, 0, 0, 0]]
H123-compact:
([1, 1, 1, 12, 3, 6, 1, 2, 2, 1, 2], ['h1', 'h3', 'h2', 'h2', 'h1', 'h2', 'h2', 'h2', 'h1', 'h2', 'h2'])
H123:
[[1, 0, 0, 0, 3, 0, 0, 0, 2, 0, 0], [0, 0, 1, 12, 0, 6, 1, 2, 0, 1, 2], [0, 1, 0, 0, 0, 0, 0, 0, 0, 0, 0]]
H123-compact:
([1, 1, 1, 11, 3, 1, 5, 2, 2, 1], ['h1', 'h3', 'h2', 'h2', 'h1', 'h2', 'h2', 'h2', 'h1', 'h2'])
H123:
[[1, 0, 0, 0, 3, 0, 0, 0, 2, 0], [0, 0, 1, 11, 0, 1, 5, 2, 0, 1], [0, 1, 0, 0, 0, 0, 0, 0, 0, 0]]

