H123-compact:
([1, 1, 1, 3, 3, 1, 5, 2, 2, 2, 1, 3, 3, 153, 64, 1, 2, 2, 2, 7, 28, 2, 2, 6, 1, 5, 7, 1, 1, 2, 11, 4, 5, 2], ['h1', 'h3', 'h2', 'h2', 'h2', 'h3', 'h2', 'h2', 'h2', 'h2', 'h2', 'h2', 'h2', 'h3', 'h3', 'h2', 'h2', 'h2', 'h3', 'h3', 'h3', 'h2', 'h2', 'h2', 'h3', 'h2', 'h2', 'h2', 'h2', 'h3', 'h2', 'h2', 'h2', 'h2'])
H123:
[[1, 0, 0, 0, 0, 0, 0, 0, 0, 0, 0, 0, 0, 0, 0, 0, 0, 0, 0, 0, 0, 0, 0, 0, 0, 0, 0, 0, 0, 0, 0, 0, 0, 0], [0, 0, 1, 3, 3, 0, 5, 2, 2, 2, 1, 3, 3, 0, 0, 1, 2, 2, 0, 0, 0, 2, 2, 6, 0, 5, 7, 1, 1, 0, 11, 4, 5, 2], [0, 1, 0, 0, 0, 1, 0, 0, 0, 0, 0, 0, 0, 153, 64, 0, 0, 0, 2, 7, 28, 0, 0, 0, 1, 0, 0, 0, 0, 2, 0, 0, 0, 0]]
H123-compact:
([1, 1, 1, 3, 3, 1, 5, 2, 2, 2, 1, 2, 3, 154, 64, 1, 2, 2, 2, 7, 28, 2, 2, 5, 1, 5, 7, 1, 1, 2, 4, 3, 4, 3, 3, 4, 5, 5, 2], ['h1', 'h3', 'h2', 'h2', 'h2', 'h3', 'h2', 'h2', 'h2', 'h2', 'h2', 'h2', 'h2', 'h3', 'h3', 'h2', 'h2', 'h2', 'h3', 'h3', 'h3', 'h2', 'h2', 'h2', 'h3', 'h2', 'h2', 'h2', 'h2', 'h3', 'h1', 'h1', 'h1', 'h1', 'h1', 'h1', 'h2', 'h2', 'h2'])
H123:
[[1, 0, 0, 0, 0, 0, 0, 0, 0, 0, 0, 0, 0, 0, 0, 0, 0, 0, 0, 0, 0, 0, 0, 0, 0, 0, 0, 0, 0, 0, 4, 3, 4, 3, 3, 4, 0, 0, 0], [0, 0, 1, 3, 3, 0, 5, 2, 2, 2, 1, 2, 3, 0, 0, 1, 2, 2, 0, 0, 0, 2, 2, 5, 0, 5, 7, 1, 1, 0, 0, 0, 0, 0, 0, 0, 5, 5, 2], [0, 1, 0, 0, 0, 1, 0, 0, 0, 0, 0, 0, 0, 154, 64, 0, 0, 0, 2, 7, 28, 0, 0, 0, 1, 0, 0, 0, 0, 2, 0, 0, 0, 0, 0, 0, 0, 0, 0]]
H123-compact:
([1, 1, 1, 3, 3, 1, 5, 2, 2, 2, 1, 2, 1, 3, 2, 153, 64, 1, 2, 2, 7, 28, 2, 2, 1, 5, 7, 1, 1, 2, 4, 3, 4, 3, 3, 4, 5, 2, 2, 6], ['h1', 'h3', 'h2', 'h2', 'h2', 'h3', 'h2', 'h2', 'h2', 'h2', 'h2', 'h2', 'h2', 'h2', 'h2', 'h3', 'h3', 'h2', 'h2', 'h3', 'h3', 'h3', 'h2', 'h2', 'h3', 'h2', 'h2', 'h2', 'h2', 'h3', 'h1', 'h1', 'h1', 'h1', 'h1', 'h1', 'h2', 'h2', 'h2', 'h2'])
H123:
[[1, 0, 0, 0, 0, 0, 0, 0, 0, 0, 0, 0, 0, 0, 0, 0, 0, 0, 0, 0, 0, 0, 0, 0, 0, 0, 0, 0, 0, 0, 4, 3, 4, 3, 3, 4, 0, 0, 0, 0], [0, 0, 1, 3, 3, 0, 5, 2, 2, 2, 1, 2, 1, 3, 2, 0, 0, 1, 2, 0, 0, 0, 2, 2, 0, 5, 7, 1, 1, 0, 0, 0, 0, 0, 0, 0, 5, 2, 2, 6], [0, 1, 0, 0, 0, 1, 0, 0, 0, 0, 0, 0, 0, 0, 0, 153, 64, 0, 0, 2, 7, 28, 0, 0, 1, 0, 0, 0, 0, 2, 0, 0, 0, 0, 0, 0, 0, 0, 0, 0]]
H123-compact:
([1, 1, 1, 3, 3, 4, 1, 1, 2, 2, 2, 1, 2, 154, 3, 2, 65, 1, 4, 2, 7, 28, 2, 2, 1, 5, 7, 1, 1, 2, 4, 3, 4, 3, 4, 3, 5, 4, 2, 7], ['h1', 'h3', 'h2', 'h2', 'h2', 'h2', 'h2', 'h3', 'h2', 'h2', 'h2', 'h2', 'h2', 'h3', 'h2', 'h2', 'h3', 'h2', 'h2', 'h3', 'h3', 'h3', 'h2', 'h2', 'h3', 'h2', 'h2', 'h2', 'h2', 'h3', 'h1', 'h1', 'h1', 'h1', 'h1', 'h1', 'h2', 'h2', 'h2', 'h2'])
H123:
[[1, 0, 0, 0, 0, 0, 0, 0, 0, 0, 0, 0, 0, 0, 0, 0, 0, 0, 0, 0, 0, 0, 0, 0, 0, 0, 0, 0, 0, 0, 4, 3, 4, 3, 4, 3, 0, 0, 0, 0], [0, 0, 1, 3, 3, 4, 1, 0, 2, 2, 2, 1, 2, 0, 3, 2, 0, 1, 4, 0, 0, 0, 2, 2, 0, 5, 7, 1, 1, 0, 0, 0, 0, 0, 0, 0, 5, 4, 2, 7], [0, 1, 0, 0, 0, 0, 0, 1, 0, 0, 0, 0, 0, 154, 0, 0, 65, 0, 0, 2, 7, 28, 0, 0, 1, 0, 0, 0, 0, 2, 0, 0, 0, 0, 0, 0, 0, 0, 0, 0]]
H123-compact:
([1, 1, 1, 3, 3, 1, 2, 5, 2, 1, 2, 2, 3, 154, 64, 2, 1, 2, 2, 7, 27, 2, 2, 6, 1, 5, 7, 1, 1, 2, 4, 4, 3, 3, 3, 4, 5, 4, 2], ['h1', 'h3', 'h2', 'h2', 'h2', 'h3', 'h2', 'h2', 'h2', 'h2', 'h2', 'h2', 'h2', 'h3', 'h3', 'h2', 'h2', 'h2', 'h3', 'h3', 'h3', 'h2', 'h2', 'h2', 'h3', 'h2', 'h2', 'h2', 'h2', 'h3', 'h1', 'h1', 'h1', 'h1', 'h1', 'h1', 'h2', 'h2', 'h2'])
H123:
[[1, 0, 0, 0, 0, 0, 0, 0, 0, 0, 0, 0, 0, 0, 0, 0, 0, 0, 0, 0, 0, 0, 0, 0, 0, 0, 0, 0, 0, 0, 4, 4, 3, 3, 3, 4, 0, 0, 0], [0, 0, 1, 3, 3, 0, 2, 5, 2, 1, 2, 2, 3, 0, 0, 2, 1, 2, 0, 0, 0, 2, 2, 6, 0, 5, 7, 1, 1, 0, 0, 0, 0, 0, 0, 0, 5, 4, 2], [0, 1, 0, 0, 0, 1, 0, 0, 0, 0, 0, 0, 0, 154, 64, 0, 0, 0, 2, 7, 27, 0, 0, 0, 1, 0, 0, 0, 0, 2, 0, 0, 0, 0, 0, 0, 0, 0, 0]]
H123-compact:
([1, 1, 1, 3, 3, 1, 2, 5, 2, 1, 2, 1, 2, 3, 2, 153, 64, 1, 5, 2, 7, 28, 2, 2, 1, 5, 7, 1, 1, 2, 4, 4, 3, 3, 3, 4, 5, 2, 2, 6], ['h1', 'h3', 'h2', 'h2', 'h2', 'h3', 'h2', 'h2', 'h2', 'h2', 'h2', 'h2', 'h2', 'h2', 'h2', 'h3', 'h3', 'h2', 'h2', 'h3', 'h3', 'h3', 'h2', 'h2', 'h3', 'h2', 'h2', 'h2', 'h2', 'h3', 'h1', 'h1', 'h1', 'h1', 'h1', 'h1', 'h2', 'h2', 'h2', 'h2'])
H123:
[[1, 0, 0, 0, 0, 0, 0, 0, 0, 0, 0, 0, 0, 0, 0, 0, 0, 0, 0, 0, 0, 0, 0, 0, 0, 0, 0, 0, 0, 0, 4, 4, 3, 3, 3, 4, 0, 0, 0, 0], [0, 0, 1, 3, 3, 0, 2, 5, 2, 1, 2, 1, 2, 3, 2, 0, 0, 1, 5, 0, 0, 0, 2, 2, 0, 5, 7, 1, 1, 0, 0, 0, 0, 0, 0, 0, 5, 2, 2, 6], [0, 1, 0, 0, 0, 1, 0, 0, 0, 0, 0, 0, 0, 0, 0, 153, 64, 0, 0, 2, 7, 28, 0, 0, 1, 0, 0, 0, 0, 2, 0, 0, 0, 0, 0, 0, 0, 0, 0, 0]]
H123-compact:
([1, 1, 1, 3, 3, 1, 2, 1, 5, 2, 2, 2, 3, 2, 153, 64, 1, 2, 2, 7, 28, 2, 2, 1, 5, 7, 1, 1, 2, 3, 3, 4, 4, 3, 4, 3, 2, 6, 2], ['h1', 'h3', 'h2', 'h2', 'h2', 'h3', 'h2', 'h2', 'h2', 'h2', 'h2', 'h2', 'h2', 'h2', 'h3', 'h3', 'h2', 'h2', 'h3', 'h3', 'h3', 'h2', 'h2', 'h3', 'h2', 'h2', 'h2', 'h2', 'h3', 'h1', 'h1', 'h1', 'h1', 'h1', 'h1', 'h2', 'h2', 'h2', 'h2'])
H123:
[[1, 0, 0, 0, 0, 0, 0, 0, 0, 0, 0, 0, 0, 0, 0, 0, 0, 0, 0, 0, 0, 0, 0, 0, 0, 0, 0, 0, 0, 3, 3, 4, 4, 3, 4, 0, 0, 0, 0], [0, 0, 1, 3, 3, 0, 2, 1, 5, 2, 2, 2, 3, 2, 0, 0, 1, 2, 0, 0, 0, 2, 2, 0, 5, 7, 1, 1, 0, 0, 0, 0, 0, 0, 0, 3, 2, 6, 2], [0, 1, 0, 0, 0, 1, 0, 0, 0, 0, 0, 0, 0, 0, 153, 64, 0, 0, 2, 7, 28, 0, 0, 1, 0, 0, 0, 0, 2, 0, 0, 0, 0, 0, 0, 0, 0, 0, 0]]
H123-compact:
([1, 1, 1, 3, 3, 5, 2, 1, 2, 2, 2, 3, 1, 153, 64, 1, 2, 2, 2, 7, 30, 2, 2, 1, 5, 7, 1, 5, 1, 2, 4, 3, 3, 4, 4, 3, 5, 4, 2], ['h1', 'h3', 'h2', 'h2', 'h2', 'h2', 'h2', 'h3', 'h2', 'h2', 'h2', 'h2', 'h2', 'h3', 'h3', 'h2', 'h2', 'h2', 'h3', 'h3', 'h3', 'h2', 'h2', 'h3', 'h2', 'h2', 'h2', 'h2', 'h2', 'h3', 'h1', 'h1', 'h1', 'h1', 'h1', 'h1', 'h2', 'h2', 'h2'])
H123:
[[1, 0, 0, 0, 0, 0, 0, 0, 0, 0, 0, 0, 0, 0, 0, 0, 0, 0, 0, 0, 0, 0, 0, 0, 0, 0, 0, 0, 0, 0, 4, 3, 3, 4, 4, 3, 0, 0, 0], [0, 0, 1, 3, 3, 5, 2, 0, 2, 2, 2, 3, 1, 0, 0, 1, 2, 2, 0, 0, 0, 2, 2, 0, 5, 7, 1, 5, 1, 0, 0, 0, 0, 0, 0, 0, 5, 4, 2], [0, 1, 0, 0, 0, 0, 0, 1, 0, 0, 0, 0, 0, 153, 64, 0, 0, 0, 2, 7, 30, 0, 0, 1, 0, 0, 0, 0, 0, 2, 0, 0, 0, 0, 0, 0, 0, 0, 0]]
H123-compact:
([1, 1, 1, 3, 3, 1, 2, 1, 2, 5, 2, 2, 3, 2, 155, 64, 1, 2, 2, 7, 3, 27, 2, 1, 5, 6, 7, 1, 1, 2, 3, 3, 4, 4, 3, 4, 5, 4, 2], ['h1', 'h3', 'h2', 'h2', 'h2', 'h3', 'h2', 'h2', 'h2', 'h2', 'h2', 'h2', 'h2', 'h2', 'h3', 'h3', 'h2', 'h2', 'h3', 'h3', 'h2', 'h3', 'h2', 'h3', 'h2', 'h2', 'h2', 'h2', 'h2', 'h3', 'h1', 'h1', 'h1', 'h1', 'h1', 'h1', 'h2', 'h2', 'h2'])
H123:
[[1, 0, 0, 0, 0, 0, 0, 0, 0, 0, 0, 0, 0, 0, 0, 0, 0, 0, 0, 0, 0, 0, 0, 0, 0, 0, 0, 0, 0, 0, 3, 3, 4, 4, 3, 4, 0, 0, 0], [0, 0, 1, 3, 3, 0, 2, 1, 2, 5, 2, 2, 3, 2, 0, 0, 1, 2, 0, 0, 3, 0, 2, 0, 5, 6, 7, 1, 1, 0, 0, 0, 0, 0, 0, 0, 5, 4, 2], [0, 1, 0, 0, 0, 1, 0, 0, 0, 0, 0, 0, 0, 0, 155, 64, 0, 0, 2, 7, 0, 27, 0, 1, 0, 0, 0, 0, 0, 2, 0, 0, 0, 0, 0, 0, 0, 0, 0]]
H123-compact:
([1, 1, 1, 1, 3, 3, 5, 2, 1, 2, 1, 2, 3, 2, 154, 64, 2, 1, 2, 2, 7, 30, 2, 2, 1, 5, 7, 1, 1, 5, 2, 18, 3, 2], ['h1', 'h1', 'h3', 'h2', 'h2', 'h2', 'h2', 'h2', 'h3', 'h2', 'h2', 'h2', 'h2', 'h2', 'h3', 'h3', 'h2', 'h2', 'h2', 'h3', 'h3', 'h3', 'h2', 'h2', 'h3', 'h2', 'h2', 'h2', 'h2', 'h2', 'h3', 'h2', 'h2', 'h2'])
H123:
[[1, 1, 0, 0, 0, 0, 0, 0, 0, 0, 0, 0, 0, 0, 0, 0, 0, 0, 0, 0, 0, 0, 0, 0, 0, 0, 0, 0, 0, 0, 0, 0, 0, 0], [0, 0, 0, 1, 3, 3, 5, 2, 0, 2, 1, 2, 3, 2, 0, 0, 2, 1, 2, 0, 0, 0, 2, 2, 0, 5, 7, 1, 1, 5, 0, 18, 3, 2], [0, 0, 1, 0, 0, 0, 0, 0, 1, 0, 0, 0, 0, 0, 154, 64, 0, 0, 0, 2, 7, 30, 0, 0, 1, 0, 0, 0, 0, 0, 2, 0, 0, 0]]
H123-compact:
([1, 1, 1, 3, 3, 5, 2, 1, 2, 1, 2, 2, 3, 153, 64, 1, 2, 2, 2, 7, 29, 2, 2, 1, 5, 7, 1, 1, 7, 2, 3, 4, 4, 4, 3, 3, 5, 4, 2], ['h1', 'h3', 'h2', 'h2', 'h2', 'h2', 'h2', 'h3', 'h2', 'h2', 'h2', 'h2', 'h2', 'h3', 'h3', 'h2', 'h2', 'h2', 'h3', 'h3', 'h3', 'h2', 'h2', 'h3', 'h2', 'h2', 'h2', 'h2', 'h2', 'h3', 'h1', 'h1', 'h1', 'h1', 'h1', 'h1', 'h2', 'h2', 'h2'])
H123:
[[1, 0, 0, 0, 0, 0, 0, 0, 0, 0, 0, 0, 0, 0, 0, 0, 0, 0, 0, 0, 0, 0, 0, 0, 0, 0, 0, 0, 0, 0, 3, 4, 4, 4, 3, 3, 0, 0, 0], [0, 0, 1, 3, 3, 5, 2, 0, 2, 1, 2, 2, 3, 0, 0, 1, 2, 2, 0, 0, 0, 2, 2, 0, 5, 7, 1, 1, 7, 0, 0, 0, 0, 0, 0, 0, 5, 4, 2], [0, 1, 0, 0, 0, 0, 0, 1, 0, 0, 0, 0, 0, 153, 64, 0, 0, 0, 2, 7, 29, 0, 0, 1, 0, 0, 0, 0, 0, 2, 0, 0, 0, 0, 0, 0, 0, 0, 0]]
H123-compact:
([1, 1, 1, 2, 3, 1, 2, 1, 5, 2, 2, 2, 3, 153, 64, 2, 1, 2, 2, 7, 27, 2, 2, 1, 5, 7, 1, 1, 7, 2, 4, 5, 3, 3, 3, 3, 5, 2, 2], ['h1', 'h3', 'h2', 'h2', 'h2', 'h3', 'h2', 'h2', 'h2', 'h2', 'h2', 'h2', 'h2', 'h3', 'h3', 'h2', 'h2', 'h2', 'h3', 'h3', 'h3', 'h2', 'h2', 'h3', 'h2', 'h2', 'h2', 'h2', 'h2', 'h3', 'h1', 'h1', 'h1', 'h1', 'h1', 'h1', 'h2', 'h2', 'h2'])
H123:
[[1, 0, 0, 0, 0, 0, 0, 0, 0, 0, 0, 0, 0, 0, 0, 0, 0, 0, 0, 0, 0, 0, 0, 0, 0, 0, 0, 0, 0, 0, 4, 5, 3, 3, 3, 3, 0, 0, 0], [0, 0, 1, 2, 3, 0, 2, 1, 5, 2, 2, 2, 3, 0, 0, 2, 1, 2, 0, 0, 0, 2, 2, 0, 5, 7, 1, 1, 7, 0, 0, 0, 0, 0, 0, 0, 5, 2, 2], [0, 1, 0, 0, 0, 1, 0, 0, 0, 0, 0, 0, 0, 153, 64, 0, 0, 0, 2, 7, 27, 0, 0, 1, 0, 0, 0, 0, 0, 2, 0, 0, 0, 0, 0, 0, 0, 0, 0]]
H123-compact:
([1, 1, 1, 3, 3, 5, 2, 1, 1, 2, 2, 2, 3, 153, 64, 2, 1, 2, 2, 7, 29, 2, 2, 1, 5, 7, 1, 1, 6, 2, 18, 3, 2], ['h1', 'h3', 'h2', 'h2', 'h2', 'h2', 'h2', 'h3', 'h2', 'h2', 'h2', 'h2', 'h2', 'h3', 'h3', 'h2', 'h2', 'h2', 'h3', 'h3', 'h3', 'h2', 'h2', 'h3', 'h2', 'h2', 'h2', 'h2', 'h2', 'h3', 'h2', 'h2', 'h2'])
H123:
[[1, 0, 0, 0, 0, 0, 0, 0, 0, 0, 0, 0, 0, 0, 0, 0, 0, 0, 0, 0, 0, 0, 0, 0, 0, 0, 0, 0, 0, 0, 0, 0, 0], [0, 0, 1, 3, 3, 5, 2, 0, 1, 2, 2, 2, 3, 0, 0, 2, 1, 2, 0, 0, 0, 2, 2, 0, 5, 7, 1, 1, 6, 0, 18, 3, 2], [0, 1, 0, 0, 0, 0, 0, 1, 0, 0, 0, 0, 0, 153, 64, 0, 0, 0, 2, 7, 29, 0, 0, 1, 0, 0, 0, 0, 0, 2, 0, 0, 0]]
H123-compact:
([1, 1, 1, 3, 3, 2, 1, 5, 1, 2, 1, 1, 3, 2, 153, 64, 2, 1, 2, 2, 7, 28, 2, 2, 1, 5, 7, 1, 1, 2, 18, 5, 6, 2], ['h1', 'h3', 'h2', 'h2', 'h2', 'h2', 'h3', 'h2', 'h2', 'h2', 'h2', 'h2', 'h2', 'h2', 'h3', 'h3', 'h2', 'h2', 'h2', 'h3', 'h3', 'h3', 'h2', 'h2', 'h3', 'h2', 'h2', 'h2', 'h2', 'h3', 'h2', 'h2', 'h2', 'h2'])
H123:
[[1, 0, 0, 0, 0, 0, 0, 0, 0, 0, 0, 0, 0, 0, 0, 0, 0, 0, 0, 0, 0, 0, 0, 0, 0, 0, 0, 0, 0, 0, 0, 0, 0, 0], [0, 0, 1, 3, 3, 2, 0, 5, 1, 2, 1, 1, 3, 2, 0, 0, 2, 1, 2, 0, 0, 0, 2, 2, 0, 5, 7, 1, 1, 0, 18, 5, 6, 2], [0, 1, 0, 0, 0, 0, 1, 0, 0, 0, 0, 0, 0, 0, 153, 64, 0, 0, 0, 2, 7, 28, 0, 0, 1, 0, 0, 0, 0, 2, 0, 0, 0, 0]]
H123-compact:
([1, 1, 1, 3, 3, 5, 2, 1, 3, 2, 2, 1, 2, 3, 154, 64, 2, 1, 2, 2, 7, 28, 2, 2, 1, 5, 7, 1, 1, 2, 4, 3, 4, 3, 3, 4, 5, 2, 6, 2], ['h1', 'h3', 'h2', 'h2', 'h2', 'h2', 'h2', 'h3', 'h2', 'h2', 'h2', 'h2', 'h2', 'h2', 'h3', 'h3', 'h2', 'h2', 'h2', 'h3', 'h3', 'h3', 'h2', 'h2', 'h3', 'h2', 'h2', 'h2', 'h2', 'h3', 'h1', 'h1', 'h1', 'h1', 'h1', 'h1', 'h2', 'h2', 'h2', 'h2'])
H123:
[[1, 0, 0, 0, 0, 0, 0, 0, 0, 0, 0, 0, 0, 0, 0, 0, 0, 0, 0, 0, 0, 0, 0, 0, 0, 0, 0, 0, 0, 0, 4, 3, 4, 3, 3, 4, 0, 0, 0, 0], [0, 0, 1, 3, 3, 5, 2, 0, 3, 2, 2, 1, 2, 3, 0, 0, 2, 1, 2, 0, 0, 0, 2, 2, 0, 5, 7, 1, 1, 0, 0, 0, 0, 0, 0, 0, 5, 2, 6, 2], [0, 1, 0, 0, 0, 0, 0, 1, 0, 0, 0, 0, 0, 0, 154, 64, 0, 0, 0, 2, 7, 28, 0, 0, 1, 0, 0, 0, 0, 2, 0, 0, 0, 0, 0, 0, 0, 0, 0, 0]]
H123-compact:
([1, 1, 1, 3, 3, 5, 2, 1, 2, 2, 2, 1, 2, 3, 153, 64, 2, 1, 2, 2, 7, 28, 2, 2, 1, 5, 7, 1, 1, 2, 3, 4, 4, 3, 4, 3, 5, 4, 2, 6], ['h1', 'h3', 'h2', 'h2', 'h2', 'h2', 'h2', 'h3', 'h2', 'h2', 'h2', 'h2', 'h2', 'h2', 'h3', 'h3', 'h2', 'h2', 'h2', 'h3', 'h3', 'h3', 'h2', 'h2', 'h3', 'h2', 'h2', 'h2', 'h2', 'h3', 'h1', 'h1', 'h1', 'h1', 'h1', 'h1', 'h2', 'h2', 'h2', 'h2'])
H123:
[[1, 0, 0, 0, 0, 0, 0, 0, 0, 0, 0, 0, 0, 0, 0, 0, 0, 0, 0, 0, 0, 0, 0, 0, 0, 0, 0, 0, 0, 0, 3, 4, 4, 3, 4, 3, 0, 0, 0, 0], [0, 0, 1, 3, 3, 5, 2, 0, 2, 2, 2, 1, 2, 3, 0, 0, 2, 1, 2, 0, 0, 0, 2, 2, 0, 5, 7, 1, 1, 0, 0, 0, 0, 0, 0, 0, 5, 4, 2, 6], [0, 1, 0, 0, 0, 0, 0, 1, 0, 0, 0, 0, 0, 0, 153, 64, 0, 0, 0, 2, 7, 28, 0, 0, 1, 0, 0, 0, 0, 2, 0, 0, 0, 0, 0, 0, 0, 0, 0, 0]]
H123-compact:
([1, 1, 1, 3, 3, 1, 5, 2, 1, 2, 2, 1, 2, 3, 154, 64, 2, 1, 2, 2, 7, 29, 2, 2, 1, 5, 7, 1, 1, 2, 5, 3, 4, 4, 3, 3, 4, 6, 4, 2], ['h1', 'h3', 'h2', 'h2', 'h2', 'h3', 'h2', 'h2', 'h2', 'h2', 'h2', 'h2', 'h2', 'h2', 'h3', 'h3', 'h2', 'h2', 'h2', 'h3', 'h3', 'h3', 'h2', 'h2', 'h3', 'h2', 'h2', 'h2', 'h2', 'h3', 'h2', 'h1', 'h1', 'h1', 'h1', 'h1', 'h1', 'h2', 'h2', 'h2'])
H123:
[[1, 0, 0, 0, 0, 0, 0, 0, 0, 0, 0, 0, 0, 0, 0, 0, 0, 0, 0, 0, 0, 0, 0, 0, 0, 0, 0, 0, 0, 0, 0, 3, 4, 4, 3, 3, 4, 0, 0, 0], [0, 0, 1, 3, 3, 0, 5, 2, 1, 2, 2, 1, 2, 3, 0, 0, 2, 1, 2, 0, 0, 0, 2, 2, 0, 5, 7, 1, 1, 0, 5, 0, 0, 0, 0, 0, 0, 6, 4, 2], [0, 1, 0, 0, 0, 1, 0, 0, 0, 0, 0, 0, 0, 0, 154, 64, 0, 0, 0, 2, 7, 29, 0, 0, 1, 0, 0, 0, 0, 2, 0, 0, 0, 0, 0, 0, 0, 0, 0, 0]]
H123-compact:
([1, 1, 1, 3, 3, 1, 3, 5, 2, 1, 2, 1, 2, 3, 153, 64, 2, 1, 2, 2, 7, 28, 2, 2, 1, 5, 7, 1, 1, 2, 4, 3, 3, 4, 4, 3, 5, 4, 6, 2], ['h1', 'h3', 'h2', 'h2', 'h2', 'h3', 'h2', 'h2', 'h2', 'h2', 'h2', 'h2', 'h2', 'h2', 'h3', 'h3', 'h2', 'h2', 'h2', 'h3', 'h3', 'h3', 'h2', 'h2', 'h3', 'h2', 'h2', 'h2', 'h2', 'h3', 'h1', 'h1', 'h1', 'h1', 'h1', 'h1', 'h2', 'h2', 'h2', 'h2'])
H123:
[[1, 0, 0, 0, 0, 0, 0, 0, 0, 0, 0, 0, 0, 0, 0, 0, 0, 0, 0, 0, 0, 0, 0, 0, 0, 0, 0, 0, 0, 0, 4, 3, 3, 4, 4, 3, 0, 0, 0, 0], [0, 0, 1, 3, 3, 0, 3, 5, 2, 1, 2, 1, 2, 3, 0, 0, 2, 1, 2, 0, 0, 0, 2, 2, 0, 5, 7, 1, 1, 0, 0, 0, 0, 0, 0, 0, 5, 4, 6, 2], [0, 1, 0, 0, 0, 1, 0, 0, 0, 0, 0, 0, 0, 0, 153, 64, 0, 0, 0, 2, 7, 28, 0, 0, 1, 0, 0, 0, 0, 2, 0, 0, 0, 0, 0, 0, 0, 0, 0, 0]]
H123-compact:
([1, 1, 1, 3, 3, 5, 2, 1, 3, 2, 1, 3, 2, 2, 153, 64, 1, 2, 2, 7, 29, 2, 2, 1, 5, 7, 1, 1, 7, 2, 4, 3, 5, 3, 3, 3, 5, 3, 2], ['h1', 'h3', 'h2', 'h2', 'h2', 'h2', 'h2', 'h3', 'h2', 'h2', 'h2', 'h2', 'h2', 'h2', 'h3', 'h3', 'h2', 'h2', 'h3', 'h3', 'h3', 'h2', 'h2', 'h3', 'h2', 'h2', 'h2', 'h2', 'h2', 'h3', 'h1', 'h1', 'h1', 'h1', 'h1', 'h1', 'h2', 'h2', 'h2'])
H123:
[[1, 0, 0, 0, 0, 0, 0, 0, 0, 0, 0, 0, 0, 0, 0, 0, 0, 0, 0, 0, 0, 0, 0, 0, 0, 0, 0, 0, 0, 0, 4, 3, 5, 3, 3, 3, 0, 0, 0], [0, 0, 1, 3, 3, 5, 2, 0, 3, 2, 1, 3, 2, 2, 0, 0, 1, 2, 0, 0, 0, 2, 2, 0, 5, 7, 1, 1, 7, 0, 0, 0, 0, 0, 0, 0, 5, 3, 2], [0, 1, 0, 0, 0, 0, 0, 1, 0, 0, 0, 0, 0, 0, 153, 64, 0, 0, 2, 7, 29, 0, 0, 1, 0, 0, 0, 0, 0, 2, 0, 0, 0, 0, 0, 0, 0, 0, 0]]
H123-compact:
([1, 1, 1, 3, 3, 5, 2, 1, 2, 2, 1, 2, 1, 3, 153, 64, 2, 1, 2, 2, 7, 29, 2, 2, 1, 5, 7, 1, 1, 2, 6, 3, 4, 4, 3, 4, 3, 5, 4, 2], ['h1', 'h3', 'h2', 'h2', 'h2', 'h2', 'h2', 'h3', 'h2', 'h2', 'h2', 'h2', 'h2', 'h2', 'h3', 'h3', 'h2', 'h2', 'h2', 'h3', 'h3', 'h3', 'h2', 'h2', 'h3', 'h2', 'h2', 'h2', 'h2', 'h3', 'h2', 'h1', 'h1', 'h1', 'h1', 'h1', 'h1', 'h2', 'h2', 'h2'])
H123:
[[1, 0, 0, 0, 0, 0, 0, 0, 0, 0, 0, 0, 0, 0, 0, 0, 0, 0, 0, 0, 0, 0, 0, 0, 0, 0, 0, 0, 0, 0, 0, 3, 4, 4, 3, 4, 3, 0, 0, 0], [0, 0, 1, 3, 3, 5, 2, 0, 2, 2, 1, 2, 1, 3, 0, 0, 2, 1, 2, 0, 0, 0, 2, 2, 0, 5, 7, 1, 1, 0, 6, 0, 0, 0, 0, 0, 0, 5, 4, 2], [0, 1, 0, 0, 0, 0, 0, 1, 0, 0, 0, 0, 0, 0, 153, 64, 0, 0, 0, 2, 7, 29, 0, 0, 1, 0, 0, 0, 0, 2, 0, 0, 0, 0, 0, 0, 0, 0, 0, 0]]

