H123-compact:
([1, 1, 1, 4, 11, 1, 13, 34, 3, 9, 2, 6, 5, 6, 2], ['h1', 'h3', 'h2', 'h2', 'h2', 'h2', 'h3', 'h3', 'h2', 'h2', 'h1', 'h1', 'h1', 'h2', 'h2'])
H123:
[[1, 0, 0, 0, 0, 0, 0, 0, 0, 0, 2, 6, 5, 0, 0], [0, 0, 1, 4, 11, 1, 0, 0, 3, 9, 0, 0, 0, 6, 2], [0, 1, 0, 0, 0, 0, 13, 34, 0, 0, 0, 0, 0, 0, 0]]
H123-compact:
([1, 1, 1, 4, 11, 1, 14, 34, 9, 1, 7, 6, 5, 2], ['h1', 'h3', 'h2', 'h2', 'h2', 'h2', 'h3', 'h3', 'h2', 'h1', 'h1', 'h2', 'h1', 'h2'])
H123:
[[1, 0, 0, 0, 0, 0, 0, 0, 0, 1, 7, 0, 5, 0], [0, 0, 1, 4, 11, 1, 0, 0, 9, 0, 0, 6, 0, 2], [0, 1, 0, 0, 0, 0, 14, 34, 0, 0, 0, 0, 0, 0]]
H123-compact:
([1, 1, 1, 4, 8, 1, 13, 34, 9, 3, 6, 2, 6, 5, 2, 1], ['h1', 'h3', 'h2', 'h2', 'h2', 'h2', 'h3', 'h3', 'h2', 'h2', 'h1', 'h1', 'h2', 'h1', 'h2', 'h1'])
H123:
[[1, 0, 0, 0, 0, 0, 0, 0, 0, 0, 6, 2, 0, 5, 0, 1], [0, 0, 1, 4, 8, 1, 0, 0, 9, 3, 0, 0, 6, 0, 2, 0], [0, 1, 0, 0, 0, 0, 13, 34, 0, 0, 0, 0, 0, 0, 0, 0]]
H123-compact:
([1, 1, 1, 4, 14, 1, 14, 35, 9, 7, 1, 6, 3, 2], ['h1', 'h3', 'h2', 'h2', 'h2', 'h2', 'h3', 'h3', 'h2', 'h1', 'h1', 'h2', 'h1', 'h2'])
H123:
[[1, 0, 0, 0, 0, 0, 0, 0, 0, 7, 1, 0, 3, 0], [0, 0, 1, 4, 14, 1, 0, 0, 9, 0, 0, 6, 0, 2], [0, 1, 0, 0, 0, 0, 14, 35, 0, 0, 0, 0, 0, 0]]
H123-compact:
([1, 1, 1, 4, 15, 1, 12, 35, 9, 7, 1, 6, 5, 2], ['h1', 'h3', 'h2', 'h2', 'h2', 'h2', 'h3', 'h3', 'h2', 'h1', 'h1', 'h2', 'h1', 'h2'])
H123:
[[1, 0, 0, 0, 0, 0, 0, 0, 0, 7, 1, 0, 5, 0], [0, 0, 1, 4, 15, 1, 0, 0, 9, 0, 0, 6, 0, 2], [0, 1, 0, 0, 0, 0, 12, 35, 0, 0, 0, 0, 0, 0]]
H123-compact:
([1, 1, 1, 4, 8, 1, 13, 35, 9, 3, 2, 6, 6, 3, 2], ['h1', 'h3', 'h2', 'h2', 'h2', 'h2', 'h3', 'h3', 'h2', 'h2', 'h1', 'h1', 'h2', 'h1', 'h2'])
H123:
[[1, 0, 0, 0, 0, 0, 0, 0, 0, 0, 2, 6, 0, 3, 0], [0, 0, 1, 4, 8, 1, 0, 0, 9, 3, 0, 0, 6, 0, 2], [0, 1, 0, 0, 0, 0, 13, 35, 0, 0, 0, 0, 0, 0, 0]]
H123-compact:
([1, 1, 1, 4, 11, 1, 14, 34, 9, 1, 7, 6, 5, 2], ['h1', 'h3', 'h2', 'h2', 'h2', 'h2', 'h3', 'h3', 'h2', 'h1', 'h1', 'h2', 'h1', 'h2'])
H123:
[[1, 0, 0, 0, 0, 0, 0, 0, 0, 1, 7, 0, 5, 0], [0, 0, 1, 4, 11, 1, 0, 0, 9, 0, 0, 6, 0, 2], [0, 1, 0, 0, 0, 0, 14, 34, 0, 0, 0, 0, 0, 0]]
H123-compact:
([1, 1, 1, 4, 9, 1, 13, 35, 9, 3, 1, 7, 6, 5, 1, 1, 2], ['h1', 'h3', 'h2', 'h2', 'h2', 'h2', 'h3', 'h3', 'h2', 'h2', 'h1', 'h1', 'h2', 'h1', 'h2', 'h1', 'h2'])
H123:
[[1, 0, 0, 0, 0, 0, 0, 0, 0, 0, 1, 7, 0, 5, 0, 1, 0], [0, 0, 1, 4, 9, 1, 0, 0, 9, 3, 0, 0, 6, 0, 1, 0, 2], [0, 1, 0, 0, 0, 0, 13, 35, 0, 0, 0, 0, 0, 0, 0, 0, 0]]
H123-compact:
([1, 1, 1, 4, 8, 1, 13, 35, 9, 3, 1, 7, 6, 6, 2], ['h1', 'h3', 'h2', 'h2', 'h2', 'h2', 'h3', 'h3', 'h2', 'h2', 'h1', 'h1', 'h2', 'h1', 'h2'])
H123:
[[1, 0, 0, 0, 0, 0, 0, 0, 0, 0, 1, 7, 0, 6, 0], [0, 0, 1, 4, 8, 1, 0, 0, 9, 3, 0, 0, 6, 0, 2], [0, 1, 0, 0, 0, 0, 13, 35, 0, 0, 0, 0, 0, 0, 0]]
H123-compact:
([1, 1, 1, 4, 10, 1, 14, 34, 9, 7, 1, 6, 3, 2], ['h1', 'h3', 'h2', 'h2', 'h2', 'h2', 'h3', 'h3', 'h2', 'h1', 'h1', 'h2', 'h1', 'h2'])
H123:
[[1, 0, 0, 0, 0, 0, 0, 0, 0, 7, 1, 0, 3, 0], [0, 0, 1, 4, 10, 1, 0, 0, 9, 0, 0, 6, 0, 2], [0, 1, 0, 0, 0, 0, 14, 34, 0, 0, 0, 0, 0, 0]]
H123-compact:
([1, 1, 1, 4, 8, 1, 13, 35, 9, 3, 5, 1, 7, 3, 2], ['h1', 'h3', 'h2', 'h2', 'h2', 'h2', 'h3', 'h3', 'h2', 'h2', 'h2', 'h1', 'h1', 'h1', 'h2'])
H123:
[[1, 0, 0, 0, 0, 0, 0, 0, 0, 0, 0, 1, 7, 3, 0], [0, 0, 1, 4, 8, 1, 0, 0, 9, 3, 5, 0, 0, 0, 2], [0, 1, 0, 0, 0, 0, 13, 35, 0, 0, 0, 0, 0, 0, 0]]
H123-compact:
([1, 1, 1, 4, 12, 1, 14, 8, 8, 1, 7, 6, 6, 2], ['h1', 'h3', 'h2', 'h2', 'h2', 'h2', 'h3', 'h3', 'h2', 'h1', 'h1', 'h2', 'h1', 'h2'])
H123:
[[1, 0, 0, 0, 0, 0, 0, 0, 0, 1, 7, 0, 6, 0], [0, 0, 1, 4, 12, 1, 0, 0, 8, 0, 0, 6, 0, 2], [0, 1, 0, 0, 0, 0, 14, 8, 0, 0, 0, 0, 0, 0]]
H123-compact:
([1, 1, 1, 4, 14, 1, 13, 10, 9, 6, 2, 6, 5, 2], ['h1', 'h3', 'h2', 'h2', 'h2', 'h2', 'h3', 'h3', 'h2', 'h1', 'h1', 'h2', 'h1', 'h2'])
H123:
[[1, 0, 0, 0, 0, 0, 0, 0, 0, 6, 2, 0, 5, 0], [0, 0, 1, 4, 14, 1, 0, 0, 9, 0, 0, 6, 0, 2], [0, 1, 0, 0, 0, 0, 13, 10, 0, 0, 0, 0, 0, 0]]
H123-compact:
([1, 1, 1, 4, 12, 1, 13, 34, 9, 3, 6, 2, 6, 5, 1, 1, 2], ['h1', 'h3', 'h2', 'h2', 'h2', 'h2', 'h3', 'h3', 'h2', 'h2', 'h1', 'h1', 'h2', 'h1', 'h2', 'h1', 'h2'])
H123:
[[1, 0, 0, 0, 0, 0, 0, 0, 0, 0, 6, 2, 0, 5, 0, 1, 0], [0, 0, 1, 4, 12, 1, 0, 0, 9, 3, 0, 0, 6, 0, 1, 0, 2], [0, 1, 0, 0, 0, 0, 13, 34, 0, 0, 0, 0, 0, 0, 0, 0, 0]]
H123-compact:
([1, 1, 1, 1, 4, 8, 1, 13, 34, 3, 9, 2, 6, 6, 3, 2], ['h1', 'h1', 'h3', 'h2', 'h2', 'h2', 'h2', 'h3', 'h3', 'h2', 'h2', 'h1', 'h1', 'h2', 'h1', 'h2'])
H123:
[[1, 1, 0, 0, 0, 0, 0, 0, 0, 0, 0, 2, 6, 0, 3, 0], [0, 0, 0, 1, 4, 8, 1, 0, 0, 3, 9, 0, 0, 6, 0, 2], [0, 0, 1, 0, 0, 0, 0, 13, 34, 0, 0, 0, 0, 0, 0, 0]]
H123-compact:
([1, 1, 1, 4, 11, 1, 12, 35, 3, 8, 1, 7, 6, 3, 2], ['h1', 'h3', 'h2', 'h2', 'h2', 'h2', 'h3', 'h3', 'h2', 'h2', 'h1', 'h1', 'h2', 'h1', 'h2'])
H123:
[[1, 0, 0, 0, 0, 0, 0, 0, 0, 0, 1, 7, 0, 3, 0], [0, 0, 1, 4, 11, 1, 0, 0, 3, 8, 0, 0, 6, 0, 2], [0, 1, 0, 0, 0, 0, 12, 35, 0, 0, 0, 0, 0, 0, 0]]
H123-compact:
([1, 1, 1, 4, 8, 1, 13, 36, 3, 9, 7, 1, 6, 6, 2], ['h1', 'h3', 'h2', 'h2', 'h2', 'h2', 'h3', 'h3', 'h2', 'h2', 'h1', 'h1', 'h2', 'h1', 'h2'])
H123:
[[1, 0, 0, 0, 0, 0, 0, 0, 0, 0, 7, 1, 0, 6, 0], [0, 0, 1, 4, 8, 1, 0, 0, 3, 9, 0, 0, 6, 0, 2], [0, 1, 0, 0, 0, 0, 13, 36, 0, 0, 0, 0, 0, 0, 0]]
H123-compact:
([1, 1, 1, 4, 8, 1, 13, 34, 9, 3, 9, 1, 6, 5, 2], ['h1', 'h3', 'h2', 'h2', 'h2', 'h2', 'h3', 'h3', 'h2', 'h2', 'h1', 'h1', 'h2', 'h1', 'h2'])
H123:
[[1, 0, 0, 0, 0, 0, 0, 0, 0, 0, 9, 1, 0, 5, 0], [0, 0, 1, 4, 8, 1, 0, 0, 9, 3, 0, 0, 6, 0, 2], [0, 1, 0, 0, 0, 0, 13, 34, 0, 0, 0, 0, 0, 0, 0]]
H123-compact:
([1, 1, 1, 4, 13, 1, 14, 35, 9, 7, 1, 6, 5, 2], ['h1', 'h3', 'h2', 'h2', 'h2', 'h2', 'h3', 'h3', 'h2', 'h1', 'h1', 'h2', 'h1', 'h2'])
H123:
[[1, 0, 0, 0, 0, 0, 0, 0, 0, 7, 1, 0, 5, 0], [0, 0, 1, 4, 13, 1, 0, 0, 9, 0, 0, 6, 0, 2], [0, 1, 0, 0, 0, 0, 14, 35, 0, 0, 0, 0, 0, 0]]
H123-compact:
([1, 1, 1, 4, 10, 1, 14, 35, 9, 6, 2, 6, 6, 2], ['h1', 'h3', 'h2', 'h2', 'h2', 'h2', 'h3', 'h3', 'h2', 'h1', 'h1', 'h2', 'h1', 'h2'])
H123:
[[1, 0, 0, 0, 0, 0, 0, 0, 0, 6, 2, 0, 6, 0], [0, 0, 1, 4, 10, 1, 0, 0, 9, 0, 0, 6, 0, 2], [0, 1, 0, 0, 0, 0, 14, 35, 0, 0, 0, 0, 0, 0]]

