H123-compact:
([1, 1, 6, 1, 48, 1, 1, 5, 5, 5, 1, 2, 2, 1, 3, 5, 1], ['h1', 'h3', 'h2', 'h1', 'h3', 'h2', 'h2', 'h2', 'h2', 'h3', 'h3', 'h2', 'h2', 'h3', 'h2', 'h2', 'h2'])
H123:
[[1, 0, 0, 1, 0, 0, 0, 0, 0, 0, 0, 0, 0, 0, 0, 0, 0], [0, 0, 6, 0, 0, 1, 1, 5, 5, 0, 0, 2, 2, 0, 3, 5, 1], [0, 1, 0, 0, 48, 0, 0, 0, 0, 5, 1, 0, 0, 1, 0, 0, 0]]
H123-compact:
([1, 1, 1, 47, 1, 4, 7, 1, 5, 5, 2, 3, 1, 1, 5, 1, 2], ['h1', 'h3', 'h1', 'h3', 'h2', 'h2', 'h3', 'h2', 'h2', 'h2', 'h2', 'h2', 'h2', 'h3', 'h2', 'h3', 'h2'])
H123:
[[1, 0, 1, 0, 0, 0, 0, 0, 0, 0, 0, 0, 0, 0, 0, 0, 0], [0, 0, 0, 0, 1, 4, 0, 1, 5, 5, 2, 3, 1, 0, 5, 0, 2], [0, 1, 0, 47, 0, 0, 7, 0, 0, 0, 0, 0, 0, 1, 0, 1, 0]]
H123-compact:
([1, 1, 1, 47, 1, 6, 1, 5, 1, 5, 1, 2, 5, 3, 5, 1, 2], ['h1', 'h3', 'h1', 'h3', 'h2', 'h2', 'h2', 'h2', 'h2', 'h3', 'h3', 'h2', 'h2', 'h2', 'h2', 'h3', 'h2'])
H123:
[[1, 0, 1, 0, 0, 0, 0, 0, 0, 0, 0, 0, 0, 0, 0, 0, 0], [0, 0, 0, 0, 1, 6, 1, 5, 1, 0, 0, 2, 5, 3, 5, 0, 2], [0, 1, 0, 47, 0, 0, 0, 0, 0, 5, 1, 0, 0, 0, 0, 1, 0]]
H123-compact:
([1, 1, 1, 49, 6, 1, 1, 5, 5, 1, 2, 5, 1, 1, 3, 5, 2], ['h1', 'h3', 'h1', 'h3', 'h2', 'h2', 'h2', 'h2', 'h3', 'h3', 'h2', 'h2', 'h2', 'h3', 'h2', 'h2', 'h2'])
H123:
[[1, 0, 1, 0, 0, 0, 0, 0, 0, 0, 0, 0, 0, 0, 0, 0, 0], [0, 0, 0, 0, 6, 1, 1, 5, 0, 0, 2, 5, 1, 0, 3, 5, 2], [0, 1, 0, 49, 0, 0, 0, 0, 5, 1, 0, 0, 0, 1, 0, 0, 0]]
H123-compact:
([1, 1, 1, 48, 1, 6, 1, 5, 5, 5, 1, 2, 1, 1, 2, 3, 5], ['h1', 'h3', 'h1', 'h3', 'h2', 'h2', 'h2', 'h2', 'h2', 'h3', 'h3', 'h2', 'h2', 'h3', 'h2', 'h2', 'h2'])
H123:
[[1, 0, 1, 0, 0, 0, 0, 0, 0, 0, 0, 0, 0, 0, 0, 0, 0], [0, 0, 0, 0, 1, 6, 1, 5, 5, 0, 0, 2, 1, 0, 2, 3, 5], [0, 1, 0, 48, 0, 0, 0, 0, 0, 5, 1, 0, 0, 1, 0, 0, 0]]
H123-compact:
([1, 1, 1, 1, 47, 1, 4, 1, 5, 7, 5, 2, 1, 3, 1, 5, 1, 2], ['h1', 'h1', 'h2', 'h1', 'h3', 'h2', 'h2', 'h2', 'h2', 'h2', 'h3', 'h2', 'h3', 'h2', 'h2', 'h2', 'h3', 'h2'])
H123:
[[1, 1, 0, 1, 0, 0, 0, 0, 0, 0, 0, 0, 0, 0, 0, 0, 0, 0], [0, 0, 1, 0, 0, 1, 4, 1, 5, 7, 0, 2, 0, 3, 1, 5, 0, 2], [0, 0, 0, 0, 47, 0, 0, 0, 0, 0, 5, 0, 1, 0, 0, 0, 1, 0]]
H123-compact:
([1, 1, 1, 47, 1, 5, 1, 5, 5, 5, 1, 2, 3, 1, 5, 1, 2], ['h1', 'h3', 'h1', 'h3', 'h2', 'h2', 'h2', 'h2', 'h2', 'h3', 'h2', 'h2', 'h2', 'h2', 'h2', 'h3', 'h2'])
H123:
[[1, 0, 1, 0, 0, 0, 0, 0, 0, 0, 0, 0, 0, 0, 0, 0, 0], [0, 0, 0, 0, 1, 5, 1, 5, 5, 0, 1, 2, 3, 1, 5, 0, 2], [0, 1, 0, 47, 0, 0, 0, 0, 0, 5, 0, 0, 0, 0, 0, 1, 0]]
H123-compact:
([1, 1, 1, 47, 4, 1, 1, 5, 1, 5, 1, 2, 5, 1, 3, 5, 2], ['h1', 'h3', 'h1', 'h3', 'h2', 'h2', 'h2', 'h2', 'h2', 'h3', 'h3', 'h2', 'h2', 'h3', 'h2', 'h2', 'h2'])
H123:
[[1, 0, 1, 0, 0, 0, 0, 0, 0, 0, 0, 0, 0, 0, 0, 0, 0], [0, 0, 0, 0, 4, 1, 1, 5, 1, 0, 0, 2, 5, 0, 3, 5, 2], [0, 1, 0, 47, 0, 0, 0, 0, 0, 5, 1, 0, 0, 1, 0, 0, 0]]
H123-compact:
([1, 1, 1, 48, 1, 5, 1, 5, 5, 1, 2, 5, 3, 1, 5, 1, 2], ['h1', 'h3', 'h1', 'h3', 'h2', 'h2', 'h2', 'h2', 'h3', 'h3', 'h2', 'h2', 'h2', 'h2', 'h2', 'h3', 'h2'])
H123:
[[1, 0, 1, 0, 0, 0, 0, 0, 0, 0, 0, 0, 0, 0, 0, 0, 0], [0, 0, 0, 0, 1, 5, 1, 5, 0, 0, 2, 5, 3, 1, 5, 0, 2], [0, 1, 0, 48, 0, 0, 0, 0, 5, 1, 0, 0, 0, 0, 0, 1, 0]]
H123-compact:
([1, 1, 1, 49, 1, 4, 1, 5, 5, 2, 5, 1, 3, 1, 5, 1, 2], ['h1', 'h3', 'h1', 'h3', 'h2', 'h2', 'h2', 'h2', 'h3', 'h2', 'h2', 'h3', 'h2', 'h2', 'h2', 'h3', 'h2'])
H123:
[[1, 0, 1, 0, 0, 0, 0, 0, 0, 0, 0, 0, 0, 0, 0, 0, 0], [0, 0, 0, 0, 1, 4, 1, 5, 0, 2, 5, 0, 3, 1, 5, 0, 2], [0, 1, 0, 49, 0, 0, 0, 0, 5, 0, 0, 1, 0, 0, 0, 1, 0]]
H123-compact:
([1, 1, 1, 48, 1, 4, 1, 5, 5, 2, 5, 1, 3, 1, 5, 1, 2], ['h1', 'h3', 'h1', 'h3', 'h2', 'h2', 'h2', 'h2', 'h3', 'h2', 'h2', 'h3', 'h2', 'h2', 'h2', 'h3', 'h2'])
H123:
[[1, 0, 1, 0, 0, 0, 0, 0, 0, 0, 0, 0, 0, 0, 0, 0, 0], [0, 0, 0, 0, 1, 4, 1, 5, 0, 2, 5, 0, 3, 1, 5, 0, 2], [0, 1, 0, 48, 0, 0, 0, 0, 5, 0, 0, 1, 0, 0, 0, 1, 0]]
H123-compact:
([1, 1, 1, 47, 1, 7, 5, 1, 6, 6, 1, 2, 3, 1, 5, 1, 2], ['h1', 'h3', 'h1', 'h3', 'h2', 'h2', 'h2', 'h2', 'h2', 'h3', 'h3', 'h2', 'h2', 'h2', 'h2', 'h3', 'h2'])
H123:
[[1, 0, 1, 0, 0, 0, 0, 0, 0, 0, 0, 0, 0, 0, 0, 0, 0], [0, 0, 0, 0, 1, 7, 5, 1, 6, 0, 0, 2, 3, 1, 5, 0, 2], [0, 1, 0, 47, 0, 0, 0, 0, 0, 6, 1, 0, 0, 0, 0, 1, 0]]
H123-compact:
([1, 1, 1, 49, 4, 1, 7, 5, 1, 5, 1, 2, 3, 1, 1, 5, 2], ['h1', 'h3', 'h1', 'h3', 'h2', 'h2', 'h3', 'h2', 'h2', 'h2', 'h3', 'h2', 'h2', 'h2', 'h3', 'h2', 'h2'])
H123:
[[1, 0, 1, 0, 0, 0, 0, 0, 0, 0, 0, 0, 0, 0, 0, 0, 0], [0, 0, 0, 0, 4, 1, 0, 5, 1, 5, 0, 2, 3, 1, 0, 5, 2], [0, 1, 0, 49, 0, 0, 7, 0, 0, 0, 1, 0, 0, 0, 1, 0, 0]]
H123-compact:
([1, 1, 1, 47, 1, 4, 5, 7, 1, 5, 2, 1, 1, 3, 1, 5, 2], ['h1', 'h3', 'h1', 'h3', 'h2', 'h2', 'h2', 'h3', 'h2', 'h2', 'h2', 'h3', 'h2', 'h2', 'h3', 'h2', 'h2'])
H123:
[[1, 0, 1, 0, 0, 0, 0, 0, 0, 0, 0, 0, 0, 0, 0, 0, 0], [0, 0, 0, 0, 1, 4, 5, 0, 1, 5, 2, 0, 1, 3, 0, 5, 2], [0, 1, 0, 47, 0, 0, 0, 7, 0, 0, 0, 1, 0, 0, 1, 0, 0]]
H123-compact:
([1, 1, 1, 47, 1, 4, 7, 5, 1, 6, 2, 1, 3, 1, 1, 5, 2], ['h1', 'h3', 'h1', 'h3', 'h2', 'h2', 'h3', 'h2', 'h2', 'h2', 'h2', 'h3', 'h2', 'h2', 'h3', 'h2', 'h2'])
H123:
[[1, 0, 1, 0, 0, 0, 0, 0, 0, 0, 0, 0, 0, 0, 0, 0, 0], [0, 0, 0, 0, 1, 4, 0, 5, 1, 6, 2, 0, 3, 1, 0, 5, 2], [0, 1, 0, 47, 0, 0, 7, 0, 0, 0, 0, 1, 0, 0, 1, 0, 0]]
H123-compact:
([1, 1, 1, 48, 5, 1, 4, 1, 5, 5, 1, 2, 3, 1, 5, 1, 2], ['h1', 'h3', 'h1', 'h3', 'h2', 'h2', 'h2', 'h2', 'h2', 'h3', 'h3', 'h2', 'h2', 'h2', 'h2', 'h3', 'h2'])
H123:
[[1, 0, 1, 0, 0, 0, 0, 0, 0, 0, 0, 0, 0, 0, 0, 0, 0], [0, 0, 0, 0, 5, 1, 4, 1, 5, 0, 0, 2, 3, 1, 5, 0, 2], [0, 1, 0, 48, 0, 0, 0, 0, 0, 5, 1, 0, 0, 0, 0, 1, 0]]
H123-compact:
([1, 1, 1, 47, 1, 5, 1, 5, 1, 5, 1, 2, 3, 1, 5, 6, 2], ['h1', 'h3', 'h1', 'h3', 'h2', 'h2', 'h2', 'h2', 'h2', 'h3', 'h3', 'h2', 'h2', 'h3', 'h2', 'h2', 'h2'])
H123:
[[1, 0, 1, 0, 0, 0, 0, 0, 0, 0, 0, 0, 0, 0, 0, 0, 0], [0, 0, 0, 0, 1, 5, 1, 5, 1, 0, 0, 2, 3, 0, 5, 6, 2], [0, 1, 0, 47, 0, 0, 0, 0, 0, 5, 1, 0, 0, 1, 0, 0, 0]]
H123-compact:
([1, 1, 1, 47, 1, 4, 7, 5, 1, 5, 1, 2, 3, 1, 1, 5, 2], ['h1', 'h3', 'h1', 'h3', 'h2', 'h2', 'h3', 'h2', 'h2', 'h2', 'h3', 'h2', 'h2', 'h2', 'h3', 'h2', 'h2'])
H123:
[[1, 0, 1, 0, 0, 0, 0, 0, 0, 0, 0, 0, 0, 0, 0, 0, 0], [0, 0, 0, 0, 1, 4, 0, 5, 1, 5, 0, 2, 3, 1, 0, 5, 2], [0, 1, 0, 47, 0, 0, 7, 0, 0, 0, 1, 0, 0, 0, 1, 0, 0]]
H123-compact:
([1, 1, 1, 48, 1, 6, 1, 5, 1, 6, 5, 2, 1, 3, 5, 1, 2], ['h1', 'h3', 'h1', 'h3', 'h2', 'h2', 'h2', 'h2', 'h2', 'h2', 'h3', 'h2', 'h2', 'h2', 'h2', 'h3', 'h2'])
H123:
[[1, 0, 1, 0, 0, 0, 0, 0, 0, 0, 0, 0, 0, 0, 0, 0, 0], [0, 0, 0, 0, 1, 6, 1, 5, 1, 6, 0, 2, 1, 3, 5, 0, 2], [0, 1, 0, 48, 0, 0, 0, 0, 0, 0, 5, 0, 0, 0, 0, 1, 0]]
H123-compact:
([1, 1, 1, 47, 1, 4, 1, 5, 6, 5, 1, 2, 1, 1, 2, 3, 5], ['h1', 'h3', 'h1', 'h3', 'h2', 'h2', 'h2', 'h2', 'h2', 'h3', 'h3', 'h2', 'h2', 'h3', 'h2', 'h2', 'h2'])
H123:
[[1, 0, 1, 0, 0, 0, 0, 0, 0, 0, 0, 0, 0, 0, 0, 0, 0], [0, 0, 0, 0, 1, 4, 1, 5, 6, 0, 0, 2, 1, 0, 2, 3, 5], [0, 1, 0, 47, 0, 0, 0, 0, 0, 5, 1, 0, 0, 1, 0, 0, 0]]

