H123-compact:
([1, 1, 10, 2, 6, 2], ['h1', 'h3', 'h2', 'h2', 'h2', 'h2'])
H123:
[[1, 0, 0, 0, 0, 0], [0, 0, 10, 2, 6, 2], [0, 1, 0, 0, 0, 0]]
H123-compact:
([1, 1, 10, 2, 6], ['h1', 'h3', 'h2', 'h2', 'h2'])
H123:
[[1, 0, 0, 0, 0], [0, 0, 10, 2, 6], [0, 1, 0, 0, 0]]
H123-compact:
([1, 1, 10, 2, 6], ['h1', 'h3', 'h2', 'h2', 'h2'])
H123:
[[1, 0, 0, 0, 0], [0, 0, 10, 2, 6], [0, 1, 0, 0, 0]]
H123-compact:
([1, 1, 10, 2, 6], ['h1', 'h3', 'h2', 'h2', 'h2'])
H123:
[[1, 0, 0, 0, 0], [0, 0, 10, 2, 6], [0, 1, 0, 0, 0]]
H123-compact:
([1, 1, 10, 2, 6], ['h1', 'h3', 'h2', 'h2', 'h2'])
H123:
[[1, 0, 0, 0, 0], [0, 0, 10, 2, 6], [0, 1, 0, 0, 0]]
H123-compact:
([1, 1, 10, 2, 6], ['h1', 'h3', 'h2', 'h2', 'h2'])
H123:
[[1, 0, 0, 0, 0], [0, 0, 10, 2, 6], [0, 1, 0, 0, 0]]
H123-compact:
([1, 1, 10, 2, 6], ['h1', 'h3', 'h2', 'h2', 'h2'])
H123:
[[1, 0, 0, 0, 0], [0, 0, 10, 2, 6], [0, 1, 0, 0, 0]]
H123-compact:
([1, 1, 10, 2, 6], ['h1', 'h3', 'h2', 'h2', 'h2'])
H123:
[[1, 0, 0, 0, 0], [0, 0, 10, 2, 6], [0, 1, 0, 0, 0]]
H123-compact:
([1, 1, 10, 2, 6], ['h1', 'h3', 'h2', 'h2', 'h2'])
H123:
[[1, 0, 0, 0, 0], [0, 0, 10, 2, 6], [0, 1, 0, 0, 0]]
H123-compact:
([1, 1, 10, 2, 6], ['h1', 'h3', 'h2', 'h2', 'h2'])
H123:
[[1, 0, 0, 0, 0], [0, 0, 10, 2, 6], [0, 1, 0, 0, 0]]
H123-compact:
([1, 1, 10, 2, 6], ['h1', 'h3', 'h2', 'h2', 'h2'])
H123:
[[1, 0, 0, 0, 0], [0, 0, 10, 2, 6], [0, 1, 0, 0, 0]]
H123-compact:
([1, 1, 10, 2, 7], ['h1', 'h3', 'h2', 'h2', 'h2'])
H123:
[[1, 0, 0, 0, 0], [0, 0, 10, 2, 7], [0, 1, 0, 0, 0]]
H123-compact:
([1, 1, 10, 2, 6], ['h1', 'h3', 'h2', 'h2', 'h2'])
H123:
[[1, 0, 0, 0, 0], [0, 0, 10, 2, 6], [0, 1, 0, 0, 0]]
H123-compact:
([1, 1, 10, 2, 6], ['h1', 'h3', 'h2', 'h2', 'h2'])
H123:
[[1, 0, 0, 0, 0], [0, 0, 10, 2, 6], [0, 1, 0, 0, 0]]
H123-compact:
([1, 1, 10, 2, 6], ['h1', 'h3', 'h2', 'h2', 'h2'])
H123:
[[1, 0, 0, 0, 0], [0, 0, 10, 2, 6], [0, 1, 0, 0, 0]]
H123-compact:
([1, 1, 10, 2, 6], ['h1', 'h3', 'h2', 'h2', 'h2'])
H123:
[[1, 0, 0, 0, 0], [0, 0, 10, 2, 6], [0, 1, 0, 0, 0]]
H123-compact:
([1, 1, 10, 2, 6], ['h1', 'h3', 'h2', 'h2', 'h2'])
H123:
[[1, 0, 0, 0, 0], [0, 0, 10, 2, 6], [0, 1, 0, 0, 0]]
H123-compact:
([1, 1, 10, 2, 6], ['h1', 'h3', 'h2', 'h2', 'h2'])
H123:
[[1, 0, 0, 0, 0], [0, 0, 10, 2, 6], [0, 1, 0, 0, 0]]
H123-compact:
([1, 1, 10, 2, 6], ['h1', 'h3', 'h2', 'h2', 'h2'])
H123:
[[1, 0, 0, 0, 0], [0, 0, 10, 2, 6], [0, 1, 0, 0, 0]]
H123-compact:
([1, 1, 10, 2, 6], ['h1', 'h3', 'h2', 'h2', 'h2'])
H123:
[[1, 0, 0, 0, 0], [0, 0, 10, 2, 6], [0, 1, 0, 0, 0]]

