H123-compact:
([1, 1, 2, 1, 100, 14, 2, 1, 18, 3, 2, 3, 1, 1, 1, 5, 4, 10, 1, 9, 3, 1, 4, 5, 8, 15, 1, 1, 1, 6, 4, 1, 1, 3, 12, 2, 4, 4, 4, 4, 2], ['h1', 'h3', 'h1', 'h1', 'h2', 'h2', 'h3', 'h2', 'h2', 'h1', 'h2', 'h1', 'h1', 'h1', 'h1', 'h1', 'h2', 'h2', 'h3', 'h2', 'h2', 'h3', 'h2', 'h2', 'h2', 'h2', 'h3', 'h1', 'h1', 'h1', 'h3', 'h1', 'h1', 'h2', 'h2', 'h2', 'h1', 'h1', 'h1', 'h1', 'h2'])
H123:
[[1, 0, 2, 1, 0, 0, 0, 0, 0, 3, 0, 3, 1, 1, 1, 5, 0, 0, 0, 0, 0, 0, 0, 0, 0, 0, 0, 1, 1, 6, 0, 1, 1, 0, 0, 0, 4, 4, 4, 4, 0], [0, 0, 0, 0, 100, 14, 0, 1, 18, 0, 2, 0, 0, 0, 0, 0, 4, 10, 0, 9, 3, 0, 4, 5, 8, 15, 0, 0, 0, 0, 0, 0, 0, 3, 12, 2, 0, 0, 0, 0, 2], [0, 1, 0, 0, 0, 0, 2, 0, 0, 0, 0, 0, 0, 0, 0, 0, 0, 0, 1, 0, 0, 1, 0, 0, 0, 0, 1, 0, 0, 0, 4, 0, 0, 0, 0, 0, 0, 0, 0, 0, 0]]
H123-compact:
([1, 1, 2, 1, 2, 2, 22, 20, 13, 1, 4, 64, 3, 4, 1, 1, 1, 4, 7, 1, 4, 4, 4, 1, 8, 8, 5, 18, 18, 1, 6, 1, 1, 2, 3, 4, 4, 4, 4, 2, 2], ['h1', 'h3', 'h1', 'h1', 'h3', 'h2', 'h2', 'h2', 'h2', 'h2', 'h1', 'h2', 'h1', 'h1', 'h1', 'h1', 'h1', 'h2', 'h2', 'h3', 'h2', 'h2', 'h2', 'h3', 'h3', 'h2', 'h2', 'h2', 'h2', 'h3', 'h1', 'h1', 'h1', 'h1', 'h2', 'h1', 'h1', 'h1', 'h1', 'h2', 'h2'])
H123:
[[1, 0, 2, 1, 0, 0, 0, 0, 0, 0, 4, 0, 3, 4, 1, 1, 1, 0, 0, 0, 0, 0, 0, 0, 0, 0, 0, 0, 0, 0, 6, 1, 1, 2, 0, 4, 4, 4, 4, 0, 0], [0, 0, 0, 0, 0, 2, 22, 20, 13, 1, 0, 64, 0, 0, 0, 0, 0, 4, 7, 0, 4, 4, 4, 0, 0, 8, 5, 18, 18, 0, 0, 0, 0, 0, 3, 0, 0, 0, 0, 2, 2], [0, 1, 0, 0, 2, 0, 0, 0, 0, 0, 0, 0, 0, 0, 0, 0, 0, 0, 0, 1, 0, 0, 0, 1, 8, 0, 0, 0, 0, 1, 0, 0, 0, 0, 0, 0, 0, 0, 0, 0, 0]]
H123-compact:
([1, 1, 1, 2, 2, 2, 20, 1, 23, 13, 3, 64, 4, 1, 4, 1, 1, 5, 7, 1, 4, 5, 4, 1, 8, 6, 1, 1, 1, 6, 2, 10, 3, 8, 2, 4, 4, 4, 4, 2, 6], ['h1', 'h3', 'h1', 'h1', 'h3', 'h2', 'h2', 'h2', 'h2', 'h2', 'h1', 'h2', 'h1', 'h1', 'h1', 'h1', 'h1', 'h2', 'h2', 'h3', 'h2', 'h2', 'h2', 'h3', 'h3', 'h2', 'h3', 'h1', 'h1', 'h1', 'h1', 'h2', 'h2', 'h2', 'h2', 'h1', 'h1', 'h1', 'h1', 'h2', 'h2'])
H123:
[[1, 0, 1, 2, 0, 0, 0, 0, 0, 0, 3, 0, 4, 1, 4, 1, 1, 0, 0, 0, 0, 0, 0, 0, 0, 0, 0, 1, 1, 6, 2, 0, 0, 0, 0, 4, 4, 4, 4, 0, 0], [0, 0, 0, 0, 0, 2, 20, 1, 23, 13, 0, 64, 0, 0, 0, 0, 0, 5, 7, 0, 4, 5, 4, 0, 0, 6, 0, 0, 0, 0, 0, 10, 3, 8, 2, 0, 0, 0, 0, 2, 6], [0, 1, 0, 0, 2, 0, 0, 0, 0, 0, 0, 0, 0, 0, 0, 0, 0, 0, 0, 1, 0, 0, 0, 1, 8, 0, 1, 0, 0, 0, 0, 0, 0, 0, 0, 0, 0, 0, 0, 0, 0]]
H123-compact:
([1, 3, 2, 1, 2, 2, 20, 11, 21, 1, 3, 69, 3, 1, 1, 1, 5, 5, 9, 1, 7, 6, 5, 1, 1, 1, 1, 6, 4, 1, 1, 3, 2, 4, 10, 8, 2, 2, 5, 7, 2], ['h1', 'h3', 'h1', 'h1', 'h2', 'h3', 'h2', 'h2', 'h2', 'h2', 'h1', 'h2', 'h1', 'h1', 'h1', 'h1', 'h1', 'h2', 'h2', 'h3', 'h2', 'h2', 'h2', 'h3', 'h3', 'h1', 'h1', 'h1', 'h3', 'h1', 'h1', 'h2', 'h2', 'h2', 'h2', 'h2', 'h2', 'h2', 'h1', 'h1', 'h1'])
H123:
[[1, 0, 2, 1, 0, 0, 0, 0, 0, 0, 3, 0, 3, 1, 1, 1, 5, 0, 0, 0, 0, 0, 0, 0, 0, 1, 1, 6, 0, 1, 1, 0, 0, 0, 0, 0, 0, 0, 5, 7, 2], [0, 0, 0, 0, 2, 0, 20, 11, 21, 1, 0, 69, 0, 0, 0, 0, 0, 5, 9, 0, 7, 6, 5, 0, 0, 0, 0, 0, 0, 0, 0, 3, 2, 4, 10, 8, 2, 2, 0, 0, 0], [0, 3, 0, 0, 0, 2, 0, 0, 0, 0, 0, 0, 0, 0, 0, 0, 0, 0, 0, 1, 0, 0, 0, 1, 1, 0, 0, 0, 4, 0, 0, 0, 0, 0, 0, 0, 0, 0, 0, 0, 0]]
H123-compact:
([1, 1, 1, 2, 2, 105, 12, 18, 3, 1, 2, 3, 5, 1, 1, 1, 5, 7, 1, 7, 5, 5, 1, 5, 6, 1, 1, 1, 6, 4, 1, 1, 3, 10, 10, 2, 4, 4, 4, 4, 2], ['h1', 'h3', 'h1', 'h1', 'h3', 'h2', 'h2', 'h2', 'h1', 'h2', 'h2', 'h1', 'h1', 'h1', 'h1', 'h1', 'h2', 'h2', 'h3', 'h2', 'h2', 'h2', 'h3', 'h2', 'h2', 'h3', 'h1', 'h1', 'h1', 'h3', 'h1', 'h1', 'h2', 'h2', 'h2', 'h2', 'h1', 'h1', 'h1', 'h1', 'h2'])
H123:
[[1, 0, 1, 2, 0, 0, 0, 0, 3, 0, 0, 3, 5, 1, 1, 1, 0, 0, 0, 0, 0, 0, 0, 0, 0, 0, 1, 1, 6, 0, 1, 1, 0, 0, 0, 0, 4, 4, 4, 4, 0], [0, 0, 0, 0, 0, 105, 12, 18, 0, 1, 2, 0, 0, 0, 0, 0, 5, 7, 0, 7, 5, 5, 0, 5, 6, 0, 0, 0, 0, 0, 0, 0, 3, 10, 10, 2, 0, 0, 0, 0, 2], [0, 1, 0, 0, 2, 0, 0, 0, 0, 0, 0, 0, 0, 0, 0, 0, 0, 0, 1, 0, 0, 0, 1, 0, 0, 1, 0, 0, 0, 4, 0, 0, 0, 0, 0, 0, 0, 0, 0, 0, 0]]
H123-compact:
([1, 1, 2, 1, 2, 2, 19, 1, 3, 63, 20, 13, 4, 1, 4, 1, 1, 4, 7, 1, 4, 3, 4, 1, 8, 8, 6, 18, 1, 6, 1, 1, 2, 3, 8, 4, 4, 4, 4, 2, 2], ['h1', 'h3', 'h1', 'h1', 'h3', 'h2', 'h2', 'h2', 'h1', 'h2', 'h2', 'h2', 'h1', 'h1', 'h1', 'h1', 'h1', 'h2', 'h2', 'h3', 'h2', 'h2', 'h2', 'h3', 'h3', 'h2', 'h2', 'h2', 'h3', 'h1', 'h1', 'h1', 'h1', 'h2', 'h2', 'h1', 'h1', 'h1', 'h1', 'h2', 'h2'])
H123:
[[1, 0, 2, 1, 0, 0, 0, 0, 3, 0, 0, 0, 4, 1, 4, 1, 1, 0, 0, 0, 0, 0, 0, 0, 0, 0, 0, 0, 0, 6, 1, 1, 2, 0, 0, 4, 4, 4, 4, 0, 0], [0, 0, 0, 0, 0, 2, 19, 1, 0, 63, 20, 13, 0, 0, 0, 0, 0, 4, 7, 0, 4, 3, 4, 0, 0, 8, 6, 18, 0, 0, 0, 0, 0, 3, 8, 0, 0, 0, 0, 2, 2], [0, 1, 0, 0, 2, 0, 0, 0, 0, 0, 0, 0, 0, 0, 0, 0, 0, 0, 0, 1, 0, 0, 0, 1, 8, 0, 0, 0, 1, 0, 0, 0, 0, 0, 0, 0, 0, 0, 0, 0, 0]]
H123-compact:
([1, 1, 2, 1, 2, 2, 20, 12, 4, 1, 66, 14, 3, 1, 1, 1, 4, 5, 8, 1, 7, 5, 4, 1, 8, 5, 18, 1, 6, 1, 1, 4, 1, 1, 3, 7, 4, 4, 4, 4, 2, 2], ['h1', 'h3', 'h1', 'h1', 'h2', 'h3', 'h2', 'h2', 'h1', 'h2', 'h2', 'h2', 'h1', 'h1', 'h1', 'h1', 'h1', 'h2', 'h2', 'h3', 'h2', 'h2', 'h2', 'h3', 'h2', 'h2', 'h2', 'h3', 'h1', 'h1', 'h1', 'h3', 'h1', 'h1', 'h2', 'h2', 'h1', 'h1', 'h1', 'h1', 'h2', 'h2'])
H123:
[[1, 0, 2, 1, 0, 0, 0, 0, 4, 0, 0, 0, 3, 1, 1, 1, 4, 0, 0, 0, 0, 0, 0, 0, 0, 0, 0, 0, 6, 1, 1, 0, 1, 1, 0, 0, 4, 4, 4, 4, 0, 0], [0, 0, 0, 0, 2, 0, 20, 12, 0, 1, 66, 14, 0, 0, 0, 0, 0, 5, 8, 0, 7, 5, 4, 0, 8, 5, 18, 0, 0, 0, 0, 0, 0, 0, 3, 7, 0, 0, 0, 0, 2, 2], [0, 1, 0, 0, 0, 2, 0, 0, 0, 0, 0, 0, 0, 0, 0, 0, 0, 0, 0, 1, 0, 0, 0, 1, 0, 0, 0, 1, 0, 0, 0, 4, 0, 0, 0, 0, 0, 0, 0, 0, 0, 0]]
H123-compact:
([1, 1, 2, 1, 24, 2, 2, 13, 21, 1, 3, 64, 4, 1, 1, 4, 1, 5, 7, 1, 7, 5, 5, 1, 8, 1, 1, 1, 6, 4, 1, 1, 3, 11, 8, 2, 4, 4, 4, 4, 2, 6], ['h1', 'h3', 'h1', 'h1', 'h2', 'h3', 'h2', 'h2', 'h2', 'h2', 'h1', 'h2', 'h1', 'h1', 'h1', 'h1', 'h1', 'h2', 'h2', 'h3', 'h2', 'h2', 'h2', 'h3', 'h2', 'h3', 'h1', 'h1', 'h1', 'h3', 'h1', 'h1', 'h2', 'h2', 'h2', 'h2', 'h1', 'h1', 'h1', 'h1', 'h2', 'h2'])
H123:
[[1, 0, 2, 1, 0, 0, 0, 0, 0, 0, 3, 0, 4, 1, 1, 4, 1, 0, 0, 0, 0, 0, 0, 0, 0, 0, 1, 1, 6, 0, 1, 1, 0, 0, 0, 0, 4, 4, 4, 4, 0, 0], [0, 0, 0, 0, 24, 0, 2, 13, 21, 1, 0, 64, 0, 0, 0, 0, 0, 5, 7, 0, 7, 5, 5, 0, 8, 0, 0, 0, 0, 0, 0, 0, 3, 11, 8, 2, 0, 0, 0, 0, 2, 6], [0, 1, 0, 0, 0, 2, 0, 0, 0, 0, 0, 0, 0, 0, 0, 0, 0, 0, 0, 1, 0, 0, 0, 1, 0, 1, 0, 0, 0, 4, 0, 0, 0, 0, 0, 0, 0, 0, 0, 0, 0, 0]]
H123-compact:
([1, 1, 1, 2, 2, 2, 18, 22, 12, 1, 4, 69, 4, 1, 3, 1, 1, 5, 7, 1, 7, 6, 1, 4, 7, 1, 1, 4, 1, 4, 1, 1, 3, 12, 9, 2, 4, 4, 4, 4, 2, 6], ['h1', 'h3', 'h1', 'h1', 'h3', 'h2', 'h2', 'h2', 'h2', 'h2', 'h1', 'h2', 'h1', 'h1', 'h1', 'h1', 'h1', 'h2', 'h2', 'h3', 'h2', 'h2', 'h3', 'h2', 'h2', 'h3', 'h1', 'h1', 'h1', 'h3', 'h1', 'h1', 'h2', 'h2', 'h2', 'h2', 'h1', 'h1', 'h1', 'h1', 'h2', 'h2'])
H123:
[[1, 0, 1, 2, 0, 0, 0, 0, 0, 0, 4, 0, 4, 1, 3, 1, 1, 0, 0, 0, 0, 0, 0, 0, 0, 0, 1, 4, 1, 0, 1, 1, 0, 0, 0, 0, 4, 4, 4, 4, 0, 0], [0, 0, 0, 0, 0, 2, 18, 22, 12, 1, 0, 69, 0, 0, 0, 0, 0, 5, 7, 0, 7, 6, 0, 4, 7, 0, 0, 0, 0, 0, 0, 0, 3, 12, 9, 2, 0, 0, 0, 0, 2, 6], [0, 1, 0, 0, 2, 0, 0, 0, 0, 0, 0, 0, 0, 0, 0, 0, 0, 0, 0, 1, 0, 0, 1, 0, 0, 1, 0, 0, 0, 4, 0, 0, 0, 0, 0, 0, 0, 0, 0, 0, 0, 0]]
H123-compact:
([1, 1, 2, 1, 2, 21, 2, 12, 1, 65, 1, 18, 3, 4, 1, 1, 4, 4, 9, 2, 8, 4, 5, 5, 8, 1, 18, 17, 1, 6, 1, 1, 4, 1, 1, 3, 4, 4, 4, 4, 2, 2], ['h1', 'h3', 'h1', 'h1', 'h3', 'h2', 'h2', 'h2', 'h1', 'h2', 'h2', 'h2', 'h1', 'h1', 'h1', 'h1', 'h1', 'h2', 'h2', 'h3', 'h2', 'h2', 'h2', 'h2', 'h2', 'h3', 'h2', 'h2', 'h3', 'h1', 'h1', 'h1', 'h3', 'h1', 'h1', 'h2', 'h1', 'h1', 'h1', 'h1', 'h2', 'h2'])
H123:
[[1, 0, 2, 1, 0, 0, 0, 0, 1, 0, 0, 0, 3, 4, 1, 1, 4, 0, 0, 0, 0, 0, 0, 0, 0, 0, 0, 0, 0, 6, 1, 1, 0, 1, 1, 0, 4, 4, 4, 4, 0, 0], [0, 0, 0, 0, 0, 21, 2, 12, 0, 65, 1, 18, 0, 0, 0, 0, 0, 4, 9, 0, 8, 4, 5, 5, 8, 0, 18, 17, 0, 0, 0, 0, 0, 0, 0, 3, 0, 0, 0, 0, 2, 2], [0, 1, 0, 0, 2, 0, 0, 0, 0, 0, 0, 0, 0, 0, 0, 0, 0, 0, 0, 2, 0, 0, 0, 0, 0, 1, 0, 0, 1, 0, 0, 0, 4, 0, 0, 0, 0, 0, 0, 0, 0, 0]]
H123-compact:
([1, 1, 1, 2, 2, 21, 20, 13, 2, 4, 1, 63, 3, 4, 1, 1, 1, 4, 1, 8, 8, 6, 4, 1, 8, 5, 16, 1, 1, 1, 6, 4, 1, 3, 1, 10, 4, 4, 4, 4, 2, 2], ['h1', 'h3', 'h1', 'h1', 'h2', 'h2', 'h2', 'h2', 'h3', 'h1', 'h2', 'h2', 'h1', 'h1', 'h1', 'h1', 'h1', 'h2', 'h3', 'h2', 'h2', 'h2', 'h2', 'h3', 'h2', 'h2', 'h2', 'h3', 'h1', 'h1', 'h1', 'h3', 'h1', 'h2', 'h1', 'h2', 'h1', 'h1', 'h1', 'h1', 'h2', 'h2'])
H123:
[[1, 0, 1, 2, 0, 0, 0, 0, 0, 4, 0, 0, 3, 4, 1, 1, 1, 0, 0, 0, 0, 0, 0, 0, 0, 0, 0, 0, 1, 1, 6, 0, 1, 0, 1, 0, 4, 4, 4, 4, 0, 0], [0, 0, 0, 0, 2, 21, 20, 13, 0, 0, 1, 63, 0, 0, 0, 0, 0, 4, 0, 8, 8, 6, 4, 0, 8, 5, 16, 0, 0, 0, 0, 0, 0, 3, 0, 10, 0, 0, 0, 0, 2, 2], [0, 1, 0, 0, 0, 0, 0, 0, 2, 0, 0, 0, 0, 0, 0, 0, 0, 0, 1, 0, 0, 0, 0, 1, 0, 0, 0, 1, 0, 0, 0, 4, 0, 0, 0, 0, 0, 0, 0, 0, 0, 0]]
H123-compact:
([1, 1, 2, 1, 2, 21, 2, 13, 21, 1, 3, 67, 1, 1, 1, 3, 5, 4, 7, 2, 8, 5, 1, 4, 6, 1, 6, 1, 1, 4, 1, 1, 10, 3, 8, 2, 4, 4, 4, 4, 2, 7], ['h1', 'h3', 'h1', 'h1', 'h3', 'h2', 'h2', 'h2', 'h2', 'h2', 'h1', 'h2', 'h1', 'h1', 'h1', 'h1', 'h1', 'h2', 'h2', 'h3', 'h2', 'h2', 'h3', 'h2', 'h2', 'h3', 'h1', 'h1', 'h1', 'h3', 'h1', 'h1', 'h2', 'h2', 'h2', 'h2', 'h1', 'h1', 'h1', 'h1', 'h2', 'h2'])
H123:
[[1, 0, 2, 1, 0, 0, 0, 0, 0, 0, 3, 0, 1, 1, 1, 3, 5, 0, 0, 0, 0, 0, 0, 0, 0, 0, 6, 1, 1, 0, 1, 1, 0, 0, 0, 0, 4, 4, 4, 4, 0, 0], [0, 0, 0, 0, 0, 21, 2, 13, 21, 1, 0, 67, 0, 0, 0, 0, 0, 4, 7, 0, 8, 5, 0, 4, 6, 0, 0, 0, 0, 0, 0, 0, 10, 3, 8, 2, 0, 0, 0, 0, 2, 7], [0, 1, 0, 0, 2, 0, 0, 0, 0, 0, 0, 0, 0, 0, 0, 0, 0, 0, 0, 2, 0, 0, 1, 0, 0, 1, 0, 0, 0, 4, 0, 0, 0, 0, 0, 0, 0, 0, 0, 0, 0, 0]]
H123-compact:
([1, 1, 2, 1, 2, 2, 1, 3, 18, 14, 66, 19, 4, 4, 1, 1, 1, 5, 7, 1, 4, 3, 1, 4, 8, 6, 1, 1, 1, 6, 1, 1, 3, 10, 7, 2, 4, 4, 4, 4, 2, 6], ['h1', 'h3', 'h1', 'h1', 'h3', 'h2', 'h2', 'h1', 'h2', 'h2', 'h2', 'h2', 'h1', 'h1', 'h1', 'h1', 'h1', 'h2', 'h2', 'h3', 'h2', 'h2', 'h3', 'h2', 'h3', 'h2', 'h3', 'h1', 'h1', 'h1', 'h1', 'h1', 'h2', 'h2', 'h2', 'h2', 'h1', 'h1', 'h1', 'h1', 'h2', 'h2'])
H123:
[[1, 0, 2, 1, 0, 0, 0, 3, 0, 0, 0, 0, 4, 4, 1, 1, 1, 0, 0, 0, 0, 0, 0, 0, 0, 0, 0, 1, 1, 6, 1, 1, 0, 0, 0, 0, 4, 4, 4, 4, 0, 0], [0, 0, 0, 0, 0, 2, 1, 0, 18, 14, 66, 19, 0, 0, 0, 0, 0, 5, 7, 0, 4, 3, 0, 4, 0, 6, 0, 0, 0, 0, 0, 0, 3, 10, 7, 2, 0, 0, 0, 0, 2, 6], [0, 1, 0, 0, 2, 0, 0, 0, 0, 0, 0, 0, 0, 0, 0, 0, 0, 0, 0, 1, 0, 0, 1, 0, 8, 0, 1, 0, 0, 0, 0, 0, 0, 0, 0, 0, 0, 0, 0, 0, 0, 0]]
H123-compact:
([1, 1, 2, 1, 2, 18, 13, 2, 18, 1, 66, 4, 3, 1, 4, 1, 1, 4, 8, 1, 7, 4, 5, 1, 5, 8, 1, 1, 1, 4, 4, 2, 3, 12, 8, 2, 4, 4, 4, 4, 2], ['h1', 'h3', 'h1', 'h1', 'h3', 'h2', 'h2', 'h2', 'h2', 'h2', 'h2', 'h1', 'h1', 'h1', 'h1', 'h1', 'h1', 'h2', 'h2', 'h3', 'h2', 'h2', 'h2', 'h3', 'h2', 'h2', 'h3', 'h1', 'h1', 'h1', 'h3', 'h1', 'h2', 'h2', 'h2', 'h2', 'h1', 'h1', 'h1', 'h1', 'h2'])
H123:
[[1, 0, 2, 1, 0, 0, 0, 0, 0, 0, 0, 4, 3, 1, 4, 1, 1, 0, 0, 0, 0, 0, 0, 0, 0, 0, 0, 1, 1, 4, 0, 2, 0, 0, 0, 0, 4, 4, 4, 4, 0], [0, 0, 0, 0, 0, 18, 13, 2, 18, 1, 66, 0, 0, 0, 0, 0, 0, 4, 8, 0, 7, 4, 5, 0, 5, 8, 0, 0, 0, 0, 0, 0, 3, 12, 8, 2, 0, 0, 0, 0, 2], [0, 1, 0, 0, 2, 0, 0, 0, 0, 0, 0, 0, 0, 0, 0, 0, 0, 0, 0, 1, 0, 0, 0, 1, 0, 0, 1, 0, 0, 0, 4, 0, 0, 0, 0, 0, 0, 0, 0, 0, 0]]
H123-compact:
([1, 1, 2, 1, 108, 12, 18, 2, 3, 1, 2, 3, 5, 1, 1, 1, 4, 8, 1, 6, 6, 4, 1, 8, 1, 6, 1, 1, 6, 1, 1, 10, 3, 8, 4, 4, 4, 4, 2, 2, 7], ['h1', 'h3', 'h1', 'h1', 'h2', 'h2', 'h2', 'h2', 'h1', 'h2', 'h3', 'h1', 'h1', 'h1', 'h1', 'h1', 'h2', 'h2', 'h3', 'h2', 'h2', 'h2', 'h3', 'h2', 'h3', 'h1', 'h1', 'h1', 'h3', 'h1', 'h1', 'h2', 'h2', 'h2', 'h1', 'h1', 'h1', 'h1', 'h2', 'h2', 'h2'])
H123:
[[1, 0, 2, 1, 0, 0, 0, 0, 3, 0, 0, 3, 5, 1, 1, 1, 0, 0, 0, 0, 0, 0, 0, 0, 0, 6, 1, 1, 0, 1, 1, 0, 0, 0, 4, 4, 4, 4, 0, 0, 0], [0, 0, 0, 0, 108, 12, 18, 2, 0, 1, 0, 0, 0, 0, 0, 0, 4, 8, 0, 6, 6, 4, 0, 8, 0, 0, 0, 0, 0, 0, 0, 10, 3, 8, 0, 0, 0, 0, 2, 2, 7], [0, 1, 0, 0, 0, 0, 0, 0, 0, 0, 2, 0, 0, 0, 0, 0, 0, 0, 1, 0, 0, 0, 1, 0, 1, 0, 0, 0, 6, 0, 0, 0, 0, 0, 0, 0, 0, 0, 0, 0, 0]]
H123-compact:
([1, 1, 1, 2, 2, 2, 21, 22, 12, 1, 3, 65, 4, 1, 1, 4, 1, 5, 9, 1, 8, 5, 4, 1, 8, 5, 16, 1, 6, 1, 1, 4, 1, 1, 3, 8, 4, 4, 4, 4, 2, 2], ['h1', 'h3', 'h1', 'h1', 'h3', 'h2', 'h2', 'h2', 'h2', 'h2', 'h1', 'h2', 'h1', 'h1', 'h1', 'h1', 'h1', 'h2', 'h2', 'h3', 'h2', 'h2', 'h2', 'h3', 'h2', 'h2', 'h2', 'h3', 'h1', 'h1', 'h1', 'h3', 'h1', 'h1', 'h2', 'h2', 'h1', 'h1', 'h1', 'h1', 'h2', 'h2'])
H123:
[[1, 0, 1, 2, 0, 0, 0, 0, 0, 0, 3, 0, 4, 1, 1, 4, 1, 0, 0, 0, 0, 0, 0, 0, 0, 0, 0, 0, 6, 1, 1, 0, 1, 1, 0, 0, 4, 4, 4, 4, 0, 0], [0, 0, 0, 0, 0, 2, 21, 22, 12, 1, 0, 65, 0, 0, 0, 0, 0, 5, 9, 0, 8, 5, 4, 0, 8, 5, 16, 0, 0, 0, 0, 0, 0, 0, 3, 8, 0, 0, 0, 0, 2, 2], [0, 1, 0, 0, 2, 0, 0, 0, 0, 0, 0, 0, 0, 0, 0, 0, 0, 0, 0, 1, 0, 0, 0, 1, 0, 0, 0, 1, 0, 0, 0, 4, 0, 0, 0, 0, 0, 0, 0, 0, 0, 0]]
H123-compact:
([1, 1, 1, 2, 2, 2, 21, 11, 21, 1, 3, 66, 1, 4, 4, 1, 1, 5, 7, 1, 4, 4, 4, 1, 8, 5, 6, 1, 6, 1, 1, 1, 1, 3, 12, 10, 2, 4, 4, 4, 4, 2], ['h1', 'h3', 'h1', 'h1', 'h3', 'h2', 'h2', 'h2', 'h2', 'h2', 'h1', 'h2', 'h1', 'h1', 'h1', 'h1', 'h1', 'h2', 'h2', 'h3', 'h2', 'h2', 'h2', 'h3', 'h3', 'h2', 'h2', 'h3', 'h1', 'h1', 'h1', 'h1', 'h1', 'h2', 'h2', 'h2', 'h2', 'h1', 'h1', 'h1', 'h1', 'h2'])
H123:
[[1, 0, 1, 2, 0, 0, 0, 0, 0, 0, 3, 0, 1, 4, 4, 1, 1, 0, 0, 0, 0, 0, 0, 0, 0, 0, 0, 0, 6, 1, 1, 1, 1, 0, 0, 0, 0, 4, 4, 4, 4, 0], [0, 0, 0, 0, 0, 2, 21, 11, 21, 1, 0, 66, 0, 0, 0, 0, 0, 5, 7, 0, 4, 4, 4, 0, 0, 5, 6, 0, 0, 0, 0, 0, 0, 3, 12, 10, 2, 0, 0, 0, 0, 2], [0, 1, 0, 0, 2, 0, 0, 0, 0, 0, 0, 0, 0, 0, 0, 0, 0, 0, 0, 1, 0, 0, 0, 1, 8, 0, 0, 1, 0, 0, 0, 0, 0, 0, 0, 0, 0, 0, 0, 0, 0, 0]]
H123-compact:
([1, 1, 2, 1, 2, 21, 10, 2, 1, 3, 20, 71, 4, 1, 4, 1, 1, 5, 7, 1, 4, 3, 1, 4, 9, 5, 6, 1, 1, 1, 6, 1, 1, 3, 12, 8, 2, 4, 4, 4, 4, 2], ['h1', 'h3', 'h1', 'h1', 'h3', 'h2', 'h2', 'h2', 'h2', 'h1', 'h2', 'h2', 'h1', 'h1', 'h1', 'h1', 'h1', 'h2', 'h2', 'h3', 'h2', 'h2', 'h3', 'h2', 'h3', 'h2', 'h2', 'h3', 'h1', 'h1', 'h1', 'h1', 'h1', 'h2', 'h2', 'h2', 'h2', 'h1', 'h1', 'h1', 'h1', 'h2'])
H123:
[[1, 0, 2, 1, 0, 0, 0, 0, 0, 3, 0, 0, 4, 1, 4, 1, 1, 0, 0, 0, 0, 0, 0, 0, 0, 0, 0, 0, 1, 1, 6, 1, 1, 0, 0, 0, 0, 4, 4, 4, 4, 0], [0, 0, 0, 0, 0, 21, 10, 2, 1, 0, 20, 71, 0, 0, 0, 0, 0, 5, 7, 0, 4, 3, 0, 4, 0, 5, 6, 0, 0, 0, 0, 0, 0, 3, 12, 8, 2, 0, 0, 0, 0, 2], [0, 1, 0, 0, 2, 0, 0, 0, 0, 0, 0, 0, 0, 0, 0, 0, 0, 0, 0, 1, 0, 0, 1, 0, 9, 0, 0, 1, 0, 0, 0, 0, 0, 0, 0, 0, 0, 0, 0, 0, 0, 0]]
H123-compact:
([1, 1, 1, 2, 2, 2, 20, 1, 19, 11, 4, 65, 4, 3, 1, 1, 1, 4, 9, 1, 8, 5, 4, 1, 8, 16, 20, 2, 3, 1, 1, 6, 4, 1, 1, 3, 4, 4, 4, 4, 2, 6], ['h1', 'h3', 'h1', 'h1', 'h3', 'h2', 'h2', 'h2', 'h2', 'h2', 'h1', 'h2', 'h1', 'h1', 'h1', 'h1', 'h1', 'h2', 'h2', 'h3', 'h2', 'h2', 'h2', 'h3', 'h2', 'h2', 'h2', 'h3', 'h2', 'h1', 'h1', 'h1', 'h3', 'h1', 'h1', 'h2', 'h1', 'h1', 'h1', 'h1', 'h2', 'h2'])
H123:
[[1, 0, 1, 2, 0, 0, 0, 0, 0, 0, 4, 0, 4, 3, 1, 1, 1, 0, 0, 0, 0, 0, 0, 0, 0, 0, 0, 0, 0, 1, 1, 6, 0, 1, 1, 0, 4, 4, 4, 4, 0, 0], [0, 0, 0, 0, 0, 2, 20, 1, 19, 11, 0, 65, 0, 0, 0, 0, 0, 4, 9, 0, 8, 5, 4, 0, 8, 16, 20, 0, 3, 0, 0, 0, 0, 0, 0, 3, 0, 0, 0, 0, 2, 6], [0, 1, 0, 0, 2, 0, 0, 0, 0, 0, 0, 0, 0, 0, 0, 0, 0, 0, 0, 1, 0, 0, 0, 1, 0, 0, 0, 2, 0, 0, 0, 0, 4, 0, 0, 0, 0, 0, 0, 0, 0, 0]]
H123-compact:
([1, 1, 2, 1, 2, 22, 14, 3, 19, 1, 4, 64, 1, 1, 3, 1, 4, 4, 7, 1, 8, 6, 4, 1, 8, 16, 17, 2, 4, 7, 7, 7, 7, 1, 1, 6, 4, 1, 1, 3, 2, 6], ['h1', 'h3', 'h1', 'h1', 'h3', 'h2', 'h2', 'h2', 'h2', 'h2', 'h1', 'h2', 'h1', 'h1', 'h1', 'h1', 'h1', 'h2', 'h2', 'h3', 'h2', 'h2', 'h2', 'h3', 'h2', 'h2', 'h2', 'h3', 'h2', 'h1', 'h1', 'h1', 'h1', 'h1', 'h1', 'h1', 'h3', 'h1', 'h1', 'h2', 'h2', 'h2'])
H123:
[[1, 0, 2, 1, 0, 0, 0, 0, 0, 0, 4, 0, 1, 1, 3, 1, 4, 0, 0, 0, 0, 0, 0, 0, 0, 0, 0, 0, 0, 7, 7, 7, 7, 1, 1, 6, 0, 1, 1, 0, 0, 0], [0, 0, 0, 0, 0, 22, 14, 3, 19, 1, 0, 64, 0, 0, 0, 0, 0, 4, 7, 0, 8, 6, 4, 0, 8, 16, 17, 0, 4, 0, 0, 0, 0, 0, 0, 0, 0, 0, 0, 3, 2, 6], [0, 1, 0, 0, 2, 0, 0, 0, 0, 0, 0, 0, 0, 0, 0, 0, 0, 0, 0, 1, 0, 0, 0, 1, 0, 0, 0, 2, 0, 0, 0, 0, 0, 0, 0, 0, 4, 0, 0, 0, 0, 0]]

