H123-compact:
([1, 1, 1, 15, 26, 1, 2, 2, 6, 2], ['h1', 'h3', 'h2', 'h2', 'h2', 'h2', 'h2', 'h2', 'h2', 'h2'])
H123:
[[1, 0, 0, 0, 0, 0, 0, 0, 0, 0], [0, 0, 1, 15, 26, 1, 2, 2, 6, 2], [0, 1, 0, 0, 0, 0, 0, 0, 0, 0]]
H123-compact:
([1, 1, 1, 19, 24, 1, 2, 2, 6, 2], ['h1', 'h3', 'h2', 'h2', 'h2', 'h2', 'h2', 'h2', 'h2', 'h2'])
H123:
[[1, 0, 0, 0, 0, 0, 0, 0, 0, 0], [0, 0, 1, 19, 24, 1, 2, 2, 6, 2], [0, 1, 0, 0, 0, 0, 0, 0, 0, 0]]
H123-compact:
([1, 1, 1, 18, 25, 1, 2, 2, 6, 2], ['h1', 'h3', 'h2', 'h2', 'h2', 'h2', 'h2', 'h2', 'h2', 'h2'])
H123:
[[1, 0, 0, 0, 0, 0, 0, 0, 0, 0], [0, 0, 1, 18, 25, 1, 2, 2, 6, 2], [0, 1, 0, 0, 0, 0, 0, 0, 0, 0]]
H123-compact:
([1, 1, 1, 14, 27, 1, 2, 2, 6, 2], ['h1', 'h3', 'h2', 'h2', 'h2', 'h2', 'h2', 'h2', 'h2', 'h2'])
H123:
[[1, 0, 0, 0, 0, 0, 0, 0, 0, 0], [0, 0, 1, 14, 27, 1, 2, 2, 6, 2], [0, 1, 0, 0, 0, 0, 0, 0, 0, 0]]
H123-compact:
([1, 1, 1, 13, 27, 1, 2, 2, 6, 2], ['h1', 'h3', 'h2', 'h2', 'h2', 'h2', 'h2', 'h2', 'h2', 'h2'])
H123:
[[1, 0, 0, 0, 0, 0, 0, 0, 0, 0], [0, 0, 1, 13, 27, 1, 2, 2, 6, 2], [0, 1, 0, 0, 0, 0, 0, 0, 0, 0]]
H123-compact:
([1, 1, 1, 17, 27, 1, 2, 2, 6, 2], ['h1', 'h3', 'h2', 'h2', 'h2', 'h2', 'h2', 'h2', 'h2', 'h2'])
H123:
[[1, 0, 0, 0, 0, 0, 0, 0, 0, 0], [0, 0, 1, 17, 27, 1, 2, 2, 6, 2], [0, 1, 0, 0, 0, 0, 0, 0, 0, 0]]
H123-compact:
([1, 1, 1, 19, 27, 1, 2, 2, 6, 2], ['h1', 'h3', 'h2', 'h2', 'h2', 'h2', 'h2', 'h2', 'h2', 'h2'])
H123:
[[1, 0, 0, 0, 0, 0, 0, 0, 0, 0], [0, 0, 1, 19, 27, 1, 2, 2, 6, 2], [0, 1, 0, 0, 0, 0, 0, 0, 0, 0]]
H123-compact:
([1, 1, 1, 17, 27, 2, 1, 2, 6, 2], ['h1', 'h3', 'h2', 'h2', 'h2', 'h2', 'h2', 'h2', 'h2', 'h2'])
H123:
[[1, 0, 0, 0, 0, 0, 0, 0, 0, 0], [0, 0, 1, 17, 27, 2, 1, 2, 6, 2], [0, 1, 0, 0, 0, 0, 0, 0, 0, 0]]
H123-compact:
([1, 1, 1, 17, 24, 1, 2, 2, 6, 2], ['h1', 'h3', 'h2', 'h2', 'h2', 'h2', 'h2', 'h2', 'h2', 'h2'])
H123:
[[1, 0, 0, 0, 0, 0, 0, 0, 0, 0], [0, 0, 1, 17, 24, 1, 2, 2, 6, 2], [0, 1, 0, 0, 0, 0, 0, 0, 0, 0]]
H123-compact:
([1, 1, 1, 14, 25, 1, 2, 2, 6, 2], ['h1', 'h3', 'h2', 'h2', 'h2', 'h2', 'h2', 'h2', 'h2', 'h2'])
H123:
[[1, 0, 0, 0, 0, 0, 0, 0, 0, 0], [0, 0, 1, 14, 25, 1, 2, 2, 6, 2], [0, 1, 0, 0, 0, 0, 0, 0, 0, 0]]
H123-compact:
([1, 1, 1, 16, 24, 1, 2, 2, 6, 2], ['h1', 'h3', 'h2', 'h2', 'h2', 'h2', 'h2', 'h2', 'h2', 'h2'])
H123:
[[1, 0, 0, 0, 0, 0, 0, 0, 0, 0], [0, 0, 1, 16, 24, 1, 2, 2, 6, 2], [0, 1, 0, 0, 0, 0, 0, 0, 0, 0]]
H123-compact:
([1, 1, 1, 14, 27, 1, 2, 2, 6, 2], ['h1', 'h3', 'h2', 'h2', 'h2', 'h2', 'h2', 'h2', 'h2', 'h2'])
H123:
[[1, 0, 0, 0, 0, 0, 0, 0, 0, 0], [0, 0, 1, 14, 27, 1, 2, 2, 6, 2], [0, 1, 0, 0, 0, 0, 0, 0, 0, 0]]
H123-compact:
([1, 1, 1, 17, 25, 1, 2, 2, 6, 2], ['h1', 'h3', 'h2', 'h2', 'h2', 'h2', 'h2', 'h2', 'h2', 'h2'])
H123:
[[1, 0, 0, 0, 0, 0, 0, 0, 0, 0], [0, 0, 1, 17, 25, 1, 2, 2, 6, 2], [0, 1, 0, 0, 0, 0, 0, 0, 0, 0]]
H123-compact:
([1, 1, 1, 19, 24, 1, 2, 2, 6, 2], ['h1', 'h3', 'h2', 'h2', 'h2', 'h2', 'h2', 'h2', 'h2', 'h2'])
H123:
[[1, 0, 0, 0, 0, 0, 0, 0, 0, 0], [0, 0, 1, 19, 24, 1, 2, 2, 6, 2], [0, 1, 0, 0, 0, 0, 0, 0, 0, 0]]
H123-compact:
([1, 1, 1, 18, 25, 1, 2, 2, 6], ['h1', 'h3', 'h2', 'h2', 'h2', 'h2', 'h2', 'h2', 'h2'])
H123:
[[1, 0, 0, 0, 0, 0, 0, 0, 0], [0, 0, 1, 18, 25, 1, 2, 2, 6], [0, 1, 0, 0, 0, 0, 0, 0, 0]]
H123-compact:
([1, 1, 1, 16, 23, 1, 2, 2, 6, 2], ['h1', 'h3', 'h2', 'h2', 'h2', 'h2', 'h2', 'h2', 'h2', 'h2'])
H123:
[[1, 0, 0, 0, 0, 0, 0, 0, 0, 0], [0, 0, 1, 16, 23, 1, 2, 2, 6, 2], [0, 1, 0, 0, 0, 0, 0, 0, 0, 0]]
H123-compact:
([1, 1, 1, 18, 25, 1, 2, 2, 6, 2], ['h1', 'h3', 'h2', 'h2', 'h2', 'h2', 'h2', 'h2', 'h2', 'h2'])
H123:
[[1, 0, 0, 0, 0, 0, 0, 0, 0, 0], [0, 0, 1, 18, 25, 1, 2, 2, 6, 2], [0, 1, 0, 0, 0, 0, 0, 0, 0, 0]]
H123-compact:
([1, 1, 1, 18, 27, 1, 2, 2, 6, 2], ['h1', 'h3', 'h2', 'h2', 'h2', 'h2', 'h2', 'h2', 'h2', 'h2'])
H123:
[[1, 0, 0, 0, 0, 0, 0, 0, 0, 0], [0, 0, 1, 18, 27, 1, 2, 2, 6, 2], [0, 1, 0, 0, 0, 0, 0, 0, 0, 0]]
H123-compact:
([1, 1, 1, 18, 25, 1, 2, 2, 6, 2], ['h1', 'h3', 'h2', 'h2', 'h2', 'h2', 'h2', 'h2', 'h2', 'h2'])
H123:
[[1, 0, 0, 0, 0, 0, 0, 0, 0, 0], [0, 0, 1, 18, 25, 1, 2, 2, 6, 2], [0, 1, 0, 0, 0, 0, 0, 0, 0, 0]]
H123-compact:
([1, 1, 1, 17, 26, 1, 2, 2, 6, 2, 1], ['h1', 'h3', 'h2', 'h2', 'h2', 'h2', 'h2', 'h2', 'h2', 'h2', 'h1'])
H123:
[[1, 0, 0, 0, 0, 0, 0, 0, 0, 0, 1], [0, 0, 1, 17, 26, 1, 2, 2, 6, 2, 0], [0, 1, 0, 0, 0, 0, 0, 0, 0, 0, 0]]

