H123-compact:
([1, 1, 6, 3, 12, 1, 271, 18, 2, 44, 1, 3, 1, 2, 2, 2, 1, 3, 12, 6, 2, 2, 3, 1], ['h1', 'h3', 'h2', 'h2', 'h2', 'h3', 'h3', 'h3', 'h2', 'h3', 'h3', 'h2', 'h2', 'h2', 'h3', 'h2', 'h3', 'h2', 'h3', 'h2', 'h3', 'h2', 'h2', 'h1'])
H123:
[[1, 0, 0, 0, 0, 0, 0, 0, 0, 0, 0, 0, 0, 0, 0, 0, 0, 0, 0, 0, 0, 0, 0, 1], [0, 0, 6, 3, 12, 0, 0, 0, 2, 0, 0, 3, 1, 2, 0, 2, 0, 3, 0, 6, 0, 2, 3, 0], [0, 1, 0, 0, 0, 1, 271, 18, 0, 44, 1, 0, 0, 0, 2, 0, 1, 0, 12, 0, 2, 0, 0, 0]]
H123-compact:
([1, 1, 9, 7, 23, 358, 1, 2, 1, 2, 2, 3, 10, 6, 2, 2, 3], ['h1', 'h3', 'h2', 'h2', 'h3', 'h3', 'h2', 'h2', 'h2', 'h3', 'h2', 'h2', 'h3', 'h2', 'h3', 'h2', 'h2'])
H123:
[[1, 0, 0, 0, 0, 0, 0, 0, 0, 0, 0, 0, 0, 0, 0, 0, 0], [0, 0, 9, 7, 0, 0, 1, 2, 1, 0, 2, 3, 0, 6, 0, 2, 3], [0, 1, 0, 0, 23, 358, 0, 0, 0, 2, 0, 0, 10, 0, 2, 0, 0]]
H123-compact:
([1, 1, 11, 10, 25, 373, 1, 2, 1, 1, 1, 2, 3, 6, 2, 12, 2, 2, 3], ['h1', 'h3', 'h2', 'h2', 'h3', 'h3', 'h2', 'h2', 'h2', 'h3', 'h3', 'h2', 'h2', 'h2', 'h3', 'h3', 'h3', 'h2', 'h2'])
H123:
[[1, 0, 0, 0, 0, 0, 0, 0, 0, 0, 0, 0, 0, 0, 0, 0, 0, 0, 0], [0, 0, 11, 10, 0, 0, 1, 2, 1, 0, 0, 2, 3, 6, 0, 0, 0, 2, 3], [0, 1, 0, 0, 25, 373, 0, 0, 0, 1, 1, 0, 0, 0, 2, 12, 2, 0, 0]]
H123-compact:
([1, 1, 5, 12, 1, 260, 3, 1, 2, 15, 4, 1, 1, 1, 1, 6, 2, 2, 3, 10, 2, 2, 3], ['h1', 'h3', 'h2', 'h2', 'h3', 'h3', 'h3', 'h2', 'h2', 'h2', 'h3', 'h3', 'h2', 'h3', 'h3', 'h2', 'h2', 'h3', 'h2', 'h3', 'h3', 'h2', 'h2'])
H123:
[[1, 0, 0, 0, 0, 0, 0, 0, 0, 0, 0, 0, 0, 0, 0, 0, 0, 0, 0, 0, 0, 0, 0], [0, 0, 5, 12, 0, 0, 0, 1, 2, 15, 0, 0, 1, 0, 0, 6, 2, 0, 3, 0, 0, 2, 3], [0, 1, 0, 0, 1, 260, 3, 0, 0, 0, 4, 1, 0, 1, 1, 0, 0, 2, 0, 10, 2, 0, 0]]
H123-compact:
([1, 1, 5, 12, 1, 262, 2, 1, 14, 9, 1, 1, 1, 2, 6, 2, 2, 3, 12, 2, 2, 3], ['h1', 'h3', 'h2', 'h2', 'h3', 'h3', 'h3', 'h2', 'h3', 'h2', 'h3', 'h2', 'h3', 'h2', 'h2', 'h2', 'h3', 'h2', 'h3', 'h3', 'h2', 'h2'])
H123:
[[1, 0, 0, 0, 0, 0, 0, 0, 0, 0, 0, 0, 0, 0, 0, 0, 0, 0, 0, 0, 0, 0], [0, 0, 5, 12, 0, 0, 0, 1, 0, 9, 0, 1, 0, 2, 6, 2, 0, 3, 0, 0, 2, 3], [0, 1, 0, 0, 1, 262, 2, 0, 14, 0, 1, 0, 1, 0, 0, 0, 2, 0, 12, 2, 0, 0]]
H123-compact:
([1, 1, 9, 13, 1, 289, 2, 1, 2, 14, 1, 1, 1, 5, 2, 2, 3, 11, 2, 2, 3], ['h1', 'h3', 'h2', 'h2', 'h3', 'h3', 'h3', 'h2', 'h2', 'h3', 'h3', 'h2', 'h3', 'h2', 'h2', 'h3', 'h2', 'h3', 'h3', 'h2', 'h2'])
H123:
[[1, 0, 0, 0, 0, 0, 0, 0, 0, 0, 0, 0, 0, 0, 0, 0, 0, 0, 0, 0, 0], [0, 0, 9, 13, 0, 0, 0, 1, 2, 0, 0, 1, 0, 5, 2, 0, 3, 0, 0, 2, 3], [0, 1, 0, 0, 1, 289, 2, 0, 0, 14, 1, 0, 1, 0, 0, 2, 0, 11, 2, 0, 0]]
H123-compact:
([1, 1, 5, 9, 23, 287, 1, 11, 1, 1, 2, 2, 1, 6, 2, 3, 11, 2, 2, 3], ['h1', 'h3', 'h2', 'h2', 'h3', 'h3', 'h2', 'h2', 'h2', 'h3', 'h2', 'h3', 'h3', 'h2', 'h2', 'h2', 'h3', 'h3', 'h2', 'h2'])
H123:
[[1, 0, 0, 0, 0, 0, 0, 0, 0, 0, 0, 0, 0, 0, 0, 0, 0, 0, 0, 0], [0, 0, 5, 9, 0, 0, 1, 11, 1, 0, 2, 0, 0, 6, 2, 3, 0, 0, 2, 3], [0, 1, 0, 0, 23, 287, 0, 0, 0, 1, 0, 2, 1, 0, 0, 0, 11, 2, 0, 0]]
H123-compact:
([1, 1, 5, 1, 12, 254, 7, 1, 12, 2, 24, 4, 1, 2, 3, 2, 5, 11, 2, 2, 3], ['h1', 'h3', 'h2', 'h3', 'h2', 'h3', 'h3', 'h2', 'h2', 'h2', 'h3', 'h3', 'h2', 'h2', 'h2', 'h3', 'h2', 'h3', 'h3', 'h2', 'h2'])
H123:
[[1, 0, 0, 0, 0, 0, 0, 0, 0, 0, 0, 0, 0, 0, 0, 0, 0, 0, 0, 0, 0], [0, 0, 5, 0, 12, 0, 0, 1, 12, 2, 0, 0, 1, 2, 3, 0, 5, 0, 0, 2, 3], [0, 1, 0, 1, 0, 254, 7, 0, 0, 0, 24, 4, 0, 0, 0, 2, 0, 11, 2, 0, 0]]
H123-compact:
([1, 1, 5, 13, 1, 257, 2, 1, 14, 9, 1, 1, 1, 2, 1, 2, 3, 11, 6, 2, 2, 3], ['h1', 'h3', 'h2', 'h2', 'h3', 'h3', 'h3', 'h2', 'h3', 'h2', 'h3', 'h2', 'h3', 'h2', 'h2', 'h3', 'h2', 'h3', 'h2', 'h3', 'h2', 'h2'])
H123:
[[1, 0, 0, 0, 0, 0, 0, 0, 0, 0, 0, 0, 0, 0, 0, 0, 0, 0, 0, 0, 0, 0], [0, 0, 5, 13, 0, 0, 0, 1, 0, 9, 0, 1, 0, 2, 1, 0, 3, 0, 6, 0, 2, 3], [0, 1, 0, 0, 1, 257, 2, 0, 14, 0, 1, 0, 1, 0, 0, 2, 0, 11, 0, 2, 0, 0]]
H123-compact:
([1, 1, 5, 1, 12, 281, 2, 52, 4, 1, 2, 1, 1, 1, 1, 2, 2, 3, 12, 2, 2, 6, 3], ['h1', 'h3', 'h2', 'h3', 'h2', 'h3', 'h3', 'h2', 'h3', 'h2', 'h2', 'h3', 'h2', 'h3', 'h3', 'h2', 'h3', 'h2', 'h3', 'h3', 'h2', 'h2', 'h2'])
H123:
[[1, 0, 0, 0, 0, 0, 0, 0, 0, 0, 0, 0, 0, 0, 0, 0, 0, 0, 0, 0, 0, 0, 0], [0, 0, 5, 0, 12, 0, 0, 52, 0, 1, 2, 0, 1, 0, 0, 2, 0, 3, 0, 0, 2, 6, 3], [0, 1, 0, 1, 0, 281, 2, 0, 4, 0, 0, 1, 0, 1, 1, 0, 2, 0, 12, 2, 0, 0, 0]]
H123-compact:
([1, 1, 9, 9, 25, 301, 1, 1, 1, 1, 6, 2, 2, 2, 3, 13, 2, 2, 3], ['h1', 'h3', 'h2', 'h2', 'h3', 'h3', 'h2', 'h3', 'h2', 'h3', 'h2', 'h2', 'h2', 'h3', 'h2', 'h3', 'h3', 'h2', 'h2'])
H123:
[[1, 0, 0, 0, 0, 0, 0, 0, 0, 0, 0, 0, 0, 0, 0, 0, 0, 0, 0], [0, 0, 9, 9, 0, 0, 1, 0, 1, 0, 6, 2, 2, 0, 3, 0, 0, 2, 3], [0, 1, 0, 0, 25, 301, 0, 1, 0, 1, 0, 0, 0, 2, 0, 13, 2, 0, 0]]
H123-compact:
([1, 1, 1, 6, 5, 12, 1, 253, 21, 1, 15, 12, 1, 1, 1, 2, 1, 3, 2, 11, 2, 2, 3], ['h1', 'h3', 'h2', 'h2', 'h2', 'h2', 'h3', 'h3', 'h3', 'h2', 'h3', 'h2', 'h3', 'h2', 'h3', 'h2', 'h2', 'h2', 'h3', 'h3', 'h3', 'h2', 'h2'])
H123:
[[1, 0, 0, 0, 0, 0, 0, 0, 0, 0, 0, 0, 0, 0, 0, 0, 0, 0, 0, 0, 0, 0, 0], [0, 0, 1, 6, 5, 12, 0, 0, 0, 1, 0, 12, 0, 1, 0, 2, 1, 3, 0, 0, 0, 2, 3], [0, 1, 0, 0, 0, 0, 1, 253, 21, 0, 15, 0, 1, 0, 1, 0, 0, 0, 2, 11, 2, 0, 0]]
H123-compact:
([1, 1, 5, 11, 1, 1, 270, 2, 1, 2, 13, 7, 1, 2, 3, 5, 2, 13, 2, 2, 3], ['h1', 'h3', 'h2', 'h2', 'h3', 'h1', 'h3', 'h3', 'h2', 'h2', 'h3', 'h2', 'h2', 'h2', 'h2', 'h2', 'h3', 'h3', 'h3', 'h2', 'h2'])
H123:
[[1, 0, 0, 0, 0, 1, 0, 0, 0, 0, 0, 0, 0, 0, 0, 0, 0, 0, 0, 0, 0], [0, 0, 5, 11, 0, 0, 0, 0, 1, 2, 0, 7, 1, 2, 3, 5, 0, 0, 0, 2, 3], [0, 1, 0, 0, 1, 0, 270, 2, 0, 0, 13, 0, 0, 0, 0, 0, 2, 13, 2, 0, 0]]
H123-compact:
([1, 1, 5, 13, 1, 252, 2, 1, 14, 11, 1, 2, 3, 2, 12, 2, 2, 6, 2, 3], ['h1', 'h3', 'h2', 'h2', 'h3', 'h3', 'h3', 'h2', 'h3', 'h2', 'h2', 'h2', 'h2', 'h2', 'h3', 'h3', 'h3', 'h2', 'h2', 'h2'])
H123:
[[1, 0, 0, 0, 0, 0, 0, 0, 0, 0, 0, 0, 0, 0, 0, 0, 0, 0, 0, 0], [0, 0, 5, 13, 0, 0, 0, 1, 0, 11, 1, 2, 3, 2, 0, 0, 0, 6, 2, 3], [0, 1, 0, 0, 1, 252, 2, 0, 14, 0, 0, 0, 0, 0, 12, 2, 2, 0, 0, 0]]
H123-compact:
([1, 1, 5, 10, 4, 1, 346, 2, 1, 9, 4, 1, 2, 1, 1, 1, 1, 2, 6, 2, 3, 11, 2, 2, 3], ['h1', 'h3', 'h2', 'h2', 'h2', 'h3', 'h3', 'h3', 'h2', 'h2', 'h3', 'h3', 'h2', 'h2', 'h3', 'h3', 'h3', 'h3', 'h2', 'h2', 'h2', 'h3', 'h3', 'h2', 'h2'])
H123:
[[1, 0, 0, 0, 0, 0, 0, 0, 0, 0, 0, 0, 0, 0, 0, 0, 0, 0, 0, 0, 0, 0, 0, 0, 0], [0, 0, 5, 10, 4, 0, 0, 0, 1, 9, 0, 0, 2, 1, 0, 0, 0, 0, 6, 2, 3, 0, 0, 2, 3], [0, 1, 0, 0, 0, 1, 346, 2, 0, 0, 4, 1, 0, 0, 1, 1, 1, 2, 0, 0, 0, 11, 2, 0, 0]]
H123-compact:
([1, 1, 5, 1, 9, 275, 2, 1, 12, 4, 1, 2, 2, 2, 7, 3, 12, 2, 2, 3], ['h1', 'h3', 'h2', 'h3', 'h2', 'h3', 'h3', 'h2', 'h2', 'h3', 'h2', 'h3', 'h2', 'h2', 'h2', 'h2', 'h3', 'h3', 'h2', 'h2'])
H123:
[[1, 0, 0, 0, 0, 0, 0, 0, 0, 0, 0, 0, 0, 0, 0, 0, 0, 0, 0, 0], [0, 0, 5, 0, 9, 0, 0, 1, 12, 0, 1, 0, 2, 2, 7, 3, 0, 0, 2, 3], [0, 1, 0, 1, 0, 275, 2, 0, 0, 4, 0, 2, 0, 0, 0, 0, 12, 2, 0, 0]]
H123-compact:
([1, 1, 5, 13, 1, 267, 2, 1, 19, 5, 1, 1, 2, 1, 2, 2, 3, 5, 12, 2, 2, 3], ['h1', 'h3', 'h2', 'h2', 'h3', 'h3', 'h3', 'h2', 'h2', 'h3', 'h3', 'h2', 'h2', 'h3', 'h2', 'h3', 'h2', 'h2', 'h3', 'h3', 'h2', 'h2'])
H123:
[[1, 0, 0, 0, 0, 0, 0, 0, 0, 0, 0, 0, 0, 0, 0, 0, 0, 0, 0, 0, 0, 0], [0, 0, 5, 13, 0, 0, 0, 1, 19, 0, 0, 1, 2, 0, 2, 0, 3, 5, 0, 0, 2, 3], [0, 1, 0, 0, 1, 267, 2, 0, 0, 5, 1, 0, 0, 1, 0, 2, 0, 0, 12, 2, 0, 0]]
H123-compact:
([1, 1, 5, 12, 1, 261, 2, 1, 13, 1, 8, 1, 1, 2, 2, 3, 2, 6, 12, 2, 2, 3], ['h1', 'h3', 'h2', 'h2', 'h3', 'h3', 'h3', 'h2', 'h3', 'h3', 'h2', 'h2', 'h3', 'h2', 'h2', 'h2', 'h3', 'h2', 'h3', 'h3', 'h2', 'h2'])
H123:
[[1, 0, 0, 0, 0, 0, 0, 0, 0, 0, 0, 0, 0, 0, 0, 0, 0, 0, 0, 0, 0, 0], [0, 0, 5, 12, 0, 0, 0, 1, 0, 0, 8, 1, 0, 2, 2, 3, 0, 6, 0, 0, 2, 3], [0, 1, 0, 0, 1, 261, 2, 0, 13, 1, 0, 0, 1, 0, 0, 0, 2, 0, 12, 2, 0, 0]]
H123-compact:
([1, 1, 5, 11, 1, 265, 2, 1, 14, 10, 1, 1, 1, 2, 3, 2, 12, 2, 5, 2, 2, 3], ['h1', 'h3', 'h2', 'h2', 'h3', 'h3', 'h3', 'h2', 'h3', 'h2', 'h3', 'h2', 'h3', 'h2', 'h2', 'h2', 'h3', 'h3', 'h2', 'h3', 'h2', 'h2'])
H123:
[[1, 0, 0, 0, 0, 0, 0, 0, 0, 0, 0, 0, 0, 0, 0, 0, 0, 0, 0, 0, 0, 0], [0, 0, 5, 11, 0, 0, 0, 1, 0, 10, 0, 1, 0, 2, 3, 2, 0, 0, 5, 0, 2, 3], [0, 1, 0, 0, 1, 265, 2, 0, 14, 0, 1, 0, 1, 0, 0, 0, 12, 2, 0, 2, 0, 0]]
H123-compact:
([1, 1, 5, 12, 1, 259, 4, 1, 14, 8, 1, 1, 1, 2, 1, 2, 3, 5, 13, 2, 2, 3], ['h1', 'h3', 'h2', 'h2', 'h3', 'h3', 'h3', 'h2', 'h3', 'h2', 'h3', 'h2', 'h3', 'h2', 'h2', 'h3', 'h2', 'h2', 'h3', 'h3', 'h2', 'h2'])
H123:
[[1, 0, 0, 0, 0, 0, 0, 0, 0, 0, 0, 0, 0, 0, 0, 0, 0, 0, 0, 0, 0, 0], [0, 0, 5, 12, 0, 0, 0, 1, 0, 8, 0, 1, 0, 2, 1, 0, 3, 5, 0, 0, 2, 3], [0, 1, 0, 0, 1, 259, 4, 0, 14, 0, 1, 0, 1, 0, 0, 2, 0, 0, 13, 2, 0, 0]]

