H123-compact:
([1, 1, 1, 44, 13, 58, 1, 1, 1, 2, 2, 1, 1, 2], ['h1', 'h3', 'h2', 'h3', 'h3', 'h3', 'h2', 'h3', 'h2', 'h2', 'h2', 'h2', 'h2', 'h2'])
H123:
[[1, 0, 0, 0, 0, 0, 0, 0, 0, 0, 0, 0, 0, 0], [0, 0, 1, 0, 0, 0, 1, 0, 1, 2, 2, 1, 1, 2], [0, 1, 0, 44, 13, 58, 0, 1, 0, 0, 0, 0, 0, 0]]
H123-compact:
([1, 1, 1, 43, 14, 58, 1, 1, 1, 2, 4, 1, 1, 6, 3], ['h1', 'h3', 'h2', 'h3', 'h3', 'h3', 'h3', 'h2', 'h2', 'h2', 'h2', 'h2', 'h2', 'h2', 'h2'])
H123:
[[1, 0, 0, 0, 0, 0, 0, 0, 0, 0, 0, 0, 0, 0, 0], [0, 0, 1, 0, 0, 0, 0, 1, 1, 2, 4, 1, 1, 6, 3], [0, 1, 0, 43, 14, 58, 1, 0, 0, 0, 0, 0, 0, 0, 0]]
H123-compact:
([1, 1, 1, 44, 13, 58, 1, 1, 1, 2, 2, 1, 1, 3, 6], ['h1', 'h3', 'h2', 'h3', 'h3', 'h3', 'h3', 'h2', 'h2', 'h2', 'h2', 'h2', 'h2', 'h2', 'h2'])
H123:
[[1, 0, 0, 0, 0, 0, 0, 0, 0, 0, 0, 0, 0, 0, 0], [0, 0, 1, 0, 0, 0, 0, 1, 1, 2, 2, 1, 1, 3, 6], [0, 1, 0, 44, 13, 58, 1, 0, 0, 0, 0, 0, 0, 0, 0]]
H123-compact:
([1, 1, 1, 44, 13, 84, 1, 1, 1, 2, 2, 1, 1, 3, 6, 1], ['h1', 'h3', 'h2', 'h3', 'h3', 'h3', 'h3', 'h2', 'h2', 'h2', 'h2', 'h2', 'h2', 'h2', 'h2', 'h1'])
H123:
[[1, 0, 0, 0, 0, 0, 0, 0, 0, 0, 0, 0, 0, 0, 0, 1], [0, 0, 1, 0, 0, 0, 0, 1, 1, 2, 2, 1, 1, 3, 6, 0], [0, 1, 0, 44, 13, 84, 1, 0, 0, 0, 0, 0, 0, 0, 0, 0]]
H123-compact:
([1, 1, 1, 44, 1, 1, 13, 58, 1, 2, 2, 1, 1, 6, 2, 2], ['h1', 'h3', 'h2', 'h3', 'h3', 'h2', 'h3', 'h3', 'h2', 'h2', 'h2', 'h2', 'h2', 'h2', 'h2', 'h2'])
H123:
[[1, 0, 0, 0, 0, 0, 0, 0, 0, 0, 0, 0, 0, 0, 0, 0], [0, 0, 1, 0, 0, 1, 0, 0, 1, 2, 2, 1, 1, 6, 2, 2], [0, 1, 0, 44, 1, 0, 13, 58, 0, 0, 0, 0, 0, 0, 0, 0]]
H123-compact:
([1, 1, 1, 44, 13, 1, 58, 1, 1, 2, 4, 1, 1, 5, 3], ['h1', 'h3', 'h2', 'h3', 'h3', 'h3', 'h3', 'h2', 'h2', 'h2', 'h2', 'h2', 'h2', 'h2', 'h2'])
H123:
[[1, 0, 0, 0, 0, 0, 0, 0, 0, 0, 0, 0, 0, 0, 0], [0, 0, 1, 0, 0, 0, 0, 1, 1, 2, 4, 1, 1, 5, 3], [0, 1, 0, 44, 13, 1, 58, 0, 0, 0, 0, 0, 0, 0, 0]]
H123-compact:
([1, 1, 1, 43, 13, 58, 1, 1, 1, 2, 5, 1, 1, 6, 3, 2], ['h1', 'h3', 'h2', 'h3', 'h3', 'h3', 'h3', 'h2', 'h2', 'h2', 'h2', 'h2', 'h2', 'h2', 'h2', 'h2'])
H123:
[[1, 0, 0, 0, 0, 0, 0, 0, 0, 0, 0, 0, 0, 0, 0, 0], [0, 0, 1, 0, 0, 0, 0, 1, 1, 2, 5, 1, 1, 6, 3, 2], [0, 1, 0, 43, 13, 58, 1, 0, 0, 0, 0, 0, 0, 0, 0, 0]]
H123-compact:
([1, 1, 1, 44, 13, 58, 1, 1, 1, 2, 4, 1, 1, 3, 6, 2], ['h1', 'h3', 'h2', 'h3', 'h3', 'h3', 'h3', 'h2', 'h2', 'h2', 'h2', 'h2', 'h2', 'h2', 'h2', 'h2'])
H123:
[[1, 0, 0, 0, 0, 0, 0, 0, 0, 0, 0, 0, 0, 0, 0, 0], [0, 0, 1, 0, 0, 0, 0, 1, 1, 2, 4, 1, 1, 3, 6, 2], [0, 1, 0, 44, 13, 58, 1, 0, 0, 0, 0, 0, 0, 0, 0, 0]]
H123-compact:
([1, 1, 1, 48, 13, 58, 1, 1, 1, 2, 4, 1, 1, 6, 3, 2], ['h1', 'h3', 'h2', 'h3', 'h3', 'h3', 'h3', 'h2', 'h2', 'h2', 'h2', 'h2', 'h2', 'h2', 'h2', 'h2'])
H123:
[[1, 0, 0, 0, 0, 0, 0, 0, 0, 0, 0, 0, 0, 0, 0, 0], [0, 0, 1, 0, 0, 0, 0, 1, 1, 2, 4, 1, 1, 6, 3, 2], [0, 1, 0, 48, 13, 58, 1, 0, 0, 0, 0, 0, 0, 0, 0, 0]]
H123-compact:
([1, 1, 1, 44, 13, 58, 1, 1, 1, 2, 4, 1, 1, 3, 6], ['h1', 'h3', 'h2', 'h3', 'h3', 'h3', 'h3', 'h2', 'h2', 'h2', 'h2', 'h2', 'h2', 'h2', 'h2'])
H123:
[[1, 0, 0, 0, 0, 0, 0, 0, 0, 0, 0, 0, 0, 0, 0], [0, 0, 1, 0, 0, 0, 0, 1, 1, 2, 4, 1, 1, 3, 6], [0, 1, 0, 44, 13, 58, 1, 0, 0, 0, 0, 0, 0, 0, 0]]
H123-compact:
([1, 1, 1, 44, 13, 58, 1, 1, 1, 2, 3, 1, 1, 6, 3], ['h1', 'h3', 'h2', 'h3', 'h3', 'h3', 'h3', 'h2', 'h2', 'h2', 'h2', 'h2', 'h2', 'h2', 'h2'])
H123:
[[1, 0, 0, 0, 0, 0, 0, 0, 0, 0, 0, 0, 0, 0, 0], [0, 0, 1, 0, 0, 0, 0, 1, 1, 2, 3, 1, 1, 6, 3], [0, 1, 0, 44, 13, 58, 1, 0, 0, 0, 0, 0, 0, 0, 0]]
H123-compact:
([1, 1, 1, 43, 13, 1, 58, 1, 1, 2, 2, 1, 1, 3, 6], ['h1', 'h3', 'h2', 'h3', 'h3', 'h3', 'h3', 'h2', 'h2', 'h2', 'h2', 'h2', 'h2', 'h2', 'h2'])
H123:
[[1, 0, 0, 0, 0, 0, 0, 0, 0, 0, 0, 0, 0, 0, 0], [0, 0, 1, 0, 0, 0, 0, 1, 1, 2, 2, 1, 1, 3, 6], [0, 1, 0, 43, 13, 1, 58, 0, 0, 0, 0, 0, 0, 0, 0]]
H123-compact:
([1, 1, 1, 44, 13, 1, 58, 1, 1, 2, 2, 1, 1, 3, 6], ['h1', 'h3', 'h2', 'h3', 'h3', 'h3', 'h3', 'h2', 'h2', 'h2', 'h2', 'h2', 'h2', 'h2', 'h2'])
H123:
[[1, 0, 0, 0, 0, 0, 0, 0, 0, 0, 0, 0, 0, 0, 0], [0, 0, 1, 0, 0, 0, 0, 1, 1, 2, 2, 1, 1, 3, 6], [0, 1, 0, 44, 13, 1, 58, 0, 0, 0, 0, 0, 0, 0, 0]]
H123-compact:
([1, 1, 1, 44, 13, 58, 1, 1, 1, 2, 3, 1, 1, 6, 3], ['h1', 'h3', 'h2', 'h3', 'h3', 'h3', 'h3', 'h2', 'h2', 'h2', 'h2', 'h2', 'h2', 'h2', 'h2'])
H123:
[[1, 0, 0, 0, 0, 0, 0, 0, 0, 0, 0, 0, 0, 0, 0], [0, 0, 1, 0, 0, 0, 0, 1, 1, 2, 3, 1, 1, 6, 3], [0, 1, 0, 44, 13, 58, 1, 0, 0, 0, 0, 0, 0, 0, 0]]
H123-compact:
([1, 1, 1, 44, 13, 58, 1, 1, 1, 2, 2, 1, 1, 7, 3, 2], ['h1', 'h3', 'h2', 'h3', 'h3', 'h3', 'h3', 'h2', 'h2', 'h2', 'h2', 'h2', 'h2', 'h2', 'h2', 'h2'])
H123:
[[1, 0, 0, 0, 0, 0, 0, 0, 0, 0, 0, 0, 0, 0, 0, 0], [0, 0, 1, 0, 0, 0, 0, 1, 1, 2, 2, 1, 1, 7, 3, 2], [0, 1, 0, 44, 13, 58, 1, 0, 0, 0, 0, 0, 0, 0, 0, 0]]
H123-compact:
([1, 1, 1, 44, 13, 1, 58, 1, 1, 2, 4, 1, 1, 6, 3], ['h1', 'h3', 'h2', 'h3', 'h3', 'h3', 'h3', 'h2', 'h2', 'h2', 'h2', 'h2', 'h2', 'h2', 'h2'])
H123:
[[1, 0, 0, 0, 0, 0, 0, 0, 0, 0, 0, 0, 0, 0, 0], [0, 0, 1, 0, 0, 0, 0, 1, 1, 2, 4, 1, 1, 6, 3], [0, 1, 0, 44, 13, 1, 58, 0, 0, 0, 0, 0, 0, 0, 0]]
H123-compact:
([1, 1, 1, 43, 13, 1, 58, 1, 1, 2, 2, 1, 1, 3, 6, 2], ['h1', 'h3', 'h2', 'h3', 'h3', 'h3', 'h3', 'h2', 'h2', 'h2', 'h2', 'h2', 'h2', 'h2', 'h2', 'h2'])
H123:
[[1, 0, 0, 0, 0, 0, 0, 0, 0, 0, 0, 0, 0, 0, 0, 0], [0, 0, 1, 0, 0, 0, 0, 1, 1, 2, 2, 1, 1, 3, 6, 2], [0, 1, 0, 43, 13, 1, 58, 0, 0, 0, 0, 0, 0, 0, 0, 0]]
H123-compact:
([1, 1, 1, 44, 13, 58, 1, 1, 1, 2, 2, 1, 1, 3, 6], ['h1', 'h2', 'h3', 'h3', 'h3', 'h3', 'h3', 'h2', 'h2', 'h2', 'h2', 'h2', 'h2', 'h2', 'h2'])
H123:
[[1, 0, 0, 0, 0, 0, 0, 0, 0, 0, 0, 0, 0, 0, 0], [0, 1, 0, 0, 0, 0, 0, 1, 1, 2, 2, 1, 1, 3, 6], [0, 0, 1, 44, 13, 58, 1, 0, 0, 0, 0, 0, 0, 0, 0]]
H123-compact:
([1, 1, 1, 44, 13, 58, 1, 1, 1, 2, 2, 1, 1, 3, 6], ['h1', 'h3', 'h2', 'h3', 'h3', 'h3', 'h3', 'h2', 'h2', 'h2', 'h2', 'h2', 'h2', 'h2', 'h2'])
H123:
[[1, 0, 0, 0, 0, 0, 0, 0, 0, 0, 0, 0, 0, 0, 0], [0, 0, 1, 0, 0, 0, 0, 1, 1, 2, 2, 1, 1, 3, 6], [0, 1, 0, 44, 13, 58, 1, 0, 0, 0, 0, 0, 0, 0, 0]]
H123-compact:
([1, 1, 1, 44, 13, 58, 1, 1, 1, 2, 4, 1, 1, 6, 3], ['h1', 'h3', 'h2', 'h3', 'h3', 'h3', 'h3', 'h2', 'h2', 'h2', 'h2', 'h2', 'h2', 'h2', 'h2'])
H123:
[[1, 0, 0, 0, 0, 0, 0, 0, 0, 0, 0, 0, 0, 0, 0], [0, 0, 1, 0, 0, 0, 0, 1, 1, 2, 4, 1, 1, 6, 3], [0, 1, 0, 44, 13, 58, 1, 0, 0, 0, 0, 0, 0, 0, 0]]

