H123-compact:
([1, 1, 46, 11, 2, 1, 1, 6, 2], ['h1', 'h3', 'h3', 'h3', 'h2', 'h3', 'h3', 'h2', 'h2'])
H123:
[[1, 0, 0, 0, 0, 0, 0, 0, 0], [0, 0, 0, 0, 2, 0, 0, 6, 2], [0, 1, 46, 11, 0, 1, 1, 0, 0]]
H123-compact:
([1, 1, 25, 10, 1, 2, 1, 6, 2], ['h1', 'h3', 'h3', 'h3', 'h3', 'h2', 'h3', 'h2', 'h2'])
H123:
[[1, 0, 0, 0, 0, 0, 0, 0, 0], [0, 0, 0, 0, 0, 2, 0, 6, 2], [0, 1, 25, 10, 1, 0, 1, 0, 0]]
H123-compact:
([1, 1, 21, 11, 1, 1, 7], ['h1', 'h3', 'h3', 'h3', 'h3', 'h2', 'h2'])
H123:
[[1, 0, 0, 0, 0, 0, 0], [0, 0, 0, 0, 0, 1, 7], [0, 1, 21, 11, 1, 0, 0]]
H123-compact:
([1, 1, 26, 11, 2, 1, 1, 6, 2], ['h1', 'h3', 'h3', 'h3', 'h2', 'h3', 'h3', 'h2', 'h2'])
H123:
[[1, 0, 0, 0, 0, 0, 0, 0, 0], [0, 0, 0, 0, 2, 0, 0, 6, 2], [0, 1, 26, 11, 0, 1, 1, 0, 0]]
H123-compact:
([1, 1, 21, 10, 1, 2, 6, 1, 2], ['h1', 'h3', 'h3', 'h3', 'h3', 'h2', 'h2', 'h3', 'h2'])
H123:
[[1, 0, 0, 0, 0, 0, 0, 0, 0], [0, 0, 0, 0, 0, 2, 6, 0, 2], [0, 1, 21, 10, 1, 0, 0, 1, 0]]
H123-compact:
([1, 1, 26, 11, 1, 3, 6, 2], ['h1', 'h3', 'h3', 'h3', 'h3', 'h2', 'h2', 'h2'])
H123:
[[1, 0, 0, 0, 0, 0, 0, 0], [0, 0, 0, 0, 0, 3, 6, 2], [0, 1, 26, 11, 1, 0, 0, 0]]
H123-compact:
([1, 1, 21, 9, 1, 2, 1, 6], ['h1', 'h3', 'h3', 'h3', 'h3', 'h2', 'h3', 'h2'])
H123:
[[1, 0, 0, 0, 0, 0, 0, 0], [0, 0, 0, 0, 0, 2, 0, 6], [0, 1, 21, 9, 1, 0, 1, 0]]
H123-compact:
([1, 1, 26, 10, 2, 1, 1, 6, 2], ['h1', 'h3', 'h3', 'h3', 'h2', 'h3', 'h3', 'h2', 'h2'])
H123:
[[1, 0, 0, 0, 0, 0, 0, 0, 0], [0, 0, 0, 0, 2, 0, 0, 6, 2], [0, 1, 26, 10, 0, 1, 1, 0, 0]]
H123-compact:
([1, 1, 27, 11, 1, 5, 3, 2], ['h1', 'h3', 'h3', 'h3', 'h3', 'h2', 'h2', 'h2'])
H123:
[[1, 0, 0, 0, 0, 0, 0, 0], [0, 0, 0, 0, 0, 5, 3, 2], [0, 1, 27, 11, 1, 0, 0, 0]]
H123-compact:
([1, 1, 21, 11, 2, 1, 1, 6], ['h1', 'h3', 'h3', 'h3', 'h2', 'h3', 'h3', 'h2'])
H123:
[[1, 0, 0, 0, 0, 0, 0, 0], [0, 0, 0, 0, 2, 0, 0, 6], [0, 1, 21, 11, 0, 1, 1, 0]]
H123-compact:
([1, 1, 26, 11, 1, 7, 1, 2], ['h1', 'h3', 'h3', 'h3', 'h3', 'h2', 'h2', 'h2'])
H123:
[[1, 0, 0, 0, 0, 0, 0, 0], [0, 0, 0, 0, 0, 7, 1, 2], [0, 1, 26, 11, 1, 0, 0, 0]]
H123-compact:
([1, 1, 20, 10, 1, 2, 6], ['h1', 'h3', 'h3', 'h3', 'h3', 'h2', 'h2'])
H123:
[[1, 0, 0, 0, 0, 0, 0], [0, 0, 0, 0, 0, 2, 6], [0, 1, 20, 10, 1, 0, 0]]
H123-compact:
([1, 1, 27, 10, 1, 6, 3, 2], ['h1', 'h3', 'h3', 'h3', 'h3', 'h2', 'h2', 'h2'])
H123:
[[1, 0, 0, 0, 0, 0, 0, 0], [0, 0, 0, 0, 0, 6, 3, 2], [0, 1, 27, 10, 1, 0, 0, 0]]
H123-compact:
([1, 1, 25, 11, 1, 2, 1, 6, 2], ['h1', 'h3', 'h3', 'h3', 'h3', 'h2', 'h3', 'h2', 'h2'])
H123:
[[1, 0, 0, 0, 0, 0, 0, 0, 0], [0, 0, 0, 0, 0, 2, 0, 6, 2], [0, 1, 25, 11, 1, 0, 1, 0, 0]]
H123-compact:
([1, 1, 26, 11, 1, 3, 6, 2], ['h1', 'h3', 'h3', 'h3', 'h3', 'h2', 'h2', 'h2'])
H123:
[[1, 0, 0, 0, 0, 0, 0, 0], [0, 0, 0, 0, 0, 3, 6, 2], [0, 1, 26, 11, 1, 0, 0, 0]]
H123-compact:
([1, 1, 26, 11, 1, 2, 1, 6, 2], ['h1', 'h3', 'h3', 'h3', 'h3', 'h2', 'h3', 'h2', 'h2'])
H123:
[[1, 0, 0, 0, 0, 0, 0, 0, 0], [0, 0, 0, 0, 0, 2, 0, 6, 2], [0, 1, 26, 11, 1, 0, 1, 0, 0]]
H123-compact:
([1, 1, 26, 10, 3, 1, 1, 7, 2], ['h1', 'h3', 'h3', 'h3', 'h2', 'h3', 'h3', 'h2', 'h2'])
H123:
[[1, 0, 0, 0, 0, 0, 0, 0, 0], [0, 0, 0, 0, 3, 0, 0, 7, 2], [0, 1, 26, 10, 0, 1, 1, 0, 0]]
H123-compact:
([1, 1, 20, 9, 2, 1, 1, 6], ['h1', 'h3', 'h3', 'h3', 'h2', 'h3', 'h3', 'h2'])
H123:
[[1, 0, 0, 0, 0, 0, 0, 0], [0, 0, 0, 0, 2, 0, 0, 6], [0, 1, 20, 9, 0, 1, 1, 0]]
H123-compact:
([1, 1, 1, 26, 10, 2, 1, 1, 6, 2], ['h1', 'h1', 'h3', 'h3', 'h3', 'h2', 'h3', 'h3', 'h2', 'h2'])
H123:
[[1, 1, 0, 0, 0, 0, 0, 0, 0, 0], [0, 0, 0, 0, 0, 2, 0, 0, 6, 2], [0, 0, 1, 26, 10, 0, 1, 1, 0, 0]]
H123-compact:
([1, 1, 26, 12, 2, 1, 1, 6, 2], ['h1', 'h3', 'h3', 'h3', 'h2', 'h3', 'h3', 'h2', 'h2'])
H123:
[[1, 0, 0, 0, 0, 0, 0, 0, 0], [0, 0, 0, 0, 2, 0, 0, 6, 2], [0, 1, 26, 12, 0, 1, 1, 0, 0]]

