H123-compact:
([1, 1, 1, 10, 19, 19, 1, 8, 1, 4, 2, 2, 2, 5, 21, 2, 2], ['h1', 'h3', 'h2', 'h2', 'h2', 'h2', 'h2', 'h2', 'h2', 'h2', 'h2', 'h2', 'h2', 'h2', 'h3', 'h3', 'h2'])
H123:
[[1, 0, 0, 0, 0, 0, 0, 0, 0, 0, 0, 0, 0, 0, 0, 0, 0], [0, 0, 1, 10, 19, 19, 1, 8, 1, 4, 2, 2, 2, 5, 0, 0, 2], [0, 1, 0, 0, 0, 0, 0, 0, 0, 0, 0, 0, 0, 0, 21, 2, 0]]
H123-compact:
([1, 1, 1, 10, 20, 19, 1, 9, 1, 4, 2, 2, 2, 6, 19, 2, 2], ['h1', 'h3', 'h2', 'h2', 'h2', 'h2', 'h2', 'h2', 'h2', 'h2', 'h2', 'h2', 'h2', 'h2', 'h3', 'h3', 'h2'])
H123:
[[1, 0, 0, 0, 0, 0, 0, 0, 0, 0, 0, 0, 0, 0, 0, 0, 0], [0, 0, 1, 10, 20, 19, 1, 9, 1, 4, 2, 2, 2, 6, 0, 0, 2], [0, 1, 0, 0, 0, 0, 0, 0, 0, 0, 0, 0, 0, 0, 19, 2, 0]]
H123-compact:
([1, 1, 1, 10, 1, 23, 39, 9, 1, 4, 2, 2, 2, 17, 7, 2, 2], ['h1', 'h3', 'h2', 'h2', 'h2', 'h3', 'h3', 'h2', 'h2', 'h2', 'h2', 'h2', 'h2', 'h3', 'h2', 'h3', 'h2'])
H123:
[[1, 0, 0, 0, 0, 0, 0, 0, 0, 0, 0, 0, 0, 0, 0, 0, 0], [0, 0, 1, 10, 1, 0, 0, 9, 1, 4, 2, 2, 2, 0, 7, 0, 2], [0, 1, 0, 0, 0, 23, 39, 0, 0, 0, 0, 0, 0, 17, 0, 2, 0]]
H123-compact:
([1, 1, 2, 10, 23, 39, 1, 9, 1, 4, 2, 2, 2, 7, 18, 2, 2], ['h1', 'h3', 'h2', 'h2', 'h3', 'h3', 'h2', 'h2', 'h2', 'h2', 'h2', 'h2', 'h2', 'h2', 'h3', 'h3', 'h2'])
H123:
[[1, 0, 0, 0, 0, 0, 0, 0, 0, 0, 0, 0, 0, 0, 0, 0, 0], [0, 0, 2, 10, 0, 0, 1, 9, 1, 4, 2, 2, 2, 7, 0, 0, 2], [0, 1, 0, 0, 23, 39, 0, 0, 0, 0, 0, 0, 0, 0, 18, 2, 0]]
H123-compact:
([1, 1, 1, 10, 23, 39, 1, 8, 1, 4, 2, 2, 6, 2, 23, 2, 2], ['h1', 'h3', 'h2', 'h2', 'h3', 'h3', 'h2', 'h2', 'h2', 'h2', 'h2', 'h2', 'h2', 'h2', 'h3', 'h3', 'h2'])
H123:
[[1, 0, 0, 0, 0, 0, 0, 0, 0, 0, 0, 0, 0, 0, 0, 0, 0], [0, 0, 1, 10, 0, 0, 1, 8, 1, 4, 2, 2, 6, 2, 0, 0, 2], [0, 1, 0, 0, 23, 39, 0, 0, 0, 0, 0, 0, 0, 0, 23, 2, 0]]
H123-compact:
([1, 1, 1, 10, 23, 39, 1, 10, 1, 4, 2, 2, 2, 8, 21, 2, 2], ['h1', 'h3', 'h2', 'h2', 'h3', 'h3', 'h2', 'h2', 'h2', 'h2', 'h2', 'h2', 'h2', 'h2', 'h3', 'h3', 'h2'])
H123:
[[1, 0, 0, 0, 0, 0, 0, 0, 0, 0, 0, 0, 0, 0, 0, 0, 0], [0, 0, 1, 10, 0, 0, 1, 10, 1, 4, 2, 2, 2, 8, 0, 0, 2], [0, 1, 0, 0, 23, 39, 0, 0, 0, 0, 0, 0, 0, 0, 21, 2, 0]]
H123-compact:
([1, 1, 1, 10, 25, 39, 1, 8, 1, 4, 2, 2, 2, 21, 5, 2, 2], ['h1', 'h3', 'h2', 'h2', 'h3', 'h3', 'h2', 'h2', 'h2', 'h2', 'h2', 'h2', 'h2', 'h3', 'h2', 'h3', 'h2'])
H123:
[[1, 0, 0, 0, 0, 0, 0, 0, 0, 0, 0, 0, 0, 0, 0, 0, 0], [0, 0, 1, 10, 0, 0, 1, 8, 1, 4, 2, 2, 2, 0, 5, 0, 2], [0, 1, 0, 0, 25, 39, 0, 0, 0, 0, 0, 0, 0, 21, 0, 2, 0]]
H123-compact:
([1, 1, 1, 10, 25, 39, 1, 8, 1, 4, 2, 2, 2, 5, 21, 2, 2], ['h1', 'h3', 'h2', 'h2', 'h3', 'h3', 'h2', 'h2', 'h2', 'h2', 'h2', 'h2', 'h2', 'h2', 'h3', 'h3', 'h2'])
H123:
[[1, 0, 0, 0, 0, 0, 0, 0, 0, 0, 0, 0, 0, 0, 0, 0, 0], [0, 0, 1, 10, 0, 0, 1, 8, 1, 4, 2, 2, 2, 5, 0, 0, 2], [0, 1, 0, 0, 25, 39, 0, 0, 0, 0, 0, 0, 0, 0, 21, 2, 0]]
H123-compact:
([1, 1, 1, 10, 25, 39, 1, 9, 1, 4, 2, 6, 2, 2, 18, 2, 2], ['h1', 'h3', 'h2', 'h2', 'h3', 'h3', 'h2', 'h2', 'h2', 'h2', 'h2', 'h2', 'h2', 'h2', 'h3', 'h3', 'h2'])
H123:
[[1, 0, 0, 0, 0, 0, 0, 0, 0, 0, 0, 0, 0, 0, 0, 0, 0], [0, 0, 1, 10, 0, 0, 1, 9, 1, 4, 2, 6, 2, 2, 0, 0, 2], [0, 1, 0, 0, 25, 39, 0, 0, 0, 0, 0, 0, 0, 0, 18, 2, 0]]
H123-compact:
([1, 1, 1, 10, 1, 24, 39, 9, 1, 4, 2, 2, 6, 2, 21, 2, 2], ['h1', 'h3', 'h2', 'h2', 'h2', 'h3', 'h3', 'h2', 'h2', 'h2', 'h2', 'h2', 'h2', 'h2', 'h3', 'h3', 'h2'])
H123:
[[1, 0, 0, 0, 0, 0, 0, 0, 0, 0, 0, 0, 0, 0, 0, 0, 0], [0, 0, 1, 10, 1, 0, 0, 9, 1, 4, 2, 2, 6, 2, 0, 0, 2], [0, 1, 0, 0, 0, 24, 39, 0, 0, 0, 0, 0, 0, 0, 21, 2, 0]]
H123-compact:
([1, 1, 1, 12, 25, 39, 1, 8, 1, 4, 1, 2, 2, 2, 6, 19, 2, 2], ['h1', 'h3', 'h2', 'h2', 'h3', 'h3', 'h2', 'h2', 'h2', 'h2', 'h2', 'h2', 'h2', 'h2', 'h2', 'h3', 'h3', 'h2'])
H123:
[[1, 0, 0, 0, 0, 0, 0, 0, 0, 0, 0, 0, 0, 0, 0, 0, 0, 0], [0, 0, 1, 12, 0, 0, 1, 8, 1, 4, 1, 2, 2, 2, 6, 0, 0, 2], [0, 1, 0, 0, 25, 39, 0, 0, 0, 0, 0, 0, 0, 0, 0, 19, 2, 0]]
H123-compact:
([1, 1, 1, 10, 24, 39, 1, 9, 1, 4, 2, 2, 2, 5, 17, 2, 2], ['h1', 'h3', 'h2', 'h2', 'h3', 'h3', 'h2', 'h2', 'h2', 'h2', 'h2', 'h2', 'h2', 'h2', 'h3', 'h3', 'h2'])
H123:
[[1, 0, 0, 0, 0, 0, 0, 0, 0, 0, 0, 0, 0, 0, 0, 0, 0], [0, 0, 1, 10, 0, 0, 1, 9, 1, 4, 2, 2, 2, 5, 0, 0, 2], [0, 1, 0, 0, 24, 39, 0, 0, 0, 0, 0, 0, 0, 0, 17, 2, 0]]
H123-compact:
([1, 1, 1, 10, 24, 39, 1, 10, 1, 4, 8, 2, 2, 2, 17, 2, 2], ['h1', 'h3', 'h2', 'h2', 'h3', 'h3', 'h2', 'h2', 'h2', 'h2', 'h2', 'h2', 'h2', 'h2', 'h3', 'h3', 'h2'])
H123:
[[1, 0, 0, 0, 0, 0, 0, 0, 0, 0, 0, 0, 0, 0, 0, 0, 0], [0, 0, 1, 10, 0, 0, 1, 10, 1, 4, 8, 2, 2, 2, 0, 0, 2], [0, 1, 0, 0, 24, 39, 0, 0, 0, 0, 0, 0, 0, 0, 17, 2, 0]]
H123-compact:
([1, 1, 1, 10, 1, 24, 39, 8, 1, 4, 2, 2, 2, 19, 2, 6, 1, 2], ['h1', 'h3', 'h2', 'h2', 'h2', 'h3', 'h3', 'h2', 'h2', 'h2', 'h2', 'h2', 'h2', 'h3', 'h3', 'h2', 'h1', 'h2'])
H123:
[[1, 0, 0, 0, 0, 0, 0, 0, 0, 0, 0, 0, 0, 0, 0, 0, 1, 0], [0, 0, 1, 10, 1, 0, 0, 8, 1, 4, 2, 2, 2, 0, 0, 6, 0, 2], [0, 1, 0, 0, 0, 24, 39, 0, 0, 0, 0, 0, 0, 19, 2, 0, 0, 0]]
H123-compact:
([1, 1, 1, 10, 1, 18, 20, 8, 1, 4, 2, 2, 2, 6, 23, 2, 2], ['h1', 'h3', 'h2', 'h2', 'h2', 'h2', 'h2', 'h2', 'h2', 'h2', 'h2', 'h2', 'h2', 'h2', 'h3', 'h3', 'h2'])
H123:
[[1, 0, 0, 0, 0, 0, 0, 0, 0, 0, 0, 0, 0, 0, 0, 0, 0], [0, 0, 1, 10, 1, 18, 20, 8, 1, 4, 2, 2, 2, 6, 0, 0, 2], [0, 1, 0, 0, 0, 0, 0, 0, 0, 0, 0, 0, 0, 0, 23, 2, 0]]
H123-compact:
([1, 1, 1, 10, 24, 39, 1, 9, 4, 1, 2, 6, 2, 2, 18, 2, 2], ['h1', 'h3', 'h2', 'h2', 'h3', 'h3', 'h2', 'h2', 'h2', 'h2', 'h2', 'h2', 'h2', 'h2', 'h3', 'h3', 'h2'])
H123:
[[1, 0, 0, 0, 0, 0, 0, 0, 0, 0, 0, 0, 0, 0, 0, 0, 0], [0, 0, 1, 10, 0, 0, 1, 9, 4, 1, 2, 6, 2, 2, 0, 0, 2], [0, 1, 0, 0, 24, 39, 0, 0, 0, 0, 0, 0, 0, 0, 18, 2, 0]]
H123-compact:
([1, 1, 1, 10, 24, 39, 1, 8, 1, 4, 2, 2, 2, 6, 23, 2, 2], ['h1', 'h3', 'h2', 'h2', 'h3', 'h3', 'h2', 'h2', 'h2', 'h2', 'h2', 'h2', 'h2', 'h2', 'h3', 'h3', 'h2'])
H123:
[[1, 0, 0, 0, 0, 0, 0, 0, 0, 0, 0, 0, 0, 0, 0, 0, 0], [0, 0, 1, 10, 0, 0, 1, 8, 1, 4, 2, 2, 2, 6, 0, 0, 2], [0, 1, 0, 0, 24, 39, 0, 0, 0, 0, 0, 0, 0, 0, 23, 2, 0]]
H123-compact:
([1, 1, 1, 10, 24, 39, 1, 8, 1, 4, 2, 2, 2, 6, 19, 2, 2], ['h1', 'h3', 'h2', 'h2', 'h3', 'h3', 'h2', 'h2', 'h2', 'h2', 'h2', 'h2', 'h2', 'h2', 'h3', 'h3', 'h2'])
H123:
[[1, 0, 0, 0, 0, 0, 0, 0, 0, 0, 0, 0, 0, 0, 0, 0, 0], [0, 0, 1, 10, 0, 0, 1, 8, 1, 4, 2, 2, 2, 6, 0, 0, 2], [0, 1, 0, 0, 24, 39, 0, 0, 0, 0, 0, 0, 0, 0, 19, 2, 0]]
H123-compact:
([1, 1, 1, 10, 24, 39, 1, 9, 1, 4, 2, 2, 2, 5, 18, 2, 2], ['h1', 'h3', 'h2', 'h2', 'h3', 'h3', 'h2', 'h2', 'h2', 'h2', 'h2', 'h2', 'h2', 'h2', 'h3', 'h3', 'h2'])
H123:
[[1, 0, 0, 0, 0, 0, 0, 0, 0, 0, 0, 0, 0, 0, 0, 0, 0], [0, 0, 1, 10, 0, 0, 1, 9, 1, 4, 2, 2, 2, 5, 0, 0, 2], [0, 1, 0, 0, 24, 39, 0, 0, 0, 0, 0, 0, 0, 0, 18, 2, 0]]
H123-compact:
([1, 1, 1, 10, 16, 19, 1, 8, 1, 4, 2, 2, 2, 5, 22, 2, 2], ['h1', 'h3', 'h2', 'h2', 'h2', 'h2', 'h2', 'h2', 'h2', 'h2', 'h2', 'h2', 'h2', 'h2', 'h3', 'h3', 'h2'])
H123:
[[1, 0, 0, 0, 0, 0, 0, 0, 0, 0, 0, 0, 0, 0, 0, 0, 0], [0, 0, 1, 10, 16, 19, 1, 8, 1, 4, 2, 2, 2, 5, 0, 0, 2], [0, 1, 0, 0, 0, 0, 0, 0, 0, 0, 0, 0, 0, 0, 22, 2, 0]]

