H123-compact:
([1, 1, 1, 2, 3, 1, 18, 1, 1, 6, 2], ['h1', 'h3', 'h2', 'h2', 'h3', 'h2', 'h2', 'h2', 'h3', 'h2', 'h2'])
H123:
[[1, 0, 0, 0, 0, 0, 0, 0, 0, 0, 0], [0, 0, 1, 2, 0, 1, 18, 1, 0, 6, 2], [0, 1, 0, 0, 3, 0, 0, 0, 1, 0, 0]]
H123-compact:
([1, 1, 1, 2, 3, 1, 15, 1, 1, 6, 1], ['h1', 'h3', 'h2', 'h2', 'h3', 'h2', 'h2', 'h2', 'h3', 'h2', 'h1'])
H123:
[[1, 0, 0, 0, 0, 0, 0, 0, 0, 0, 1], [0, 0, 1, 2, 0, 1, 15, 1, 0, 6, 0], [0, 1, 0, 0, 3, 0, 0, 0, 1, 0, 0]]
H123-compact:
([1, 1, 1, 2, 4, 1, 8, 1, 1, 6], ['h1', 'h3', 'h2', 'h2', 'h3', 'h2', 'h2', 'h2', 'h3', 'h2'])
H123:
[[1, 0, 0, 0, 0, 0, 0, 0, 0, 0], [0, 0, 1, 2, 0, 1, 8, 1, 0, 6], [0, 1, 0, 0, 4, 0, 0, 0, 1, 0]]
H123-compact:
([1, 1, 1, 2, 4, 1, 7, 1, 1, 6, 2], ['h1', 'h3', 'h2', 'h2', 'h3', 'h2', 'h2', 'h2', 'h3', 'h2', 'h2'])
H123:
[[1, 0, 0, 0, 0, 0, 0, 0, 0, 0, 0], [0, 0, 1, 2, 0, 1, 7, 1, 0, 6, 2], [0, 1, 0, 0, 4, 0, 0, 0, 1, 0, 0]]
H123-compact:
([1, 1, 1, 2, 3, 1, 19, 1, 1, 7], ['h1', 'h3', 'h2', 'h2', 'h3', 'h2', 'h2', 'h2', 'h3', 'h2'])
H123:
[[1, 0, 0, 0, 0, 0, 0, 0, 0, 0], [0, 0, 1, 2, 0, 1, 19, 1, 0, 7], [0, 1, 0, 0, 3, 0, 0, 0, 1, 0]]
H123-compact:
([1, 1, 1, 2, 3, 1, 15, 1, 1, 6], ['h1', 'h3', 'h2', 'h2', 'h3', 'h2', 'h2', 'h2', 'h3', 'h2'])
H123:
[[1, 0, 0, 0, 0, 0, 0, 0, 0, 0], [0, 0, 1, 2, 0, 1, 15, 1, 0, 6], [0, 1, 0, 0, 3, 0, 0, 0, 1, 0]]
H123-compact:
([1, 1, 1, 2, 3, 1, 12, 1, 1, 6], ['h1', 'h3', 'h2', 'h2', 'h3', 'h2', 'h2', 'h2', 'h3', 'h2'])
H123:
[[1, 0, 0, 0, 0, 0, 0, 0, 0, 0], [0, 0, 1, 2, 0, 1, 12, 1, 0, 6], [0, 1, 0, 0, 3, 0, 0, 0, 1, 0]]
H123-compact:
([1, 1, 1, 2, 3, 1, 8, 1, 1, 6], ['h1', 'h3', 'h2', 'h2', 'h3', 'h2', 'h2', 'h2', 'h3', 'h2'])
H123:
[[1, 0, 0, 0, 0, 0, 0, 0, 0, 0], [0, 0, 1, 2, 0, 1, 8, 1, 0, 6], [0, 1, 0, 0, 3, 0, 0, 0, 1, 0]]
H123-compact:
([1, 1, 1, 2, 4, 1, 7, 1, 1, 6], ['h1', 'h3', 'h2', 'h2', 'h3', 'h2', 'h2', 'h2', 'h3', 'h2'])
H123:
[[1, 0, 0, 0, 0, 0, 0, 0, 0, 0], [0, 0, 1, 2, 0, 1, 7, 1, 0, 6], [0, 1, 0, 0, 4, 0, 0, 0, 1, 0]]
H123-compact:
([1, 1, 1, 2, 4, 1, 8, 1, 1, 6], ['h1', 'h3', 'h2', 'h2', 'h3', 'h2', 'h2', 'h2', 'h3', 'h2'])
H123:
[[1, 0, 0, 0, 0, 0, 0, 0, 0, 0], [0, 0, 1, 2, 0, 1, 8, 1, 0, 6], [0, 1, 0, 0, 4, 0, 0, 0, 1, 0]]
H123-compact:
([1, 1, 1, 2, 3, 1, 17, 1, 1, 6], ['h1', 'h3', 'h2', 'h2', 'h3', 'h2', 'h2', 'h2', 'h3', 'h2'])
H123:
[[1, 0, 0, 0, 0, 0, 0, 0, 0, 0], [0, 0, 1, 2, 0, 1, 17, 1, 0, 6], [0, 1, 0, 0, 3, 0, 0, 0, 1, 0]]
H123-compact:
([1, 1, 1, 2, 3, 1, 12, 1, 1, 6], ['h1', 'h3', 'h2', 'h2', 'h3', 'h2', 'h2', 'h2', 'h3', 'h2'])
H123:
[[1, 0, 0, 0, 0, 0, 0, 0, 0, 0], [0, 0, 1, 2, 0, 1, 12, 1, 0, 6], [0, 1, 0, 0, 3, 0, 0, 0, 1, 0]]
H123-compact:
([1, 1, 1, 2, 3, 16, 1, 1, 1, 6], ['h1', 'h3', 'h2', 'h2', 'h3', 'h2', 'h2', 'h2', 'h3', 'h2'])
H123:
[[1, 0, 0, 0, 0, 0, 0, 0, 0, 0], [0, 0, 1, 2, 0, 16, 1, 1, 0, 6], [0, 1, 0, 0, 3, 0, 0, 0, 1, 0]]
H123-compact:
([1, 1, 1, 2, 4, 1, 9, 1, 1, 6], ['h1', 'h3', 'h2', 'h2', 'h3', 'h2', 'h2', 'h2', 'h3', 'h2'])
H123:
[[1, 0, 0, 0, 0, 0, 0, 0, 0, 0], [0, 0, 1, 2, 0, 1, 9, 1, 0, 6], [0, 1, 0, 0, 4, 0, 0, 0, 1, 0]]
H123-compact:
([1, 1, 1, 2, 3, 1, 18, 1, 1, 6], ['h1', 'h3', 'h2', 'h2', 'h3', 'h2', 'h2', 'h2', 'h3', 'h2'])
H123:
[[1, 0, 0, 0, 0, 0, 0, 0, 0, 0], [0, 0, 1, 2, 0, 1, 18, 1, 0, 6], [0, 1, 0, 0, 3, 0, 0, 0, 1, 0]]
H123-compact:
([1, 1, 1, 2, 3, 1, 17, 1, 1, 7], ['h1', 'h3', 'h2', 'h2', 'h3', 'h2', 'h2', 'h2', 'h3', 'h2'])
H123:
[[1, 0, 0, 0, 0, 0, 0, 0, 0, 0], [0, 0, 1, 2, 0, 1, 17, 1, 0, 7], [0, 1, 0, 0, 3, 0, 0, 0, 1, 0]]
H123-compact:
([1, 1, 1, 2, 3, 1, 9, 1, 1, 6], ['h1', 'h3', 'h2', 'h2', 'h3', 'h2', 'h2', 'h2', 'h3', 'h2'])
H123:
[[1, 0, 0, 0, 0, 0, 0, 0, 0, 0], [0, 0, 1, 2, 0, 1, 9, 1, 0, 6], [0, 1, 0, 0, 3, 0, 0, 0, 1, 0]]
H123-compact:
([1, 1, 1, 2, 4, 1, 7, 1, 1, 6], ['h1', 'h3', 'h2', 'h2', 'h3', 'h2', 'h2', 'h2', 'h3', 'h2'])
H123:
[[1, 0, 0, 0, 0, 0, 0, 0, 0, 0], [0, 0, 1, 2, 0, 1, 7, 1, 0, 6], [0, 1, 0, 0, 4, 0, 0, 0, 1, 0]]
H123-compact:
([1, 1, 1, 2, 4, 1, 9, 1, 1, 6], ['h1', 'h3', 'h2', 'h2', 'h3', 'h2', 'h2', 'h2', 'h3', 'h2'])
H123:
[[1, 0, 0, 0, 0, 0, 0, 0, 0, 0], [0, 0, 1, 2, 0, 1, 9, 1, 0, 6], [0, 1, 0, 0, 4, 0, 0, 0, 1, 0]]
H123-compact:
([1, 1, 1, 2, 4, 1, 1, 16, 1, 6], ['h1', 'h3', 'h2', 'h2', 'h3', 'h2', 'h2', 'h2', 'h3', 'h2'])
H123:
[[1, 0, 0, 0, 0, 0, 0, 0, 0, 0], [0, 0, 1, 2, 0, 1, 1, 16, 0, 6], [0, 1, 0, 0, 4, 0, 0, 0, 1, 0]]

