H123-compact:
([1, 1, 37, 3, 6, 2], ['h1', 'h3', 'h2', 'h2', 'h2', 'h2'])
H123:
[[1, 0, 0, 0, 0, 0], [0, 0, 37, 3, 6, 2], [0, 1, 0, 0, 0, 0]]
H123-compact:
([1, 1, 37, 6, 3, 2], ['h1', 'h3', 'h2', 'h2', 'h2', 'h2'])
H123:
[[1, 0, 0, 0, 0, 0], [0, 0, 37, 6, 3, 2], [0, 1, 0, 0, 0, 0]]
H123-compact:
([1, 1, 39, 6, 3, 1, 2], ['h1', 'h3', 'h2', 'h2', 'h2', 'h1', 'h2'])
H123:
[[1, 0, 0, 0, 0, 1, 0], [0, 0, 39, 6, 3, 0, 2], [0, 1, 0, 0, 0, 0, 0]]
H123-compact:
([1, 1, 39, 6, 3, 2], ['h1', 'h3', 'h2', 'h2', 'h2', 'h2'])
H123:
[[1, 0, 0, 0, 0, 0], [0, 0, 39, 6, 3, 2], [0, 1, 0, 0, 0, 0]]
H123-compact:
([1, 1, 38, 6, 3, 2], ['h1', 'h3', 'h2', 'h2', 'h2', 'h2'])
H123:
[[1, 0, 0, 0, 0, 0], [0, 0, 38, 6, 3, 2], [0, 1, 0, 0, 0, 0]]
H123-compact:
([1, 1, 37, 3, 7, 2], ['h1', 'h3', 'h2', 'h2', 'h2', 'h2'])
H123:
[[1, 0, 0, 0, 0, 0], [0, 0, 37, 3, 7, 2], [0, 1, 0, 0, 0, 0]]
H123-compact:
([1, 1, 37, 3, 6, 2], ['h1', 'h3', 'h2', 'h2', 'h2', 'h2'])
H123:
[[1, 0, 0, 0, 0, 0], [0, 0, 37, 3, 6, 2], [0, 1, 0, 0, 0, 0]]
H123-compact:
([1, 1, 37, 6, 3, 2], ['h1', 'h3', 'h2', 'h2', 'h2', 'h2'])
H123:
[[1, 0, 0, 0, 0, 0], [0, 0, 37, 6, 3, 2], [0, 1, 0, 0, 0, 0]]
H123-compact:
([1, 1, 38, 6, 3, 2], ['h1', 'h3', 'h2', 'h2', 'h2', 'h2'])
H123:
[[1, 0, 0, 0, 0, 0], [0, 0, 38, 6, 3, 2], [0, 1, 0, 0, 0, 0]]
H123-compact:
([1, 1, 38, 3, 6, 2], ['h1', 'h3', 'h2', 'h2', 'h2', 'h2'])
H123:
[[1, 0, 0, 0, 0, 0], [0, 0, 38, 3, 6, 2], [0, 1, 0, 0, 0, 0]]
H123-compact:
([1, 1, 37, 6, 4, 2], ['h1', 'h3', 'h2', 'h2', 'h2', 'h2'])
H123:
[[1, 0, 0, 0, 0, 0], [0, 0, 37, 6, 4, 2], [0, 1, 0, 0, 0, 0]]
H123-compact:
([1, 1, 37, 3, 6, 2], ['h1', 'h3', 'h2', 'h2', 'h2', 'h2'])
H123:
[[1, 0, 0, 0, 0, 0], [0, 0, 37, 3, 6, 2], [0, 1, 0, 0, 0, 0]]
H123-compact:
([1, 1, 37, 3, 6, 2], ['h1', 'h3', 'h2', 'h2', 'h2', 'h2'])
H123:
[[1, 0, 0, 0, 0, 0], [0, 0, 37, 3, 6, 2], [0, 1, 0, 0, 0, 0]]
H123-compact:
([1, 1, 37, 6, 3, 2], ['h1', 'h3', 'h2', 'h2', 'h2', 'h2'])
H123:
[[1, 0, 0, 0, 0, 0], [0, 0, 37, 6, 3, 2], [0, 1, 0, 0, 0, 0]]
H123-compact:
([1, 1, 38, 3, 6, 2], ['h1', 'h3', 'h2', 'h2', 'h2', 'h2'])
H123:
[[1, 0, 0, 0, 0, 0], [0, 0, 38, 3, 6, 2], [0, 1, 0, 0, 0, 0]]
H123-compact:
([1, 1, 38, 6, 3, 2], ['h1', 'h3', 'h2', 'h2', 'h2', 'h2'])
H123:
[[1, 0, 0, 0, 0, 0], [0, 0, 38, 6, 3, 2], [0, 1, 0, 0, 0, 0]]
H123-compact:
([1, 1, 38, 6, 3, 1, 2], ['h1', 'h3', 'h2', 'h2', 'h2', 'h1', 'h2'])
H123:
[[1, 0, 0, 0, 0, 1, 0], [0, 0, 38, 6, 3, 0, 2], [0, 1, 0, 0, 0, 0, 0]]
H123-compact:
([1, 1, 37, 6, 3, 2], ['h1', 'h3', 'h2', 'h2', 'h2', 'h2'])
H123:
[[1, 0, 0, 0, 0, 0], [0, 0, 37, 6, 3, 2], [0, 1, 0, 0, 0, 0]]
H123-compact:
([1, 1, 38, 3, 6, 2], ['h1', 'h3', 'h2', 'h2', 'h2', 'h2'])
H123:
[[1, 0, 0, 0, 0, 0], [0, 0, 38, 3, 6, 2], [0, 1, 0, 0, 0, 0]]
H123-compact:
([1, 1, 38, 6, 3, 2], ['h1', 'h3', 'h2', 'h2', 'h2', 'h2'])
H123:
[[1, 0, 0, 0, 0, 0], [0, 0, 38, 6, 3, 2], [0, 1, 0, 0, 0, 0]]

