H123-compact:
([1, 1, 2, 4, 2, 6], ['h1', 'h3', 'h1', 'h1', 'h1', 'h2'])
H123:
[[1, 0, 2, 4, 2, 0], [0, 0, 0, 0, 0, 6], [0, 1, 0, 0, 0, 0]]
H123-compact:
([1, 1, 5, 2, 1, 6], ['h1', 'h3', 'h1', 'h1', 'h1', 'h2'])
H123:
[[1, 0, 5, 2, 1, 0], [0, 0, 0, 0, 0, 6], [0, 1, 0, 0, 0, 0]]
H123-compact:
([1, 1, 5, 2, 1, 6], ['h1', 'h3', 'h1', 'h1', 'h1', 'h2'])
H123:
[[1, 0, 5, 2, 1, 0], [0, 0, 0, 0, 0, 6], [0, 1, 0, 0, 0, 0]]
H123-compact:
([1, 1, 4, 2, 2, 6], ['h1', 'h3', 'h1', 'h1', 'h1', 'h2'])
H123:
[[1, 0, 4, 2, 2, 0], [0, 0, 0, 0, 0, 6], [0, 1, 0, 0, 0, 0]]
H123-compact:
([1, 1, 4, 2, 2, 6], ['h1', 'h3', 'h1', 'h1', 'h1', 'h2'])
H123:
[[1, 0, 4, 2, 2, 0], [0, 0, 0, 0, 0, 6], [0, 1, 0, 0, 0, 0]]
H123-compact:
([1, 1, 2, 4, 2, 6], ['h1', 'h3', 'h1', 'h1', 'h1', 'h2'])
H123:
[[1, 0, 2, 4, 2, 0], [0, 0, 0, 0, 0, 6], [0, 1, 0, 0, 0, 0]]
H123-compact:
([1, 1, 2, 5, 1, 7], ['h1', 'h3', 'h1', 'h1', 'h1', 'h2'])
H123:
[[1, 0, 2, 5, 1, 0], [0, 0, 0, 0, 0, 7], [0, 1, 0, 0, 0, 0]]
H123-compact:
([1, 1, 2, 4, 2, 6], ['h1', 'h3', 'h1', 'h1', 'h1', 'h2'])
H123:
[[1, 0, 2, 4, 2, 0], [0, 0, 0, 0, 0, 6], [0, 1, 0, 0, 0, 0]]
H123-compact:
([1, 1, 3, 4, 1, 6], ['h1', 'h3', 'h1', 'h1', 'h1', 'h2'])
H123:
[[1, 0, 3, 4, 1, 0], [0, 0, 0, 0, 0, 6], [0, 1, 0, 0, 0, 0]]
H123-compact:
([1, 1, 5, 2, 1, 6], ['h1', 'h3', 'h1', 'h1', 'h1', 'h2'])
H123:
[[1, 0, 5, 2, 1, 0], [0, 0, 0, 0, 0, 6], [0, 1, 0, 0, 0, 0]]
H123-compact:
([1, 1, 5, 2, 1, 6], ['h1', 'h3', 'h1', 'h1', 'h1', 'h2'])
H123:
[[1, 0, 5, 2, 1, 0], [0, 0, 0, 0, 0, 6], [0, 1, 0, 0, 0, 0]]
H123-compact:
([1, 1, 2, 4, 2, 6], ['h1', 'h3', 'h1', 'h1', 'h1', 'h2'])
H123:
[[1, 0, 2, 4, 2, 0], [0, 0, 0, 0, 0, 6], [0, 1, 0, 0, 0, 0]]
H123-compact:
([1, 1, 2, 4, 2, 6], ['h1', 'h3', 'h1', 'h1', 'h1', 'h2'])
H123:
[[1, 0, 2, 4, 2, 0], [0, 0, 0, 0, 0, 6], [0, 1, 0, 0, 0, 0]]
H123-compact:
([1, 5, 2, 1, 1, 6], ['h1', 'h1', 'h1', 'h3', 'h1', 'h2'])
H123:
[[1, 5, 2, 0, 1, 0], [0, 0, 0, 0, 0, 6], [0, 0, 0, 1, 0, 0]]
H123-compact:
([1, 1, 2, 5, 1, 6], ['h1', 'h3', 'h1', 'h1', 'h1', 'h2'])
H123:
[[1, 0, 2, 5, 1, 0], [0, 0, 0, 0, 0, 6], [0, 1, 0, 0, 0, 0]]
H123-compact:
([1, 1, 2, 5, 1, 6], ['h1', 'h3', 'h1', 'h1', 'h1', 'h2'])
H123:
[[1, 0, 2, 5, 1, 0], [0, 0, 0, 0, 0, 6], [0, 1, 0, 0, 0, 0]]
H123-compact:
([1, 1, 3, 3, 2, 6], ['h1', 'h3', 'h1', 'h1', 'h1', 'h2'])
H123:
[[1, 0, 3, 3, 2, 0], [0, 0, 0, 0, 0, 6], [0, 1, 0, 0, 0, 0]]
H123-compact:
([1, 1, 2, 4, 2, 6], ['h1', 'h3', 'h1', 'h1', 'h1', 'h2'])
H123:
[[1, 0, 2, 4, 2, 0], [0, 0, 0, 0, 0, 6], [0, 1, 0, 0, 0, 0]]
H123-compact:
([1, 1, 2, 4, 2, 6], ['h1', 'h3', 'h1', 'h1', 'h1', 'h2'])
H123:
[[1, 0, 2, 4, 2, 0], [0, 0, 0, 0, 0, 6], [0, 1, 0, 0, 0, 0]]
H123-compact:
([1, 1, 4, 2, 2, 6], ['h1', 'h3', 'h1', 'h1', 'h1', 'h2'])
H123:
[[1, 0, 4, 2, 2, 0], [0, 0, 0, 0, 0, 6], [0, 1, 0, 0, 0, 0]]

