H123-compact:
([1, 1, 19, 48, 2, 1, 10, 6, 1, 2], ['h1', 'h3', 'h2', 'h2', 'h2', 'h2', 'h2', 'h2', 'h1', 'h2'])
H123:
[[1, 0, 0, 0, 0, 0, 0, 0, 1, 0], [0, 0, 19, 48, 2, 1, 10, 6, 0, 2], [0, 1, 0, 0, 0, 0, 0, 0, 0, 0]]
H123-compact:
([1, 1, 19, 50, 2, 1, 10, 6, 1, 2], ['h1', 'h3', 'h2', 'h2', 'h2', 'h2', 'h2', 'h2', 'h1', 'h2'])
H123:
[[1, 0, 0, 0, 0, 0, 0, 0, 1, 0], [0, 0, 19, 50, 2, 1, 10, 6, 0, 2], [0, 1, 0, 0, 0, 0, 0, 0, 0, 0]]
H123-compact:
([1, 1, 19, 50, 2, 1, 6, 9, 1, 2], ['h1', 'h3', 'h2', 'h2', 'h2', 'h2', 'h2', 'h2', 'h1', 'h2'])
H123:
[[1, 0, 0, 0, 0, 0, 0, 0, 1, 0], [0, 0, 19, 50, 2, 1, 6, 9, 0, 2], [0, 1, 0, 0, 0, 0, 0, 0, 0, 0]]
H123-compact:
([1, 1, 1, 19, 50, 2, 1, 10, 6, 1, 2], ['h1', 'h1', 'h3', 'h2', 'h2', 'h2', 'h2', 'h2', 'h2', 'h1', 'h2'])
H123:
[[1, 1, 0, 0, 0, 0, 0, 0, 0, 1, 0], [0, 0, 0, 19, 50, 2, 1, 10, 6, 0, 2], [0, 0, 1, 0, 0, 0, 0, 0, 0, 0, 0]]
H123-compact:
([1, 19, 1, 52, 2, 1, 10, 6, 1, 2], ['h1', 'h2', 'h3', 'h2', 'h2', 'h2', 'h2', 'h2', 'h1', 'h2'])
H123:
[[1, 0, 0, 0, 0, 0, 0, 0, 1, 0], [0, 19, 0, 52, 2, 1, 10, 6, 0, 2], [0, 0, 1, 0, 0, 0, 0, 0, 0, 0]]
H123-compact:
([1, 1, 19, 51, 2, 1, 10, 8, 1, 2], ['h1', 'h3', 'h2', 'h2', 'h2', 'h2', 'h2', 'h2', 'h1', 'h2'])
H123:
[[1, 0, 0, 0, 0, 0, 0, 0, 1, 0], [0, 0, 19, 51, 2, 1, 10, 8, 0, 2], [0, 1, 0, 0, 0, 0, 0, 0, 0, 0]]
H123-compact:
([1, 1, 20, 48, 2, 1, 6, 10, 1, 2], ['h1', 'h3', 'h2', 'h2', 'h2', 'h2', 'h2', 'h2', 'h1', 'h2'])
H123:
[[1, 0, 0, 0, 0, 0, 0, 0, 1, 0], [0, 0, 20, 48, 2, 1, 6, 10, 0, 2], [0, 1, 0, 0, 0, 0, 0, 0, 0, 0]]
H123-compact:
([1, 1, 19, 50, 2, 1, 5, 9, 1, 2], ['h1', 'h3', 'h2', 'h2', 'h2', 'h2', 'h2', 'h2', 'h1', 'h2'])
H123:
[[1, 0, 0, 0, 0, 0, 0, 0, 1, 0], [0, 0, 19, 50, 2, 1, 5, 9, 0, 2], [0, 1, 0, 0, 0, 0, 0, 0, 0, 0]]
H123-compact:
([1, 1, 18, 50, 2, 1, 5, 10, 1, 2], ['h1', 'h3', 'h2', 'h2', 'h2', 'h2', 'h2', 'h2', 'h1', 'h2'])
H123:
[[1, 0, 0, 0, 0, 0, 0, 0, 1, 0], [0, 0, 18, 50, 2, 1, 5, 10, 0, 2], [0, 1, 0, 0, 0, 0, 0, 0, 0, 0]]
H123-compact:
([1, 1, 18, 47, 2, 1, 9, 6, 1, 2], ['h1', 'h3', 'h2', 'h2', 'h2', 'h2', 'h2', 'h2', 'h1', 'h2'])
H123:
[[1, 0, 0, 0, 0, 0, 0, 0, 1, 0], [0, 0, 18, 47, 2, 1, 9, 6, 0, 2], [0, 1, 0, 0, 0, 0, 0, 0, 0, 0]]
H123-compact:
([1, 1, 3, 45, 2, 1, 16, 10, 6, 1, 2], ['h1', 'h3', 'h2', 'h2', 'h2', 'h2', 'h2', 'h2', 'h2', 'h1', 'h2'])
H123:
[[1, 0, 0, 0, 0, 0, 0, 0, 0, 1, 0], [0, 0, 3, 45, 2, 1, 16, 10, 6, 0, 2], [0, 1, 0, 0, 0, 0, 0, 0, 0, 0, 0]]
H123-compact:
([1, 1, 3, 49, 2, 1, 16, 10, 6, 1, 2], ['h1', 'h3', 'h2', 'h2', 'h2', 'h2', 'h2', 'h2', 'h2', 'h1', 'h2'])
H123:
[[1, 0, 0, 0, 0, 0, 0, 0, 0, 1, 0], [0, 0, 3, 49, 2, 1, 16, 10, 6, 0, 2], [0, 1, 0, 0, 0, 0, 0, 0, 0, 0, 0]]
H123-compact:
([1, 1, 19, 47, 2, 1, 9, 6, 1, 2], ['h1', 'h3', 'h2', 'h2', 'h2', 'h2', 'h2', 'h2', 'h1', 'h2'])
H123:
[[1, 0, 0, 0, 0, 0, 0, 0, 1, 0], [0, 0, 19, 47, 2, 1, 9, 6, 0, 2], [0, 1, 0, 0, 0, 0, 0, 0, 0, 0]]
H123-compact:
([1, 1, 20, 49, 2, 1, 10, 6, 2, 1], ['h1', 'h3', 'h2', 'h2', 'h2', 'h2', 'h2', 'h2', 'h2', 'h1'])
H123:
[[1, 0, 0, 0, 0, 0, 0, 0, 0, 1], [0, 0, 20, 49, 2, 1, 10, 6, 2, 0], [0, 1, 0, 0, 0, 0, 0, 0, 0, 0]]
H123-compact:
([1, 1, 19, 49, 2, 1, 9, 6, 1, 2], ['h1', 'h3', 'h2', 'h2', 'h2', 'h2', 'h2', 'h2', 'h1', 'h2'])
H123:
[[1, 0, 0, 0, 0, 0, 0, 0, 1, 0], [0, 0, 19, 49, 2, 1, 9, 6, 0, 2], [0, 1, 0, 0, 0, 0, 0, 0, 0, 0]]
H123-compact:
([1, 1, 19, 51, 2, 1, 10, 5, 1, 2], ['h1', 'h3', 'h2', 'h2', 'h2', 'h2', 'h2', 'h2', 'h1', 'h2'])
H123:
[[1, 0, 0, 0, 0, 0, 0, 0, 1, 0], [0, 0, 19, 51, 2, 1, 10, 5, 0, 2], [0, 1, 0, 0, 0, 0, 0, 0, 0, 0]]
H123-compact:
([1, 1, 19, 49, 2, 1, 10, 6, 2, 1], ['h1', 'h3', 'h2', 'h2', 'h2', 'h2', 'h2', 'h2', 'h2', 'h1'])
H123:
[[1, 0, 0, 0, 0, 0, 0, 0, 0, 1], [0, 0, 19, 49, 2, 1, 10, 6, 2, 0], [0, 1, 0, 0, 0, 0, 0, 0, 0, 0]]
H123-compact:
([1, 1, 19, 49, 2, 1, 10, 6, 1, 2], ['h1', 'h3', 'h2', 'h2', 'h2', 'h2', 'h2', 'h2', 'h1', 'h2'])
H123:
[[1, 0, 0, 0, 0, 0, 0, 0, 1, 0], [0, 0, 19, 49, 2, 1, 10, 6, 0, 2], [0, 1, 0, 0, 0, 0, 0, 0, 0, 0]]
H123-compact:
([1, 1, 20, 49, 2, 1, 10, 6, 1, 2], ['h1', 'h3', 'h2', 'h2', 'h2', 'h2', 'h2', 'h2', 'h1', 'h2'])
H123:
[[1, 0, 0, 0, 0, 0, 0, 0, 1, 0], [0, 0, 20, 49, 2, 1, 10, 6, 0, 2], [0, 1, 0, 0, 0, 0, 0, 0, 0, 0]]
H123-compact:
([1, 1, 3, 51, 2, 1, 20, 6, 11, 1, 2], ['h1', 'h3', 'h2', 'h2', 'h2', 'h2', 'h2', 'h2', 'h2', 'h1', 'h2'])
H123:
[[1, 0, 0, 0, 0, 0, 0, 0, 0, 1, 0], [0, 0, 3, 51, 2, 1, 20, 6, 11, 0, 2], [0, 1, 0, 0, 0, 0, 0, 0, 0, 0, 0]]

