H123-compact:
([1, 1, 1, 27, 2, 3, 2, 1, 1, 1, 6, 4], ['h1', 'h3', 'h1', 'h2', 'h2', 'h2', 'h2', 'h1', 'h1', 'h1', 'h2', 'h2'])
H123:
[[1, 0, 1, 0, 0, 0, 0, 1, 1, 1, 0, 0], [0, 0, 0, 27, 2, 3, 2, 0, 0, 0, 6, 4], [0, 1, 0, 0, 0, 0, 0, 0, 0, 0, 0, 0]]
H123-compact:
([1, 1, 1, 26, 2, 3, 1, 1, 1, 2, 4, 6], ['h1', 'h3', 'h1', 'h2', 'h2', 'h2', 'h1', 'h1', 'h1', 'h2', 'h2', 'h2'])
H123:
[[1, 0, 1, 0, 0, 0, 1, 1, 1, 0, 0, 0], [0, 0, 0, 26, 2, 3, 0, 0, 0, 2, 4, 6], [0, 1, 0, 0, 0, 0, 0, 0, 0, 0, 0, 0]]
H123-compact:
([1, 1, 1, 27, 3, 2, 1, 1, 1, 2, 4, 6], ['h1', 'h3', 'h1', 'h2', 'h2', 'h2', 'h1', 'h1', 'h1', 'h2', 'h2', 'h2'])
H123:
[[1, 0, 1, 0, 0, 0, 1, 1, 1, 0, 0, 0], [0, 0, 0, 27, 3, 2, 0, 0, 0, 2, 4, 6], [0, 1, 0, 0, 0, 0, 0, 0, 0, 0, 0, 0]]
H123-compact:
([1, 1, 1, 27, 2, 3, 1, 1, 1, 2, 4, 6], ['h1', 'h3', 'h1', 'h2', 'h2', 'h2', 'h1', 'h1', 'h1', 'h2', 'h2', 'h2'])
H123:
[[1, 0, 1, 0, 0, 0, 1, 1, 1, 0, 0, 0], [0, 0, 0, 27, 2, 3, 0, 0, 0, 2, 4, 6], [0, 1, 0, 0, 0, 0, 0, 0, 0, 0, 0, 0]]
H123-compact:
([1, 1, 1, 26, 2, 3, 1, 1, 1, 2, 4, 6, 1, 2], ['h1', 'h3', 'h1', 'h2', 'h2', 'h2', 'h1', 'h1', 'h1', 'h2', 'h2', 'h2', 'h1', 'h2'])
H123:
[[1, 0, 1, 0, 0, 0, 1, 1, 1, 0, 0, 0, 1, 0], [0, 0, 0, 26, 2, 3, 0, 0, 0, 2, 4, 6, 0, 2], [0, 1, 0, 0, 0, 0, 0, 0, 0, 0, 0, 0, 0, 0]]
H123-compact:
([1, 1, 1, 26, 3, 2, 1, 1, 1, 2, 4, 6], ['h1', 'h3', 'h1', 'h2', 'h2', 'h2', 'h1', 'h1', 'h1', 'h2', 'h2', 'h2'])
H123:
[[1, 0, 1, 0, 0, 0, 1, 1, 1, 0, 0, 0], [0, 0, 0, 26, 3, 2, 0, 0, 0, 2, 4, 6], [0, 1, 0, 0, 0, 0, 0, 0, 0, 0, 0, 0]]
H123-compact:
([1, 1, 1, 27, 3, 2, 1, 1, 1, 2, 4, 6, 2], ['h1', 'h3', 'h1', 'h2', 'h2', 'h2', 'h1', 'h1', 'h1', 'h2', 'h2', 'h2', 'h2'])
H123:
[[1, 0, 1, 0, 0, 0, 1, 1, 1, 0, 0, 0, 0], [0, 0, 0, 27, 3, 2, 0, 0, 0, 2, 4, 6, 2], [0, 1, 0, 0, 0, 0, 0, 0, 0, 0, 0, 0, 0]]
H123-compact:
([1, 1, 1, 26, 2, 3, 1, 1, 1, 2, 4, 6], ['h1', 'h3', 'h1', 'h2', 'h2', 'h2', 'h1', 'h1', 'h1', 'h2', 'h2', 'h2'])
H123:
[[1, 0, 1, 0, 0, 0, 1, 1, 1, 0, 0, 0], [0, 0, 0, 26, 2, 3, 0, 0, 0, 2, 4, 6], [0, 1, 0, 0, 0, 0, 0, 0, 0, 0, 0, 0]]
H123-compact:
([1, 1, 1, 27, 3, 2, 1, 1, 1, 2, 4, 6, 2], ['h1', 'h3', 'h1', 'h2', 'h2', 'h2', 'h1', 'h1', 'h1', 'h2', 'h2', 'h2', 'h2'])
H123:
[[1, 0, 1, 0, 0, 0, 1, 1, 1, 0, 0, 0, 0], [0, 0, 0, 27, 3, 2, 0, 0, 0, 2, 4, 6, 2], [0, 1, 0, 0, 0, 0, 0, 0, 0, 0, 0, 0, 0]]
H123-compact:
([1, 1, 1, 26, 2, 3, 1, 1, 1, 2, 4, 6, 2], ['h1', 'h3', 'h1', 'h2', 'h2', 'h2', 'h1', 'h1', 'h1', 'h2', 'h2', 'h2', 'h2'])
H123:
[[1, 0, 1, 0, 0, 0, 1, 1, 1, 0, 0, 0, 0], [0, 0, 0, 26, 2, 3, 0, 0, 0, 2, 4, 6, 2], [0, 1, 0, 0, 0, 0, 0, 0, 0, 0, 0, 0, 0]]
H123-compact:
([1, 1, 1, 28, 3, 2, 1, 1, 1, 2, 7, 4, 2], ['h1', 'h3', 'h1', 'h2', 'h2', 'h2', 'h1', 'h1', 'h1', 'h2', 'h2', 'h2', 'h2'])
H123:
[[1, 0, 1, 0, 0, 0, 1, 1, 1, 0, 0, 0, 0], [0, 0, 0, 28, 3, 2, 0, 0, 0, 2, 7, 4, 2], [0, 1, 0, 0, 0, 0, 0, 0, 0, 0, 0, 0, 0]]
H123-compact:
([1, 1, 1, 27, 2, 3, 1, 1, 1, 2, 4, 6, 2], ['h1', 'h3', 'h1', 'h2', 'h2', 'h2', 'h1', 'h1', 'h1', 'h2', 'h2', 'h2', 'h2'])
H123:
[[1, 0, 1, 0, 0, 0, 1, 1, 1, 0, 0, 0, 0], [0, 0, 0, 27, 2, 3, 0, 0, 0, 2, 4, 6, 2], [0, 1, 0, 0, 0, 0, 0, 0, 0, 0, 0, 0, 0]]
H123-compact:
([1, 1, 1, 26, 3, 2, 1, 1, 1, 2, 4, 6, 2], ['h1', 'h3', 'h1', 'h2', 'h2', 'h2', 'h1', 'h1', 'h1', 'h2', 'h2', 'h2', 'h2'])
H123:
[[1, 0, 1, 0, 0, 0, 1, 1, 1, 0, 0, 0, 0], [0, 0, 0, 26, 3, 2, 0, 0, 0, 2, 4, 6, 2], [0, 1, 0, 0, 0, 0, 0, 0, 0, 0, 0, 0, 0]]
H123-compact:
([1, 1, 1, 27, 2, 3, 1, 1, 1, 2, 4, 6, 2], ['h1', 'h3', 'h1', 'h2', 'h2', 'h2', 'h1', 'h1', 'h1', 'h2', 'h2', 'h2', 'h2'])
H123:
[[1, 0, 1, 0, 0, 0, 1, 1, 1, 0, 0, 0, 0], [0, 0, 0, 27, 2, 3, 0, 0, 0, 2, 4, 6, 2], [0, 1, 0, 0, 0, 0, 0, 0, 0, 0, 0, 0, 0]]
H123-compact:
([1, 1, 1, 26, 3, 2, 1, 1, 1, 2, 4, 6, 2], ['h1', 'h3', 'h1', 'h2', 'h2', 'h2', 'h1', 'h1', 'h1', 'h2', 'h2', 'h2', 'h2'])
H123:
[[1, 0, 1, 0, 0, 0, 1, 1, 1, 0, 0, 0, 0], [0, 0, 0, 26, 3, 2, 0, 0, 0, 2, 4, 6, 2], [0, 1, 0, 0, 0, 0, 0, 0, 0, 0, 0, 0, 0]]
H123-compact:
([1, 1, 1, 28, 2, 3, 1, 1, 1, 2, 4, 6], ['h1', 'h3', 'h1', 'h2', 'h2', 'h2', 'h1', 'h1', 'h1', 'h2', 'h2', 'h2'])
H123:
[[1, 0, 1, 0, 0, 0, 1, 1, 1, 0, 0, 0], [0, 0, 0, 28, 2, 3, 0, 0, 0, 2, 4, 6], [0, 1, 0, 0, 0, 0, 0, 0, 0, 0, 0, 0]]
H123-compact:
([1, 1, 1, 27, 3, 2, 1, 1, 1, 2, 4, 6, 2], ['h1', 'h3', 'h1', 'h2', 'h2', 'h2', 'h1', 'h1', 'h1', 'h2', 'h2', 'h2', 'h2'])
H123:
[[1, 0, 1, 0, 0, 0, 1, 1, 1, 0, 0, 0, 0], [0, 0, 0, 27, 3, 2, 0, 0, 0, 2, 4, 6, 2], [0, 1, 0, 0, 0, 0, 0, 0, 0, 0, 0, 0, 0]]
H123-compact:
([1, 1, 1, 26, 3, 2, 1, 1, 1, 2, 4, 6, 2], ['h1', 'h3', 'h1', 'h2', 'h2', 'h2', 'h1', 'h1', 'h1', 'h2', 'h2', 'h2', 'h2'])
H123:
[[1, 0, 1, 0, 0, 0, 1, 1, 1, 0, 0, 0, 0], [0, 0, 0, 26, 3, 2, 0, 0, 0, 2, 4, 6, 2], [0, 1, 0, 0, 0, 0, 0, 0, 0, 0, 0, 0, 0]]
H123-compact:
([1, 1, 1, 26, 3, 2, 1, 1, 1, 2, 4, 6], ['h1', 'h3', 'h1', 'h2', 'h2', 'h2', 'h1', 'h1', 'h1', 'h2', 'h2', 'h2'])
H123:
[[1, 0, 1, 0, 0, 0, 1, 1, 1, 0, 0, 0], [0, 0, 0, 26, 3, 2, 0, 0, 0, 2, 4, 6], [0, 1, 0, 0, 0, 0, 0, 0, 0, 0, 0, 0]]
H123-compact:
([1, 1, 1, 26, 3, 2, 1, 1, 1, 2, 4, 6], ['h1', 'h3', 'h1', 'h2', 'h2', 'h2', 'h1', 'h1', 'h1', 'h2', 'h2', 'h2'])
H123:
[[1, 0, 1, 0, 0, 0, 1, 1, 1, 0, 0, 0], [0, 0, 0, 26, 3, 2, 0, 0, 0, 2, 4, 6], [0, 1, 0, 0, 0, 0, 0, 0, 0, 0, 0, 0]]

