H123-compact:
([1, 1, 3, 6], ['h1', 'h3', 'h2', 'h2'])
H123:
[[1, 0, 0, 0], [0, 0, 3, 6], [0, 1, 0, 0]]
H123-compact:
([1, 1, 3, 6], ['h1', 'h3', 'h2', 'h2'])
H123:
[[1, 0, 0, 0], [0, 0, 3, 6], [0, 1, 0, 0]]
H123-compact:
([1, 1, 3, 5], ['h1', 'h3', 'h2', 'h2'])
H123:
[[1, 0, 0, 0], [0, 0, 3, 5], [0, 1, 0, 0]]
H123-compact:
([1, 1, 3, 6], ['h1', 'h3', 'h2', 'h2'])
H123:
[[1, 0, 0, 0], [0, 0, 3, 6], [0, 1, 0, 0]]
H123-compact:
([1, 1, 3, 7], ['h1', 'h3', 'h2', 'h2'])
H123:
[[1, 0, 0, 0], [0, 0, 3, 7], [0, 1, 0, 0]]
H123-compact:
([1, 1, 3, 6], ['h1', 'h3', 'h2', 'h2'])
H123:
[[1, 0, 0, 0], [0, 0, 3, 6], [0, 1, 0, 0]]
H123-compact:
([1, 1, 3, 6], ['h1', 'h3', 'h2', 'h2'])
H123:
[[1, 0, 0, 0], [0, 0, 3, 6], [0, 1, 0, 0]]
H123-compact:
([1, 1, 3, 6], ['h1', 'h3', 'h2', 'h2'])
H123:
[[1, 0, 0, 0], [0, 0, 3, 6], [0, 1, 0, 0]]
H123-compact:
([1, 1, 3, 6], ['h1', 'h3', 'h2', 'h2'])
H123:
[[1, 0, 0, 0], [0, 0, 3, 6], [0, 1, 0, 0]]
H123-compact:
([1, 1, 3, 6], ['h1', 'h3', 'h2', 'h2'])
H123:
[[1, 0, 0, 0], [0, 0, 3, 6], [0, 1, 0, 0]]
H123-compact:
([1, 1, 3, 6], ['h1', 'h3', 'h2', 'h2'])
H123:
[[1, 0, 0, 0], [0, 0, 3, 6], [0, 1, 0, 0]]
H123-compact:
([1, 1, 3, 6], ['h1', 'h3', 'h2', 'h2'])
H123:
[[1, 0, 0, 0], [0, 0, 3, 6], [0, 1, 0, 0]]
H123-compact:
([1, 1, 3, 6], ['h1', 'h3', 'h2', 'h2'])
H123:
[[1, 0, 0, 0], [0, 0, 3, 6], [0, 1, 0, 0]]
H123-compact:
([1, 1, 3, 6], ['h1', 'h3', 'h2', 'h2'])
H123:
[[1, 0, 0, 0], [0, 0, 3, 6], [0, 1, 0, 0]]
H123-compact:
([1, 1, 3, 6], ['h1', 'h3', 'h2', 'h2'])
H123:
[[1, 0, 0, 0], [0, 0, 3, 6], [0, 1, 0, 0]]
H123-compact:
([1, 1, 3, 6], ['h1', 'h3', 'h2', 'h2'])
H123:
[[1, 0, 0, 0], [0, 0, 3, 6], [0, 1, 0, 0]]
H123-compact:
([1, 1, 3, 6], ['h1', 'h3', 'h2', 'h2'])
H123:
[[1, 0, 0, 0], [0, 0, 3, 6], [0, 1, 0, 0]]
H123-compact:
([1, 1, 3, 6], ['h1', 'h3', 'h2', 'h2'])
H123:
[[1, 0, 0, 0], [0, 0, 3, 6], [0, 1, 0, 0]]
H123-compact:
([1, 1, 3, 6], ['h1', 'h3', 'h2', 'h2'])
H123:
[[1, 0, 0, 0], [0, 0, 3, 6], [0, 1, 0, 0]]
H123-compact:
([1, 1, 3, 6], ['h1', 'h3', 'h2', 'h2'])
H123:
[[1, 0, 0, 0], [0, 0, 3, 6], [0, 1, 0, 0]]

