H123-compact:
([1, 1, 23, 49, 3, 14, 11, 6, 2], ['h1', 'h3', 'h2', 'h3', 'h2', 'h3', 'h2', 'h2', 'h2'])
H123:
[[1, 0, 0, 0, 0, 0, 0, 0, 0], [0, 0, 23, 0, 3, 0, 11, 6, 2], [0, 1, 0, 49, 0, 14, 0, 0, 0]]
H123-compact:
([1, 1, 24, 49, 4, 11, 14, 6, 2], ['h1', 'h3', 'h2', 'h3', 'h2', 'h2', 'h3', 'h2', 'h2'])
H123:
[[1, 0, 0, 0, 0, 0, 0, 0, 0], [0, 0, 24, 0, 4, 11, 0, 6, 2], [0, 1, 0, 49, 0, 0, 14, 0, 0]]
H123-compact:
([1, 1, 23, 49, 3, 11, 14, 6, 2], ['h1', 'h3', 'h2', 'h3', 'h2', 'h2', 'h3', 'h2', 'h2'])
H123:
[[1, 0, 0, 0, 0, 0, 0, 0, 0], [0, 0, 23, 0, 3, 11, 0, 6, 2], [0, 1, 0, 49, 0, 0, 14, 0, 0]]
H123-compact:
([1, 1, 23, 49, 3, 10, 14, 6], ['h1', 'h3', 'h2', 'h3', 'h2', 'h2', 'h3', 'h2'])
H123:
[[1, 0, 0, 0, 0, 0, 0, 0], [0, 0, 23, 0, 3, 10, 0, 6], [0, 1, 0, 49, 0, 0, 14, 0]]
H123-compact:
([1, 1, 23, 49, 3, 10, 14, 6], ['h1', 'h3', 'h2', 'h3', 'h2', 'h2', 'h3', 'h2'])
H123:
[[1, 0, 0, 0, 0, 0, 0, 0], [0, 0, 23, 0, 3, 10, 0, 6], [0, 1, 0, 49, 0, 0, 14, 0]]
H123-compact:
([1, 1, 22, 49, 5, 11, 14, 6], ['h1', 'h3', 'h2', 'h3', 'h2', 'h2', 'h3', 'h2'])
H123:
[[1, 0, 0, 0, 0, 0, 0, 0], [0, 0, 22, 0, 5, 11, 0, 6], [0, 1, 0, 49, 0, 0, 14, 0]]
H123-compact:
([1, 1, 22, 49, 3, 11, 14, 6], ['h1', 'h3', 'h2', 'h3', 'h2', 'h2', 'h3', 'h2'])
H123:
[[1, 0, 0, 0, 0, 0, 0, 0], [0, 0, 22, 0, 3, 11, 0, 6], [0, 1, 0, 49, 0, 0, 14, 0]]
H123-compact:
([1, 1, 24, 49, 4, 14, 10, 6, 2], ['h1', 'h3', 'h2', 'h3', 'h2', 'h3', 'h2', 'h2', 'h2'])
H123:
[[1, 0, 0, 0, 0, 0, 0, 0, 0], [0, 0, 24, 0, 4, 0, 10, 6, 2], [0, 1, 0, 49, 0, 14, 0, 0, 0]]
H123-compact:
([1, 1, 24, 49, 4, 11, 14, 6], ['h1', 'h3', 'h2', 'h3', 'h2', 'h2', 'h3', 'h2'])
H123:
[[1, 0, 0, 0, 0, 0, 0, 0], [0, 0, 24, 0, 4, 11, 0, 6], [0, 1, 0, 49, 0, 0, 14, 0]]
H123-compact:
([1, 1, 25, 50, 4, 11, 14, 6, 2], ['h1', 'h3', 'h2', 'h3', 'h2', 'h2', 'h3', 'h2', 'h2'])
H123:
[[1, 0, 0, 0, 0, 0, 0, 0, 0], [0, 0, 25, 0, 4, 11, 0, 6, 2], [0, 1, 0, 50, 0, 0, 14, 0, 0]]
H123-compact:
([1, 1, 23, 49, 3, 10, 14, 6], ['h1', 'h3', 'h2', 'h3', 'h2', 'h2', 'h3', 'h2'])
H123:
[[1, 0, 0, 0, 0, 0, 0, 0], [0, 0, 23, 0, 3, 10, 0, 6], [0, 1, 0, 49, 0, 0, 14, 0]]
H123-compact:
([1, 1, 23, 49, 3, 11, 14, 6], ['h1', 'h3', 'h2', 'h3', 'h2', 'h2', 'h3', 'h2'])
H123:
[[1, 0, 0, 0, 0, 0, 0, 0], [0, 0, 23, 0, 3, 11, 0, 6], [0, 1, 0, 49, 0, 0, 14, 0]]
H123-compact:
([1, 1, 23, 50, 4, 11, 14, 6, 2], ['h1', 'h3', 'h2', 'h3', 'h2', 'h2', 'h3', 'h2', 'h2'])
H123:
[[1, 0, 0, 0, 0, 0, 0, 0, 0], [0, 0, 23, 0, 4, 11, 0, 6, 2], [0, 1, 0, 50, 0, 0, 14, 0, 0]]
H123-compact:
([1, 1, 27, 50, 3, 11, 14, 6, 1, 2], ['h1', 'h3', 'h2', 'h3', 'h2', 'h2', 'h3', 'h2', 'h1', 'h2'])
H123:
[[1, 0, 0, 0, 0, 0, 0, 0, 1, 0], [0, 0, 27, 0, 3, 11, 0, 6, 0, 2], [0, 1, 0, 50, 0, 0, 14, 0, 0, 0]]
H123-compact:
([1, 1, 25, 49, 4, 11, 14, 6], ['h1', 'h3', 'h2', 'h3', 'h2', 'h2', 'h3', 'h2'])
H123:
[[1, 0, 0, 0, 0, 0, 0, 0], [0, 0, 25, 0, 4, 11, 0, 6], [0, 1, 0, 49, 0, 0, 14, 0]]
H123-compact:
([1, 1, 22, 49, 3, 11, 14, 6, 2], ['h1', 'h3', 'h2', 'h3', 'h2', 'h2', 'h3', 'h2', 'h2'])
H123:
[[1, 0, 0, 0, 0, 0, 0, 0, 0], [0, 0, 22, 0, 3, 11, 0, 6, 2], [0, 1, 0, 49, 0, 0, 14, 0, 0]]
H123-compact:
([1, 1, 26, 49, 3, 11, 14, 6, 2], ['h1', 'h3', 'h2', 'h3', 'h2', 'h2', 'h3', 'h2', 'h2'])
H123:
[[1, 0, 0, 0, 0, 0, 0, 0, 0], [0, 0, 26, 0, 3, 11, 0, 6, 2], [0, 1, 0, 49, 0, 0, 14, 0, 0]]
H123-compact:
([1, 1, 22, 50, 3, 11, 14, 6, 2], ['h1', 'h3', 'h2', 'h3', 'h2', 'h2', 'h3', 'h2', 'h2'])
H123:
[[1, 0, 0, 0, 0, 0, 0, 0, 0], [0, 0, 22, 0, 3, 11, 0, 6, 2], [0, 1, 0, 50, 0, 0, 14, 0, 0]]
H123-compact:
([1, 1, 24, 49, 3, 11, 14, 6, 2], ['h1', 'h3', 'h2', 'h3', 'h2', 'h2', 'h3', 'h2', 'h2'])
H123:
[[1, 0, 0, 0, 0, 0, 0, 0, 0], [0, 0, 24, 0, 3, 11, 0, 6, 2], [0, 1, 0, 49, 0, 0, 14, 0, 0]]
H123-compact:
([1, 1, 22, 49, 4, 14, 10, 6], ['h1', 'h3', 'h2', 'h3', 'h2', 'h3', 'h2', 'h2'])
H123:
[[1, 0, 0, 0, 0, 0, 0, 0], [0, 0, 22, 0, 4, 0, 10, 6], [0, 1, 0, 49, 0, 14, 0, 0]]

