H123-compact:
([1, 1, 1, 29, 1, 2, 2, 1, 5, 4, 1, 2, 2, 4, 2, 1, 2], ['h1', 'h3', 'h1', 'h2', 'h3', 'h2', 'h2', 'h2', 'h2', 'h2', 'h3', 'h3', 'h2', 'h2', 'h3', 'h2', 'h2'])
H123:
[[1, 0, 1, 0, 0, 0, 0, 0, 0, 0, 0, 0, 0, 0, 0, 0, 0], [0, 0, 0, 29, 0, 2, 2, 1, 5, 4, 0, 0, 2, 4, 0, 1, 2], [0, 1, 0, 0, 1, 0, 0, 0, 0, 0, 1, 2, 0, 0, 2, 0, 0]]
H123-compact:
([1, 1, 1, 29, 5, 1, 2, 1, 2, 4, 1, 2, 2, 4, 2, 1, 2], ['h1', 'h3', 'h1', 'h2', 'h2', 'h3', 'h2', 'h2', 'h2', 'h2', 'h3', 'h2', 'h3', 'h2', 'h3', 'h2', 'h2'])
H123:
[[1, 0, 1, 0, 0, 0, 0, 0, 0, 0, 0, 0, 0, 0, 0, 0, 0], [0, 0, 0, 29, 5, 0, 2, 1, 2, 4, 0, 2, 0, 4, 0, 1, 2], [0, 1, 0, 0, 0, 1, 0, 0, 0, 0, 1, 0, 2, 0, 2, 0, 0]]
H123-compact:
([1, 1, 1, 31, 6, 1, 1, 2, 2, 4, 1, 2, 2, 4, 2, 1, 2], ['h1', 'h3', 'h1', 'h2', 'h2', 'h3', 'h2', 'h2', 'h2', 'h2', 'h3', 'h3', 'h2', 'h2', 'h3', 'h2', 'h2'])
H123:
[[1, 0, 1, 0, 0, 0, 0, 0, 0, 0, 0, 0, 0, 0, 0, 0, 0], [0, 0, 0, 31, 6, 0, 1, 2, 2, 4, 0, 0, 2, 4, 0, 1, 2], [0, 1, 0, 0, 0, 1, 0, 0, 0, 0, 1, 2, 0, 0, 2, 0, 0]]
H123-compact:
([1, 1, 1, 25, 6, 1, 1, 2, 2, 4, 1, 2, 2, 4, 2, 1, 2], ['h1', 'h3', 'h1', 'h2', 'h2', 'h3', 'h2', 'h2', 'h2', 'h2', 'h3', 'h2', 'h3', 'h2', 'h3', 'h2', 'h2'])
H123:
[[1, 0, 1, 0, 0, 0, 0, 0, 0, 0, 0, 0, 0, 0, 0, 0, 0], [0, 0, 0, 25, 6, 0, 1, 2, 2, 4, 0, 2, 0, 4, 0, 1, 2], [0, 1, 0, 0, 0, 1, 0, 0, 0, 0, 1, 0, 2, 0, 2, 0, 0]]
H123-compact:
([1, 1, 1, 24, 1, 1, 2, 2, 4, 1, 2, 2, 4, 2, 6, 1, 2], ['h1', 'h3', 'h1', 'h2', 'h3', 'h2', 'h2', 'h2', 'h2', 'h3', 'h3', 'h2', 'h2', 'h3', 'h2', 'h2', 'h2'])
H123:
[[1, 0, 1, 0, 0, 0, 0, 0, 0, 0, 0, 0, 0, 0, 0, 0, 0], [0, 0, 0, 24, 0, 1, 2, 2, 4, 0, 0, 2, 4, 0, 6, 1, 2], [0, 1, 0, 0, 1, 0, 0, 0, 0, 1, 2, 0, 0, 2, 0, 0, 0]]
H123-compact:
([1, 1, 1, 24, 5, 1, 3, 2, 1, 4, 1, 2, 2, 5, 2, 1, 2], ['h1', 'h3', 'h1', 'h2', 'h2', 'h3', 'h2', 'h2', 'h2', 'h2', 'h3', 'h3', 'h2', 'h2', 'h3', 'h2', 'h2'])
H123:
[[1, 0, 1, 0, 0, 0, 0, 0, 0, 0, 0, 0, 0, 0, 0, 0, 0], [0, 0, 0, 24, 5, 0, 3, 2, 1, 4, 0, 0, 2, 5, 0, 1, 2], [0, 1, 0, 0, 0, 1, 0, 0, 0, 0, 1, 2, 0, 0, 2, 0, 0]]
H123-compact:
([1, 1, 1, 25, 1, 1, 2, 2, 5, 4, 1, 2, 2, 4, 2, 1, 2], ['h1', 'h3', 'h1', 'h2', 'h3', 'h2', 'h2', 'h2', 'h2', 'h2', 'h3', 'h3', 'h2', 'h2', 'h3', 'h2', 'h2'])
H123:
[[1, 0, 1, 0, 0, 0, 0, 0, 0, 0, 0, 0, 0, 0, 0, 0, 0], [0, 0, 0, 25, 0, 1, 2, 2, 5, 4, 0, 0, 2, 4, 0, 1, 2], [0, 1, 0, 0, 1, 0, 0, 0, 0, 0, 1, 2, 0, 0, 2, 0, 0]]
H123-compact:
([1, 1, 1, 24, 2, 1, 1, 2, 5, 1, 2, 2, 4, 5, 2, 1, 2], ['h1', 'h3', 'h1', 'h2', 'h2', 'h2', 'h3', 'h2', 'h2', 'h3', 'h3', 'h2', 'h2', 'h2', 'h3', 'h2', 'h2'])
H123:
[[1, 0, 1, 0, 0, 0, 0, 0, 0, 0, 0, 0, 0, 0, 0, 0, 0], [0, 0, 0, 24, 2, 1, 0, 2, 5, 0, 0, 2, 4, 5, 0, 1, 2], [0, 1, 0, 0, 0, 0, 1, 0, 0, 1, 2, 0, 0, 0, 2, 0, 0]]
H123-compact:
([1, 1, 1, 24, 6, 1, 1, 2, 2, 4, 1, 2, 2, 5, 2, 1, 2], ['h1', 'h3', 'h1', 'h2', 'h2', 'h3', 'h2', 'h2', 'h2', 'h2', 'h3', 'h3', 'h2', 'h2', 'h3', 'h2', 'h2'])
H123:
[[1, 0, 1, 0, 0, 0, 0, 0, 0, 0, 0, 0, 0, 0, 0, 0, 0], [0, 0, 0, 24, 6, 0, 1, 2, 2, 4, 0, 0, 2, 5, 0, 1, 2], [0, 1, 0, 0, 0, 1, 0, 0, 0, 0, 1, 2, 0, 0, 2, 0, 0]]
H123-compact:
([1, 1, 1, 29, 1, 2, 2, 1, 4, 1, 2, 2, 5, 6, 2, 1, 2], ['h1', 'h3', 'h1', 'h2', 'h3', 'h2', 'h2', 'h2', 'h2', 'h3', 'h2', 'h3', 'h2', 'h2', 'h3', 'h2', 'h2'])
H123:
[[1, 0, 1, 0, 0, 0, 0, 0, 0, 0, 0, 0, 0, 0, 0, 0, 0], [0, 0, 0, 29, 0, 2, 2, 1, 4, 0, 2, 0, 5, 6, 0, 1, 2], [0, 1, 0, 0, 1, 0, 0, 0, 0, 1, 0, 2, 0, 0, 2, 0, 0]]
H123-compact:
([1, 1, 1, 24, 1, 2, 1, 2, 4, 1, 2, 2, 4, 2, 6, 1, 2], ['h1', 'h3', 'h1', 'h2', 'h3', 'h2', 'h2', 'h2', 'h2', 'h3', 'h3', 'h2', 'h2', 'h3', 'h2', 'h2', 'h2'])
H123:
[[1, 0, 1, 0, 0, 0, 0, 0, 0, 0, 0, 0, 0, 0, 0, 0, 0], [0, 0, 0, 24, 0, 2, 1, 2, 4, 0, 0, 2, 4, 0, 6, 1, 2], [0, 1, 0, 0, 1, 0, 0, 0, 0, 1, 2, 0, 0, 2, 0, 0, 0]]
H123-compact:
([1, 1, 1, 24, 1, 2, 1, 2, 6, 4, 1, 2, 2, 4, 3, 1, 2], ['h1', 'h3', 'h1', 'h2', 'h3', 'h2', 'h2', 'h2', 'h2', 'h2', 'h3', 'h2', 'h3', 'h2', 'h3', 'h2', 'h2'])
H123:
[[1, 0, 1, 0, 0, 0, 0, 0, 0, 0, 0, 0, 0, 0, 0, 0, 0], [0, 0, 0, 24, 0, 2, 1, 2, 6, 4, 0, 2, 0, 4, 0, 1, 2], [0, 1, 0, 0, 1, 0, 0, 0, 0, 0, 1, 0, 2, 0, 3, 0, 0]]
H123-compact:
([1, 1, 1, 25, 5, 1, 2, 2, 1, 4, 1, 2, 2, 4, 2, 1, 2], ['h1', 'h3', 'h1', 'h2', 'h2', 'h3', 'h2', 'h2', 'h2', 'h2', 'h3', 'h2', 'h3', 'h2', 'h3', 'h2', 'h2'])
H123:
[[1, 0, 1, 0, 0, 0, 0, 0, 0, 0, 0, 0, 0, 0, 0, 0, 0], [0, 0, 0, 25, 5, 0, 2, 2, 1, 4, 0, 2, 0, 4, 0, 1, 2], [0, 1, 0, 0, 0, 1, 0, 0, 0, 0, 1, 0, 2, 0, 2, 0, 0]]
H123-compact:
([1, 1, 1, 24, 1, 1, 2, 2, 4, 1, 2, 2, 5, 4, 2, 1, 2], ['h1', 'h3', 'h1', 'h2', 'h3', 'h2', 'h2', 'h2', 'h2', 'h3', 'h2', 'h3', 'h2', 'h2', 'h3', 'h2', 'h2'])
H123:
[[1, 0, 1, 0, 0, 0, 0, 0, 0, 0, 0, 0, 0, 0, 0, 0, 0], [0, 0, 0, 24, 0, 1, 2, 2, 4, 0, 2, 0, 5, 4, 0, 1, 2], [0, 1, 0, 0, 1, 0, 0, 0, 0, 1, 0, 2, 0, 0, 2, 0, 0]]
H123-compact:
([1, 1, 1, 25, 1, 2, 3, 1, 4, 7, 2, 2, 3, 3, 6, 1, 2], ['h1', 'h3', 'h1', 'h2', 'h3', 'h2', 'h2', 'h2', 'h2', 'h3', 'h2', 'h2', 'h2', 'h3', 'h2', 'h1', 'h2'])
H123:
[[1, 0, 1, 0, 0, 0, 0, 0, 0, 0, 0, 0, 0, 0, 0, 1, 0], [0, 0, 0, 25, 0, 2, 3, 1, 4, 0, 2, 2, 3, 0, 6, 0, 2], [0, 1, 0, 0, 1, 0, 0, 0, 0, 7, 0, 0, 0, 3, 0, 0, 0]]
H123-compact:
([1, 1, 1, 24, 1, 2, 2, 1, 1, 4, 2, 2, 4, 5, 2, 1, 2], ['h1', 'h2', 'h1', 'h2', 'h2', 'h2', 'h2', 'h2', 'h3', 'h2', 'h2', 'h3', 'h2', 'h2', 'h3', 'h2', 'h2'])
H123:
[[1, 0, 1, 0, 0, 0, 0, 0, 0, 0, 0, 0, 0, 0, 0, 0, 0], [0, 1, 0, 24, 1, 2, 2, 1, 0, 4, 2, 0, 4, 5, 0, 1, 2], [0, 0, 0, 0, 0, 0, 0, 0, 1, 0, 0, 2, 0, 0, 2, 0, 0]]
H123-compact:
([1, 1, 1, 28, 1, 1, 2, 3, 1, 2, 2, 4, 4, 3, 6, 2], ['h1', 'h3', 'h1', 'h2', 'h2', 'h3', 'h2', 'h2', 'h3', 'h2', 'h2', 'h2', 'h2', 'h3', 'h2', 'h2'])
H123:
[[1, 0, 1, 0, 0, 0, 0, 0, 0, 0, 0, 0, 0, 0, 0, 0], [0, 0, 0, 28, 1, 0, 2, 3, 0, 2, 2, 4, 4, 0, 6, 2], [0, 1, 0, 0, 0, 1, 0, 0, 1, 0, 0, 0, 0, 3, 0, 0]]
H123-compact:
([1, 1, 1, 28, 2, 1, 2, 1, 1, 4, 2, 2, 4, 6, 2, 1, 2], ['h1', 'h3', 'h1', 'h2', 'h2', 'h3', 'h2', 'h2', 'h3', 'h2', 'h2', 'h2', 'h2', 'h2', 'h3', 'h2', 'h2'])
H123:
[[1, 0, 1, 0, 0, 0, 0, 0, 0, 0, 0, 0, 0, 0, 0, 0, 0], [0, 0, 0, 28, 2, 0, 2, 1, 0, 4, 2, 2, 4, 6, 0, 1, 2], [0, 1, 0, 0, 0, 1, 0, 0, 1, 0, 0, 0, 0, 0, 2, 0, 0]]
H123-compact:
([1, 1, 1, 30, 1, 2, 1, 2, 4, 1, 2, 2, 6, 4, 2, 1, 2], ['h1', 'h3', 'h1', 'h2', 'h3', 'h2', 'h2', 'h2', 'h2', 'h3', 'h3', 'h2', 'h2', 'h2', 'h3', 'h2', 'h2'])
H123:
[[1, 0, 1, 0, 0, 0, 0, 0, 0, 0, 0, 0, 0, 0, 0, 0, 0], [0, 0, 0, 30, 0, 2, 1, 2, 4, 0, 0, 2, 6, 4, 0, 1, 2], [0, 1, 0, 0, 1, 0, 0, 0, 0, 1, 2, 0, 0, 0, 2, 0, 0]]
H123-compact:
([1, 1, 1, 24, 1, 1, 2, 2, 4, 1, 2, 2, 4, 6, 2, 1, 2], ['h1', 'h3', 'h1', 'h2', 'h3', 'h2', 'h2', 'h2', 'h2', 'h3', 'h2', 'h3', 'h2', 'h2', 'h3', 'h2', 'h2'])
H123:
[[1, 0, 1, 0, 0, 0, 0, 0, 0, 0, 0, 0, 0, 0, 0, 0, 0], [0, 0, 0, 24, 0, 1, 2, 2, 4, 0, 2, 0, 4, 6, 0, 1, 2], [0, 1, 0, 0, 1, 0, 0, 0, 0, 1, 0, 2, 0, 0, 2, 0, 0]]

