H123-compact:
([1, 37, 1, 1, 3, 2, 1, 1, 1, 6, 1, 1, 2], ['h1', 'h3', 'h2', 'h3', 'h2', 'h2', 'h2', 'h3', 'h2', 'h2', 'h2', 'h3', 'h2'])
H123:
[[1, 0, 0, 0, 0, 0, 0, 0, 0, 0, 0, 0, 0], [0, 0, 1, 0, 3, 2, 1, 0, 1, 6, 1, 0, 2], [0, 37, 0, 1, 0, 0, 0, 1, 0, 0, 0, 1, 0]]
H123-compact:
([1, 37, 1, 1, 3, 2, 1, 1, 1, 6, 1, 1, 2], ['h1', 'h3', 'h2', 'h3', 'h2', 'h2', 'h2', 'h3', 'h2', 'h2', 'h2', 'h3', 'h2'])
H123:
[[1, 0, 0, 0, 0, 0, 0, 0, 0, 0, 0, 0, 0], [0, 0, 1, 0, 3, 2, 1, 0, 1, 6, 1, 0, 2], [0, 37, 0, 1, 0, 0, 0, 1, 0, 0, 0, 1, 0]]
H123-compact:
([1, 37, 1, 1, 3, 2, 1, 1, 1, 1, 6, 1, 2], ['h1', 'h3', 'h2', 'h3', 'h2', 'h2', 'h2', 'h3', 'h2', 'h2', 'h2', 'h3', 'h2'])
H123:
[[1, 0, 0, 0, 0, 0, 0, 0, 0, 0, 0, 0, 0], [0, 0, 1, 0, 3, 2, 1, 0, 1, 1, 6, 0, 2], [0, 37, 0, 1, 0, 0, 0, 1, 0, 0, 0, 1, 0]]
H123-compact:
([1, 38, 1, 1, 3, 2, 1, 1, 1, 6, 1, 1, 2], ['h1', 'h3', 'h2', 'h3', 'h2', 'h2', 'h2', 'h3', 'h2', 'h2', 'h2', 'h3', 'h2'])
H123:
[[1, 0, 0, 0, 0, 0, 0, 0, 0, 0, 0, 0, 0], [0, 0, 1, 0, 3, 2, 1, 0, 1, 6, 1, 0, 2], [0, 38, 0, 1, 0, 0, 0, 1, 0, 0, 0, 1, 0]]
H123-compact:
([1, 38, 1, 1, 3, 2, 1, 1, 1, 6, 1, 1, 2], ['h1', 'h3', 'h2', 'h3', 'h2', 'h2', 'h2', 'h3', 'h2', 'h2', 'h2', 'h3', 'h2'])
H123:
[[1, 0, 0, 0, 0, 0, 0, 0, 0, 0, 0, 0, 0], [0, 0, 1, 0, 3, 2, 1, 0, 1, 6, 1, 0, 2], [0, 38, 0, 1, 0, 0, 0, 1, 0, 0, 0, 1, 0]]
H123-compact:
([1, 37, 1, 1, 3, 2, 1, 1, 1, 6, 1, 1, 2], ['h1', 'h3', 'h2', 'h3', 'h2', 'h2', 'h2', 'h3', 'h2', 'h2', 'h2', 'h3', 'h2'])
H123:
[[1, 0, 0, 0, 0, 0, 0, 0, 0, 0, 0, 0, 0], [0, 0, 1, 0, 3, 2, 1, 0, 1, 6, 1, 0, 2], [0, 37, 0, 1, 0, 0, 0, 1, 0, 0, 0, 1, 0]]
H123-compact:
([1, 37, 1, 1, 3, 2, 1, 1, 1, 1, 1, 6, 2], ['h1', 'h3', 'h2', 'h3', 'h2', 'h2', 'h2', 'h3', 'h2', 'h2', 'h3', 'h2', 'h2'])
H123:
[[1, 0, 0, 0, 0, 0, 0, 0, 0, 0, 0, 0, 0], [0, 0, 1, 0, 3, 2, 1, 0, 1, 1, 0, 6, 2], [0, 37, 0, 1, 0, 0, 0, 1, 0, 0, 1, 0, 0]]
H123-compact:
([1, 37, 1, 1, 3, 2, 1, 1, 1, 6, 1, 1, 2], ['h1', 'h3', 'h2', 'h3', 'h2', 'h2', 'h2', 'h3', 'h2', 'h2', 'h2', 'h3', 'h2'])
H123:
[[1, 0, 0, 0, 0, 0, 0, 0, 0, 0, 0, 0, 0], [0, 0, 1, 0, 3, 2, 1, 0, 1, 6, 1, 0, 2], [0, 37, 0, 1, 0, 0, 0, 1, 0, 0, 0, 1, 0]]
H123-compact:
([1, 37, 1, 1, 3, 2, 1, 1, 1, 1, 1, 6, 2], ['h1', 'h3', 'h2', 'h3', 'h2', 'h2', 'h2', 'h3', 'h2', 'h2', 'h3', 'h2', 'h2'])
H123:
[[1, 0, 0, 0, 0, 0, 0, 0, 0, 0, 0, 0, 0], [0, 0, 1, 0, 3, 2, 1, 0, 1, 1, 0, 6, 2], [0, 37, 0, 1, 0, 0, 0, 1, 0, 0, 1, 0, 0]]
H123-compact:
([1, 37, 1, 1, 3, 2, 1, 1, 1, 1, 1, 6, 2], ['h1', 'h3', 'h2', 'h3', 'h2', 'h2', 'h2', 'h3', 'h2', 'h2', 'h3', 'h2', 'h2'])
H123:
[[1, 0, 0, 0, 0, 0, 0, 0, 0, 0, 0, 0, 0], [0, 0, 1, 0, 3, 2, 1, 0, 1, 1, 0, 6, 2], [0, 37, 0, 1, 0, 0, 0, 1, 0, 0, 1, 0, 0]]
H123-compact:
([1, 34, 1, 1, 3, 2, 1, 1, 1, 6, 1, 1], ['h1', 'h3', 'h2', 'h3', 'h2', 'h2', 'h2', 'h2', 'h3', 'h2', 'h2', 'h3'])
H123:
[[1, 0, 0, 0, 0, 0, 0, 0, 0, 0, 0, 0], [0, 0, 1, 0, 3, 2, 1, 1, 0, 6, 1, 0], [0, 34, 0, 1, 0, 0, 0, 0, 1, 0, 0, 1]]
H123-compact:
([1, 33, 1, 1, 3, 2, 1, 1, 1, 1, 1, 6], ['h1', 'h3', 'h2', 'h3', 'h2', 'h2', 'h2', 'h3', 'h2', 'h2', 'h3', 'h2'])
H123:
[[1, 0, 0, 0, 0, 0, 0, 0, 0, 0, 0, 0], [0, 0, 1, 0, 3, 2, 1, 0, 1, 1, 0, 6], [0, 33, 0, 1, 0, 0, 0, 1, 0, 0, 1, 0]]
H123-compact:
([1, 37, 1, 1, 3, 2, 1, 1, 1, 6, 1, 1, 2], ['h1', 'h3', 'h2', 'h3', 'h2', 'h2', 'h2', 'h3', 'h2', 'h2', 'h2', 'h3', 'h2'])
H123:
[[1, 0, 0, 0, 0, 0, 0, 0, 0, 0, 0, 0, 0], [0, 0, 1, 0, 3, 2, 1, 0, 1, 6, 1, 0, 2], [0, 37, 0, 1, 0, 0, 0, 1, 0, 0, 0, 1, 0]]
H123-compact:
([1, 39, 1, 1, 3, 2, 1, 1, 1, 6, 1, 1, 2], ['h1', 'h3', 'h2', 'h3', 'h2', 'h2', 'h2', 'h3', 'h2', 'h2', 'h2', 'h3', 'h2'])
H123:
[[1, 0, 0, 0, 0, 0, 0, 0, 0, 0, 0, 0, 0], [0, 0, 1, 0, 3, 2, 1, 0, 1, 6, 1, 0, 2], [0, 39, 0, 1, 0, 0, 0, 1, 0, 0, 0, 1, 0]]
H123-compact:
([1, 33, 1, 1, 3, 2, 1, 1, 1, 6, 1, 1, 2], ['h1', 'h3', 'h2', 'h3', 'h2', 'h2', 'h2', 'h2', 'h3', 'h2', 'h2', 'h3', 'h2'])
H123:
[[1, 0, 0, 0, 0, 0, 0, 0, 0, 0, 0, 0, 0], [0, 0, 1, 0, 3, 2, 1, 1, 0, 6, 1, 0, 2], [0, 33, 0, 1, 0, 0, 0, 0, 1, 0, 0, 1, 0]]
H123-compact:
([1, 36, 1, 1, 3, 2, 1, 1, 1, 6, 1, 1], ['h1', 'h3', 'h2', 'h3', 'h2', 'h2', 'h2', 'h3', 'h2', 'h2', 'h2', 'h3'])
H123:
[[1, 0, 0, 0, 0, 0, 0, 0, 0, 0, 0, 0], [0, 0, 1, 0, 3, 2, 1, 0, 1, 6, 1, 0], [0, 36, 0, 1, 0, 0, 0, 1, 0, 0, 0, 1]]
H123-compact:
([1, 37, 1, 1, 3, 2, 1, 1, 1, 5, 1, 1, 2], ['h1', 'h3', 'h2', 'h3', 'h2', 'h2', 'h2', 'h3', 'h2', 'h2', 'h2', 'h3', 'h2'])
H123:
[[1, 0, 0, 0, 0, 0, 0, 0, 0, 0, 0, 0, 0], [0, 0, 1, 0, 3, 2, 1, 0, 1, 5, 1, 0, 2], [0, 37, 0, 1, 0, 0, 0, 1, 0, 0, 0, 1, 0]]
H123-compact:
([1, 38, 1, 1, 3, 2, 1, 1, 1, 6, 1, 1, 2], ['h1', 'h3', 'h2', 'h3', 'h2', 'h2', 'h2', 'h3', 'h2', 'h2', 'h2', 'h3', 'h2'])
H123:
[[1, 0, 0, 0, 0, 0, 0, 0, 0, 0, 0, 0, 0], [0, 0, 1, 0, 3, 2, 1, 0, 1, 6, 1, 0, 2], [0, 38, 0, 1, 0, 0, 0, 1, 0, 0, 0, 1, 0]]
H123-compact:
([1, 37, 1, 1, 3, 2, 1, 1, 1, 6, 1, 1, 1], ['h1', 'h3', 'h2', 'h3', 'h2', 'h2', 'h2', 'h3', 'h2', 'h2', 'h2', 'h1', 'h3'])
H123:
[[1, 0, 0, 0, 0, 0, 0, 0, 0, 0, 0, 1, 0], [0, 0, 1, 0, 3, 2, 1, 0, 1, 6, 1, 0, 0], [0, 37, 0, 1, 0, 0, 0, 1, 0, 0, 0, 0, 1]]
H123-compact:
([1, 37, 1, 1, 3, 2, 1, 1, 1, 1, 7, 1], ['h1', 'h3', 'h2', 'h3', 'h2', 'h2', 'h2', 'h3', 'h2', 'h2', 'h2', 'h3'])
H123:
[[1, 0, 0, 0, 0, 0, 0, 0, 0, 0, 0, 0], [0, 0, 1, 0, 3, 2, 1, 0, 1, 1, 7, 0], [0, 37, 0, 1, 0, 0, 0, 1, 0, 0, 0, 1]]

