H123-compact:
([1, 1, 8, 7, 4, 5, 4, 4, 1, 1, 2, 1, 6, 2], ['h1', 'h3', 'h1', 'h1', 'h1', 'h1', 'h1', 'h1', 'h3', 'h2', 'h2', 'h2', 'h2', 'h2'])
H123:
[[1, 0, 8, 7, 4, 5, 4, 4, 0, 0, 0, 0, 0, 0], [0, 0, 0, 0, 0, 0, 0, 0, 0, 1, 2, 1, 6, 2], [0, 1, 0, 0, 0, 0, 0, 0, 1, 0, 0, 0, 0, 0]]
H123-compact:
([1, 1, 5, 8, 6, 6, 3, 4, 1, 1, 2, 1, 6, 2], ['h1', 'h3', 'h1', 'h1', 'h1', 'h1', 'h1', 'h1', 'h3', 'h2', 'h2', 'h2', 'h2', 'h2'])
H123:
[[1, 0, 5, 8, 6, 6, 3, 4, 0, 0, 0, 0, 0, 0], [0, 0, 0, 0, 0, 0, 0, 0, 0, 1, 2, 1, 6, 2], [0, 1, 0, 0, 0, 0, 0, 0, 1, 0, 0, 0, 0, 0]]
H123-compact:
([1, 1, 8, 6, 4, 4, 6, 4, 1, 1, 2, 1, 6, 2], ['h1', 'h3', 'h1', 'h1', 'h1', 'h1', 'h1', 'h1', 'h3', 'h2', 'h2', 'h2', 'h2', 'h2'])
H123:
[[1, 0, 8, 6, 4, 4, 6, 4, 0, 0, 0, 0, 0, 0], [0, 0, 0, 0, 0, 0, 0, 0, 0, 1, 2, 1, 6, 2], [0, 1, 0, 0, 0, 0, 0, 0, 1, 0, 0, 0, 0, 0]]
H123-compact:
([1, 1, 7, 7, 5, 4, 4, 5, 1, 1, 2, 1, 6, 2], ['h1', 'h3', 'h1', 'h1', 'h1', 'h1', 'h1', 'h1', 'h3', 'h2', 'h2', 'h2', 'h2', 'h2'])
H123:
[[1, 0, 7, 7, 5, 4, 4, 5, 0, 0, 0, 0, 0, 0], [0, 0, 0, 0, 0, 0, 0, 0, 0, 1, 2, 1, 6, 2], [0, 1, 0, 0, 0, 0, 0, 0, 1, 0, 0, 0, 0, 0]]
H123-compact:
([1, 1, 7, 6, 5, 5, 4, 5, 1, 1, 2, 1, 6, 2], ['h1', 'h3', 'h1', 'h1', 'h1', 'h1', 'h1', 'h1', 'h3', 'h2', 'h2', 'h2', 'h2', 'h2'])
H123:
[[1, 0, 7, 6, 5, 5, 4, 5, 0, 0, 0, 0, 0, 0], [0, 0, 0, 0, 0, 0, 0, 0, 0, 1, 2, 1, 6, 2], [0, 1, 0, 0, 0, 0, 0, 0, 1, 0, 0, 0, 0, 0]]
H123-compact:
([1, 1, 7, 7, 5, 5, 3, 5, 1, 1, 2, 1, 6, 2], ['h1', 'h3', 'h1', 'h1', 'h1', 'h1', 'h1', 'h1', 'h3', 'h2', 'h2', 'h2', 'h2', 'h2'])
H123:
[[1, 0, 7, 7, 5, 5, 3, 5, 0, 0, 0, 0, 0, 0], [0, 0, 0, 0, 0, 0, 0, 0, 0, 1, 2, 1, 6, 2], [0, 1, 0, 0, 0, 0, 0, 0, 1, 0, 0, 0, 0, 0]]
H123-compact:
([1, 1, 7, 8, 5, 5, 3, 4, 1, 1, 2, 1, 5, 2], ['h1', 'h3', 'h1', 'h1', 'h1', 'h1', 'h1', 'h1', 'h3', 'h2', 'h2', 'h2', 'h2', 'h2'])
H123:
[[1, 0, 7, 8, 5, 5, 3, 4, 0, 0, 0, 0, 0, 0], [0, 0, 0, 0, 0, 0, 0, 0, 0, 1, 2, 1, 5, 2], [0, 1, 0, 0, 0, 0, 0, 0, 1, 0, 0, 0, 0, 0]]
H123-compact:
([1, 1, 7, 7, 5, 5, 3, 5, 1, 1, 2, 1, 6, 2], ['h1', 'h3', 'h1', 'h1', 'h1', 'h1', 'h1', 'h1', 'h3', 'h2', 'h2', 'h2', 'h2', 'h2'])
H123:
[[1, 0, 7, 7, 5, 5, 3, 5, 0, 0, 0, 0, 0, 0], [0, 0, 0, 0, 0, 0, 0, 0, 0, 1, 2, 1, 6, 2], [0, 1, 0, 0, 0, 0, 0, 0, 1, 0, 0, 0, 0, 0]]
H123-compact:
([1, 1, 9, 6, 5, 5, 3, 4, 1, 1, 2, 1, 6, 2], ['h1', 'h3', 'h1', 'h1', 'h1', 'h1', 'h1', 'h1', 'h3', 'h2', 'h2', 'h2', 'h2', 'h2'])
H123:
[[1, 0, 9, 6, 5, 5, 3, 4, 0, 0, 0, 0, 0, 0], [0, 0, 0, 0, 0, 0, 0, 0, 0, 1, 2, 1, 6, 2], [0, 1, 0, 0, 0, 0, 0, 0, 1, 0, 0, 0, 0, 0]]
H123-compact:
([1, 1, 6, 8, 5, 4, 3, 6, 1, 1, 2, 1, 6, 2], ['h1', 'h3', 'h1', 'h1', 'h1', 'h1', 'h1', 'h1', 'h3', 'h2', 'h2', 'h2', 'h2', 'h2'])
H123:
[[1, 0, 6, 8, 5, 4, 3, 6, 0, 0, 0, 0, 0, 0], [0, 0, 0, 0, 0, 0, 0, 0, 0, 1, 2, 1, 6, 2], [0, 1, 0, 0, 0, 0, 0, 0, 1, 0, 0, 0, 0, 0]]
H123-compact:
([1, 1, 6, 7, 5, 5, 4, 5, 1, 1, 2, 1, 6, 2], ['h1', 'h3', 'h1', 'h1', 'h1', 'h1', 'h1', 'h1', 'h3', 'h2', 'h2', 'h2', 'h2', 'h2'])
H123:
[[1, 0, 6, 7, 5, 5, 4, 5, 0, 0, 0, 0, 0, 0], [0, 0, 0, 0, 0, 0, 0, 0, 0, 1, 2, 1, 6, 2], [0, 1, 0, 0, 0, 0, 0, 0, 1, 0, 0, 0, 0, 0]]
H123-compact:
([1, 1, 7, 7, 3, 5, 5, 5, 1, 1, 2, 1, 6, 2], ['h1', 'h3', 'h1', 'h1', 'h1', 'h1', 'h1', 'h1', 'h3', 'h2', 'h2', 'h2', 'h2', 'h2'])
H123:
[[1, 0, 7, 7, 3, 5, 5, 5, 0, 0, 0, 0, 0, 0], [0, 0, 0, 0, 0, 0, 0, 0, 0, 1, 2, 1, 6, 2], [0, 1, 0, 0, 0, 0, 0, 0, 1, 0, 0, 0, 0, 0]]
H123-compact:
([1, 1, 7, 8, 3, 5, 5, 4, 1, 1, 2, 1, 7, 2], ['h1', 'h3', 'h1', 'h1', 'h1', 'h1', 'h1', 'h1', 'h3', 'h2', 'h2', 'h2', 'h2', 'h2'])
H123:
[[1, 0, 7, 8, 3, 5, 5, 4, 0, 0, 0, 0, 0, 0], [0, 0, 0, 0, 0, 0, 0, 0, 0, 1, 2, 1, 7, 2], [0, 1, 0, 0, 0, 0, 0, 0, 1, 0, 0, 0, 0, 0]]
H123-compact:
([1, 1, 9, 6, 5, 5, 3, 4, 1, 1, 2, 1, 6], ['h1', 'h3', 'h1', 'h1', 'h1', 'h1', 'h1', 'h1', 'h3', 'h2', 'h2', 'h2', 'h2'])
H123:
[[1, 0, 9, 6, 5, 5, 3, 4, 0, 0, 0, 0, 0], [0, 0, 0, 0, 0, 0, 0, 0, 0, 1, 2, 1, 6], [0, 1, 0, 0, 0, 0, 0, 0, 1, 0, 0, 0, 0]]
H123-compact:
([1, 1, 1, 8, 6, 4, 4, 7, 3, 1, 1, 2, 1, 6], ['h1', 'h1', 'h3', 'h1', 'h1', 'h1', 'h1', 'h1', 'h1', 'h3', 'h2', 'h2', 'h2', 'h2'])
H123:
[[1, 1, 0, 8, 6, 4, 4, 7, 3, 0, 0, 0, 0, 0], [0, 0, 0, 0, 0, 0, 0, 0, 0, 0, 1, 2, 1, 6], [0, 0, 1, 0, 0, 0, 0, 0, 0, 1, 0, 0, 0, 0]]
H123-compact:
([1, 1, 8, 7, 3, 5, 4, 5, 1, 1, 2, 1, 6], ['h1', 'h3', 'h1', 'h1', 'h1', 'h1', 'h1', 'h1', 'h3', 'h2', 'h2', 'h2', 'h2'])
H123:
[[1, 0, 8, 7, 3, 5, 4, 5, 0, 0, 0, 0, 0], [0, 0, 0, 0, 0, 0, 0, 0, 0, 1, 2, 1, 6], [0, 1, 0, 0, 0, 0, 0, 0, 1, 0, 0, 0, 0]]
H123-compact:
([1, 1, 6, 6, 5, 5, 6, 4, 1, 1, 2, 1, 6], ['h1', 'h3', 'h1', 'h1', 'h1', 'h1', 'h1', 'h1', 'h3', 'h2', 'h2', 'h2', 'h2'])
H123:
[[1, 0, 6, 6, 5, 5, 6, 4, 0, 0, 0, 0, 0], [0, 0, 0, 0, 0, 0, 0, 0, 0, 1, 2, 1, 6], [0, 1, 0, 0, 0, 0, 0, 0, 1, 0, 0, 0, 0]]
H123-compact:
([1, 1, 7, 6, 5, 5, 6, 3, 1, 1, 2, 1, 6], ['h1', 'h3', 'h1', 'h1', 'h1', 'h1', 'h1', 'h1', 'h3', 'h2', 'h2', 'h2', 'h2'])
H123:
[[1, 0, 7, 6, 5, 5, 6, 3, 0, 0, 0, 0, 0], [0, 0, 0, 0, 0, 0, 0, 0, 0, 1, 2, 1, 6], [0, 1, 0, 0, 0, 0, 0, 0, 1, 0, 0, 0, 0]]
H123-compact:
([1, 1, 6, 6, 5, 5, 4, 6, 1, 1, 2, 1, 6, 2], ['h1', 'h3', 'h1', 'h1', 'h1', 'h1', 'h1', 'h1', 'h3', 'h2', 'h2', 'h2', 'h2', 'h2'])
H123:
[[1, 0, 6, 6, 5, 5, 4, 6, 0, 0, 0, 0, 0, 0], [0, 0, 0, 0, 0, 0, 0, 0, 0, 1, 2, 1, 6, 2], [0, 1, 0, 0, 0, 0, 0, 0, 1, 0, 0, 0, 0, 0]]
H123-compact:
([1, 1, 6, 6, 5, 6, 5, 4, 1, 1, 2, 1, 6], ['h1', 'h3', 'h1', 'h1', 'h1', 'h1', 'h1', 'h1', 'h3', 'h2', 'h2', 'h2', 'h2'])
H123:
[[1, 0, 6, 6, 5, 6, 5, 4, 0, 0, 0, 0, 0], [0, 0, 0, 0, 0, 0, 0, 0, 0, 1, 2, 1, 6], [0, 1, 0, 0, 0, 0, 0, 0, 1, 0, 0, 0, 0]]

