H123-compact:
([1, 1, 79, 2, 2, 4, 1, 1, 2, 1, 1, 2, 1, 2, 1, 4, 2, 1, 1, 1, 17, 2, 2, 4, 1, 2, 5, 1, 2, 2, 1, 3, 2, 2, 2], ['h1', 'h2', 'h2', 'h2', 'h2', 'h2', 'h2', 'h2', 'h2', 'h3', 'h2', 'h2', 'h3', 'h1', 'h3', 'h2', 'h2', 'h3', 'h2', 'h2', 'h2', 'h2', 'h2', 'h2', 'h2', 'h2', 'h2', 'h2', 'h1', 'h2', 'h2', 'h2', 'h1', 'h1', 'h2'])
H123:
[[1, 0, 0, 0, 0, 0, 0, 0, 0, 0, 0, 0, 0, 2, 0, 0, 0, 0, 0, 0, 0, 0, 0, 0, 0, 0, 0, 0, 2, 0, 0, 0, 2, 2, 0], [0, 1, 79, 2, 2, 4, 1, 1, 2, 0, 1, 2, 0, 0, 0, 4, 2, 0, 1, 1, 17, 2, 2, 4, 1, 2, 5, 1, 0, 2, 1, 3, 0, 0, 2], [0, 0, 0, 0, 0, 0, 0, 0, 0, 1, 0, 0, 1, 0, 1, 0, 0, 1, 0, 0, 0, 0, 0, 0, 0, 0, 0, 0, 0, 0, 0, 0, 0, 0, 0]]
H123-compact:
([1, 1, 76, 4, 2, 2, 1, 1, 2, 1, 1, 2, 1, 2, 4, 1, 2, 2, 16, 1, 1, 1, 2, 1, 3, 2, 1, 2, 2, 1, 6, 2, 2, 1, 3, 2], ['h1', 'h3', 'h2', 'h3', 'h2', 'h2', 'h2', 'h2', 'h2', 'h3', 'h2', 'h2', 'h3', 'h1', 'h2', 'h3', 'h2', 'h2', 'h2', 'h3', 'h2', 'h2', 'h2', 'h2', 'h2', 'h2', 'h2', 'h2', 'h1', 'h2', 'h2', 'h1', 'h1', 'h1', 'h2', 'h2'])
H123:
[[1, 0, 0, 0, 0, 0, 0, 0, 0, 0, 0, 0, 0, 2, 0, 0, 0, 0, 0, 0, 0, 0, 0, 0, 0, 0, 0, 0, 2, 0, 0, 2, 2, 1, 0, 0], [0, 0, 76, 0, 2, 2, 1, 1, 2, 0, 1, 2, 0, 0, 4, 0, 2, 2, 16, 0, 1, 1, 2, 1, 3, 2, 1, 2, 0, 1, 6, 0, 0, 0, 3, 2], [0, 1, 0, 4, 0, 0, 0, 0, 0, 1, 0, 0, 1, 0, 0, 1, 0, 0, 0, 1, 0, 0, 0, 0, 0, 0, 0, 0, 0, 0, 0, 0, 0, 0, 0, 0]]
H123-compact:
([1, 1, 75, 4, 2, 2, 1, 1, 1, 2, 1, 2, 1, 4, 2, 2, 1, 1, 1, 1, 16, 2, 2, 1, 3, 2, 1, 2, 2, 1, 6, 2, 2, 3, 2], ['h1', 'h3', 'h2', 'h3', 'h2', 'h2', 'h2', 'h2', 'h2', 'h2', 'h3', 'h1', 'h3', 'h2', 'h2', 'h2', 'h3', 'h3', 'h2', 'h2', 'h2', 'h2', 'h2', 'h2', 'h2', 'h2', 'h2', 'h1', 'h2', 'h2', 'h2', 'h1', 'h1', 'h2', 'h2'])
H123:
[[1, 0, 0, 0, 0, 0, 0, 0, 0, 0, 0, 2, 0, 0, 0, 0, 0, 0, 0, 0, 0, 0, 0, 0, 0, 0, 0, 2, 0, 0, 0, 2, 2, 0, 0], [0, 0, 75, 0, 2, 2, 1, 1, 1, 2, 0, 0, 0, 4, 2, 2, 0, 0, 1, 1, 16, 2, 2, 1, 3, 2, 1, 0, 2, 1, 6, 0, 0, 3, 2], [0, 1, 0, 4, 0, 0, 0, 0, 0, 0, 1, 0, 1, 0, 0, 0, 1, 1, 0, 0, 0, 0, 0, 0, 0, 0, 0, 0, 0, 0, 0, 0, 0, 0, 0]]
H123-compact:
([1, 1, 73, 4, 1, 2, 2, 1, 2, 1, 1, 2, 1, 1, 4, 2, 2, 1, 1, 1, 2, 1, 3, 2, 18, 2, 5, 3, 1, 2, 1, 1, 1, 2, 2, 2], ['h1', 'h3', 'h2', 'h3', 'h2', 'h2', 'h2', 'h2', 'h2', 'h3', 'h2', 'h2', 'h3', 'h3', 'h2', 'h1', 'h2', 'h3', 'h2', 'h2', 'h2', 'h2', 'h2', 'h2', 'h2', 'h2', 'h2', 'h2', 'h2', 'h2', 'h1', 'h2', 'h1', 'h1', 'h1', 'h2'])
H123:
[[1, 0, 0, 0, 0, 0, 0, 0, 0, 0, 0, 0, 0, 0, 0, 2, 0, 0, 0, 0, 0, 0, 0, 0, 0, 0, 0, 0, 0, 0, 1, 0, 1, 2, 2, 0], [0, 0, 73, 0, 1, 2, 2, 1, 2, 0, 1, 2, 0, 0, 4, 0, 2, 0, 1, 1, 2, 1, 3, 2, 18, 2, 5, 3, 1, 2, 0, 1, 0, 0, 0, 2], [0, 1, 0, 4, 0, 0, 0, 0, 0, 1, 0, 0, 1, 1, 0, 0, 0, 1, 0, 0, 0, 0, 0, 0, 0, 0, 0, 0, 0, 0, 0, 0, 0, 0, 0, 0]]
H123-compact:
([1, 1, 76, 4, 2, 2, 1, 1, 2, 1, 2, 1, 1, 2, 4, 1, 2, 1, 1, 1, 16, 2, 2, 1, 3, 2, 1, 6, 3, 2, 3, 1, 1, 2, 2, 2, 2], ['h1', 'h3', 'h2', 'h3', 'h2', 'h2', 'h2', 'h2', 'h2', 'h3', 'h2', 'h3', 'h2', 'h1', 'h2', 'h3', 'h2', 'h3', 'h2', 'h2', 'h2', 'h2', 'h2', 'h2', 'h2', 'h2', 'h2', 'h2', 'h1', 'h2', 'h2', 'h2', 'h1', 'h1', 'h1', 'h1', 'h2'])
H123:
[[1, 0, 0, 0, 0, 0, 0, 0, 0, 0, 0, 0, 0, 2, 0, 0, 0, 0, 0, 0, 0, 0, 0, 0, 0, 0, 0, 0, 3, 0, 0, 0, 1, 2, 2, 2, 0], [0, 0, 76, 0, 2, 2, 1, 1, 2, 0, 2, 0, 1, 0, 4, 0, 2, 0, 1, 1, 16, 2, 2, 1, 3, 2, 1, 6, 0, 2, 3, 1, 0, 0, 0, 0, 2], [0, 1, 0, 4, 0, 0, 0, 0, 0, 1, 0, 1, 0, 0, 0, 1, 0, 1, 0, 0, 0, 0, 0, 0, 0, 0, 0, 0, 0, 0, 0, 0, 0, 0, 0, 0, 0]]
H123-compact:
([1, 1, 77, 4, 3, 2, 1, 2, 1, 1, 4, 1, 2, 1, 2, 1, 2, 1, 1, 1, 2, 1, 3, 2, 2, 5, 3, 17, 2, 1, 2, 2, 1, 2, 2, 2], ['h1', 'h3', 'h2', 'h3', 'h2', 'h2', 'h2', 'h2', 'h3', 'h2', 'h2', 'h2', 'h1', 'h3', 'h2', 'h3', 'h2', 'h2', 'h2', 'h3', 'h2', 'h2', 'h2', 'h2', 'h2', 'h2', 'h2', 'h2', 'h2', 'h2', 'h1', 'h2', 'h2', 'h1', 'h1', 'h2'])
H123:
[[1, 0, 0, 0, 0, 0, 0, 0, 0, 0, 0, 0, 2, 0, 0, 0, 0, 0, 0, 0, 0, 0, 0, 0, 0, 0, 0, 0, 0, 0, 2, 0, 0, 2, 2, 0], [0, 0, 77, 0, 3, 2, 1, 2, 0, 1, 4, 1, 0, 0, 2, 0, 2, 1, 1, 0, 2, 1, 3, 2, 2, 5, 3, 17, 2, 1, 0, 2, 1, 0, 0, 2], [0, 1, 0, 4, 0, 0, 0, 0, 1, 0, 0, 0, 0, 1, 0, 1, 0, 0, 0, 1, 0, 0, 0, 0, 0, 0, 0, 0, 0, 0, 0, 0, 0, 0, 0, 0]]
H123-compact:
([1, 1, 74, 4, 2, 2, 1, 1, 2, 1, 3, 4, 2, 1, 2, 1, 1, 16, 2, 1, 2, 1, 1, 2, 1, 3, 2, 1, 3, 2, 1, 1, 2, 2, 2, 7, 1, 3, 2], ['h1', 'h3', 'h2', 'h3', 'h2', 'h2', 'h2', 'h2', 'h2', 'h3', 'h2', 'h2', 'h2', 'h2', 'h1', 'h3', 'h3', 'h2', 'h2', 'h3', 'h2', 'h2', 'h2', 'h2', 'h2', 'h2', 'h2', 'h2', 'h1', 'h2', 'h2', 'h1', 'h1', 'h1', 'h1', 'h2', 'h1', 'h2', 'h2'])
H123:
[[1, 0, 0, 0, 0, 0, 0, 0, 0, 0, 0, 0, 0, 0, 2, 0, 0, 0, 0, 0, 0, 0, 0, 0, 0, 0, 0, 0, 3, 0, 0, 1, 2, 2, 2, 0, 1, 0, 0], [0, 0, 74, 0, 2, 2, 1, 1, 2, 0, 3, 4, 2, 1, 0, 0, 0, 16, 2, 0, 2, 1, 1, 2, 1, 3, 2, 1, 0, 2, 1, 0, 0, 0, 0, 7, 0, 3, 2], [0, 1, 0, 4, 0, 0, 0, 0, 0, 1, 0, 0, 0, 0, 0, 1, 1, 0, 0, 1, 0, 0, 0, 0, 0, 0, 0, 0, 0, 0, 0, 0, 0, 0, 0, 0, 0, 0, 0]]
H123-compact:
([1, 1, 77, 4, 2, 2, 1, 1, 2, 1, 2, 1, 1, 2, 4, 1, 2, 1, 1, 2, 2, 1, 3, 2, 17, 2, 5, 1, 2, 2, 1, 2, 2, 3, 2], ['h1', 'h3', 'h2', 'h3', 'h2', 'h2', 'h2', 'h2', 'h2', 'h3', 'h2', 'h2', 'h3', 'h1', 'h2', 'h3', 'h2', 'h3', 'h2', 'h2', 'h2', 'h2', 'h2', 'h2', 'h2', 'h2', 'h2', 'h2', 'h2', 'h1', 'h2', 'h1', 'h1', 'h2', 'h2'])
H123:
[[1, 0, 0, 0, 0, 0, 0, 0, 0, 0, 0, 0, 0, 2, 0, 0, 0, 0, 0, 0, 0, 0, 0, 0, 0, 0, 0, 0, 0, 2, 0, 2, 2, 0, 0], [0, 0, 77, 0, 2, 2, 1, 1, 2, 0, 2, 1, 0, 0, 4, 0, 2, 0, 1, 2, 2, 1, 3, 2, 17, 2, 5, 1, 2, 0, 1, 0, 0, 3, 2], [0, 1, 0, 4, 0, 0, 0, 0, 0, 1, 0, 0, 1, 0, 0, 1, 0, 1, 0, 0, 0, 0, 0, 0, 0, 0, 0, 0, 0, 0, 0, 0, 0, 0, 0]]
H123-compact:
([1, 1, 70, 4, 2, 2, 1, 1, 2, 1, 1, 2, 2, 1, 4, 1, 2, 1, 1, 1, 2, 19, 1, 3, 2, 2, 1, 2, 2, 5, 1, 2, 2, 3, 2], ['h1', 'h3', 'h2', 'h3', 'h2', 'h2', 'h2', 'h2', 'h2', 'h3', 'h2', 'h2', 'h1', 'h3', 'h2', 'h3', 'h2', 'h3', 'h2', 'h2', 'h2', 'h2', 'h2', 'h2', 'h2', 'h2', 'h2', 'h2', 'h1', 'h2', 'h2', 'h1', 'h1', 'h2', 'h2'])
H123:
[[1, 0, 0, 0, 0, 0, 0, 0, 0, 0, 0, 0, 2, 0, 0, 0, 0, 0, 0, 0, 0, 0, 0, 0, 0, 0, 0, 0, 2, 0, 0, 2, 2, 0, 0], [0, 0, 70, 0, 2, 2, 1, 1, 2, 0, 1, 2, 0, 0, 4, 0, 2, 0, 1, 1, 2, 19, 1, 3, 2, 2, 1, 2, 0, 5, 1, 0, 0, 3, 2], [0, 1, 0, 4, 0, 0, 0, 0, 0, 1, 0, 0, 0, 1, 0, 1, 0, 1, 0, 0, 0, 0, 0, 0, 0, 0, 0, 0, 0, 0, 0, 0, 0, 0, 0]]
H123-compact:
([1, 1, 73, 4, 2, 2, 1, 1, 2, 1, 1, 2, 1, 2, 4, 1, 2, 1, 16, 2, 1, 1, 2, 3, 1, 2, 1, 3, 2, 1, 1, 2, 2, 2, 6, 3, 2], ['h1', 'h3', 'h2', 'h3', 'h2', 'h2', 'h2', 'h2', 'h2', 'h3', 'h2', 'h2', 'h3', 'h1', 'h2', 'h3', 'h2', 'h3', 'h2', 'h2', 'h2', 'h2', 'h2', 'h2', 'h2', 'h2', 'h2', 'h1', 'h2', 'h2', 'h1', 'h1', 'h1', 'h1', 'h2', 'h2', 'h2'])
H123:
[[1, 0, 0, 0, 0, 0, 0, 0, 0, 0, 0, 0, 0, 2, 0, 0, 0, 0, 0, 0, 0, 0, 0, 0, 0, 0, 0, 3, 0, 0, 1, 2, 2, 2, 0, 0, 0], [0, 0, 73, 0, 2, 2, 1, 1, 2, 0, 1, 2, 0, 0, 4, 0, 2, 0, 16, 2, 1, 1, 2, 3, 1, 2, 1, 0, 2, 1, 0, 0, 0, 0, 6, 3, 2], [0, 1, 0, 4, 0, 0, 0, 0, 0, 1, 0, 0, 1, 0, 0, 1, 0, 1, 0, 0, 0, 0, 0, 0, 0, 0, 0, 0, 0, 0, 0, 0, 0, 0, 0, 0, 0]]
H123-compact:
([1, 1, 74, 4, 2, 2, 1, 1, 2, 1, 2, 1, 1, 2, 4, 1, 2, 1, 16, 1, 1, 2, 2, 1, 3, 2, 1, 2, 2, 1, 2, 2, 3, 8, 2], ['h1', 'h3', 'h2', 'h3', 'h2', 'h2', 'h2', 'h2', 'h2', 'h3', 'h2', 'h2', 'h3', 'h1', 'h2', 'h3', 'h2', 'h3', 'h2', 'h2', 'h2', 'h2', 'h2', 'h2', 'h2', 'h2', 'h2', 'h2', 'h1', 'h2', 'h1', 'h1', 'h2', 'h2', 'h2'])
H123:
[[1, 0, 0, 0, 0, 0, 0, 0, 0, 0, 0, 0, 0, 2, 0, 0, 0, 0, 0, 0, 0, 0, 0, 0, 0, 0, 0, 0, 2, 0, 2, 2, 0, 0, 0], [0, 0, 74, 0, 2, 2, 1, 1, 2, 0, 2, 1, 0, 0, 4, 0, 2, 0, 16, 1, 1, 2, 2, 1, 3, 2, 1, 2, 0, 1, 0, 0, 3, 8, 2], [0, 1, 0, 4, 0, 0, 0, 0, 0, 1, 0, 0, 1, 0, 0, 1, 0, 1, 0, 0, 0, 0, 0, 0, 0, 0, 0, 0, 0, 0, 0, 0, 0, 0, 0]]
H123-compact:
([1, 1, 1, 73, 4, 2, 2, 1, 1, 2, 1, 1, 2, 1, 2, 4, 1, 2, 1, 2, 20, 1, 1, 1, 2, 3, 2, 6, 1, 2, 2, 1, 3, 2, 2, 2], ['h1', 'h1', 'h3', 'h2', 'h3', 'h2', 'h2', 'h2', 'h2', 'h2', 'h3', 'h2', 'h2', 'h3', 'h1', 'h2', 'h3', 'h2', 'h3', 'h2', 'h2', 'h2', 'h2', 'h2', 'h2', 'h2', 'h2', 'h2', 'h2', 'h2', 'h1', 'h2', 'h2', 'h1', 'h1', 'h2'])
H123:
[[1, 1, 0, 0, 0, 0, 0, 0, 0, 0, 0, 0, 0, 0, 2, 0, 0, 0, 0, 0, 0, 0, 0, 0, 0, 0, 0, 0, 0, 0, 2, 0, 0, 2, 2, 0], [0, 0, 0, 73, 0, 2, 2, 1, 1, 2, 0, 1, 2, 0, 0, 4, 0, 2, 0, 2, 20, 1, 1, 1, 2, 3, 2, 6, 1, 2, 0, 1, 3, 0, 0, 2], [0, 0, 1, 0, 4, 0, 0, 0, 0, 0, 1, 0, 0, 1, 0, 0, 1, 0, 1, 0, 0, 0, 0, 0, 0, 0, 0, 0, 0, 0, 0, 0, 0, 0, 0, 0]]
H123-compact:
([1, 1, 75, 4, 2, 2, 1, 1, 2, 1, 1, 2, 1, 2, 1, 4, 2, 1, 21, 1, 1, 2, 2, 1, 2, 3, 1, 5, 3, 2, 1, 1, 2, 2, 2, 3, 2], ['h1', 'h3', 'h2', 'h3', 'h2', 'h2', 'h2', 'h2', 'h2', 'h3', 'h2', 'h2', 'h3', 'h1', 'h3', 'h2', 'h2', 'h3', 'h2', 'h2', 'h2', 'h2', 'h2', 'h2', 'h2', 'h2', 'h2', 'h2', 'h1', 'h2', 'h2', 'h1', 'h1', 'h1', 'h1', 'h2', 'h2'])
H123:
[[1, 0, 0, 0, 0, 0, 0, 0, 0, 0, 0, 0, 0, 2, 0, 0, 0, 0, 0, 0, 0, 0, 0, 0, 0, 0, 0, 0, 3, 0, 0, 1, 2, 2, 2, 0, 0], [0, 0, 75, 0, 2, 2, 1, 1, 2, 0, 1, 2, 0, 0, 0, 4, 2, 0, 21, 1, 1, 2, 2, 1, 2, 3, 1, 5, 0, 2, 1, 0, 0, 0, 0, 3, 2], [0, 1, 0, 4, 0, 0, 0, 0, 0, 1, 0, 0, 1, 0, 1, 0, 0, 1, 0, 0, 0, 0, 0, 0, 0, 0, 0, 0, 0, 0, 0, 0, 0, 0, 0, 0, 0]]
H123-compact:
([1, 1, 80, 4, 2, 2, 1, 1, 1, 2, 1, 2, 4, 1, 2, 2, 1, 2, 1, 16, 1, 1, 2, 1, 3, 2, 1, 3, 2, 1, 1, 2, 2, 2, 5, 3, 2], ['h1', 'h3', 'h2', 'h3', 'h2', 'h2', 'h2', 'h2', 'h2', 'h2', 'h3', 'h1', 'h2', 'h3', 'h2', 'h2', 'h3', 'h2', 'h3', 'h2', 'h2', 'h2', 'h2', 'h2', 'h2', 'h2', 'h2', 'h1', 'h2', 'h2', 'h1', 'h1', 'h1', 'h1', 'h2', 'h2', 'h2'])
H123:
[[1, 0, 0, 0, 0, 0, 0, 0, 0, 0, 0, 2, 0, 0, 0, 0, 0, 0, 0, 0, 0, 0, 0, 0, 0, 0, 0, 3, 0, 0, 1, 2, 2, 2, 0, 0, 0], [0, 0, 80, 0, 2, 2, 1, 1, 1, 2, 0, 0, 4, 0, 2, 2, 0, 2, 0, 16, 1, 1, 2, 1, 3, 2, 1, 0, 2, 1, 0, 0, 0, 0, 5, 3, 2], [0, 1, 0, 4, 0, 0, 0, 0, 0, 0, 1, 0, 0, 1, 0, 0, 1, 0, 1, 0, 0, 0, 0, 0, 0, 0, 0, 0, 0, 0, 0, 0, 0, 0, 0, 0, 0]]
H123-compact:
([1, 1, 78, 4, 1, 2, 2, 1, 2, 1, 2, 1, 1, 2, 4, 1, 2, 1, 1, 1, 19, 2, 2, 1, 3, 2, 1, 2, 3, 1, 6, 3, 1, 2, 2, 2, 2], ['h1', 'h3', 'h2', 'h3', 'h2', 'h2', 'h2', 'h2', 'h2', 'h3', 'h2', 'h2', 'h3', 'h1', 'h2', 'h3', 'h2', 'h3', 'h2', 'h2', 'h2', 'h2', 'h2', 'h2', 'h2', 'h2', 'h2', 'h2', 'h1', 'h2', 'h2', 'h2', 'h1', 'h1', 'h1', 'h1', 'h2'])
H123:
[[1, 0, 0, 0, 0, 0, 0, 0, 0, 0, 0, 0, 0, 2, 0, 0, 0, 0, 0, 0, 0, 0, 0, 0, 0, 0, 0, 0, 3, 0, 0, 0, 1, 2, 2, 2, 0], [0, 0, 78, 0, 1, 2, 2, 1, 2, 0, 2, 1, 0, 0, 4, 0, 2, 0, 1, 1, 19, 2, 2, 1, 3, 2, 1, 2, 0, 1, 6, 3, 0, 0, 0, 0, 2], [0, 1, 0, 4, 0, 0, 0, 0, 0, 1, 0, 0, 1, 0, 0, 1, 0, 1, 0, 0, 0, 0, 0, 0, 0, 0, 0, 0, 0, 0, 0, 0, 0, 0, 0, 0, 0]]
H123-compact:
([1, 1, 70, 4, 2, 2, 1, 1, 2, 1, 1, 2, 1, 2, 4, 1, 2, 2, 1, 16, 1, 1, 2, 1, 3, 2, 1, 3, 2, 1, 1, 2, 2, 2, 5, 3, 2], ['h1', 'h3', 'h2', 'h3', 'h2', 'h2', 'h2', 'h2', 'h2', 'h3', 'h2', 'h2', 'h3', 'h1', 'h2', 'h3', 'h2', 'h2', 'h3', 'h2', 'h2', 'h2', 'h2', 'h2', 'h2', 'h2', 'h2', 'h1', 'h2', 'h2', 'h1', 'h1', 'h1', 'h1', 'h2', 'h2', 'h2'])
H123:
[[1, 0, 0, 0, 0, 0, 0, 0, 0, 0, 0, 0, 0, 2, 0, 0, 0, 0, 0, 0, 0, 0, 0, 0, 0, 0, 0, 3, 0, 0, 1, 2, 2, 2, 0, 0, 0], [0, 0, 70, 0, 2, 2, 1, 1, 2, 0, 1, 2, 0, 0, 4, 0, 2, 2, 0, 16, 1, 1, 2, 1, 3, 2, 1, 0, 2, 1, 0, 0, 0, 0, 5, 3, 2], [0, 1, 0, 4, 0, 0, 0, 0, 0, 1, 0, 0, 1, 0, 0, 1, 0, 0, 1, 0, 0, 0, 0, 0, 0, 0, 0, 0, 0, 0, 0, 0, 0, 0, 0, 0, 0]]
H123-compact:
([1, 1, 75, 4, 2, 1, 2, 1, 2, 1, 1, 2, 1, 2, 4, 1, 2, 1, 1, 1, 17, 2, 2, 1, 3, 6, 2, 1, 2, 2, 1, 2, 2, 3, 2], ['h1', 'h3', 'h2', 'h3', 'h2', 'h2', 'h2', 'h2', 'h2', 'h3', 'h2', 'h2', 'h3', 'h1', 'h2', 'h3', 'h2', 'h3', 'h2', 'h2', 'h2', 'h2', 'h2', 'h2', 'h2', 'h2', 'h2', 'h2', 'h1', 'h2', 'h2', 'h1', 'h1', 'h2', 'h2'])
H123:
[[1, 0, 0, 0, 0, 0, 0, 0, 0, 0, 0, 0, 0, 2, 0, 0, 0, 0, 0, 0, 0, 0, 0, 0, 0, 0, 0, 0, 2, 0, 0, 2, 2, 0, 0], [0, 0, 75, 0, 2, 1, 2, 1, 2, 0, 1, 2, 0, 0, 4, 0, 2, 0, 1, 1, 17, 2, 2, 1, 3, 6, 2, 1, 0, 2, 1, 0, 0, 3, 2], [0, 1, 0, 4, 0, 0, 0, 0, 0, 1, 0, 0, 1, 0, 0, 1, 0, 1, 0, 0, 0, 0, 0, 0, 0, 0, 0, 0, 0, 0, 0, 0, 0, 0, 0]]
H123-compact:
([1, 1, 73, 4, 2, 2, 1, 1, 2, 1, 1, 2, 1, 2, 4, 1, 2, 16, 2, 1, 1, 1, 2, 1, 3, 2, 1, 2, 5, 2, 1, 2, 2, 3, 2], ['h1', 'h3', 'h2', 'h3', 'h2', 'h2', 'h2', 'h2', 'h2', 'h3', 'h2', 'h2', 'h3', 'h1', 'h2', 'h3', 'h2', 'h2', 'h2', 'h3', 'h2', 'h2', 'h2', 'h2', 'h2', 'h2', 'h2', 'h1', 'h2', 'h2', 'h2', 'h1', 'h1', 'h2', 'h2'])
H123:
[[1, 0, 0, 0, 0, 0, 0, 0, 0, 0, 0, 0, 0, 2, 0, 0, 0, 0, 0, 0, 0, 0, 0, 0, 0, 0, 0, 2, 0, 0, 0, 2, 2, 0, 0], [0, 0, 73, 0, 2, 2, 1, 1, 2, 0, 1, 2, 0, 0, 4, 0, 2, 16, 2, 0, 1, 1, 2, 1, 3, 2, 1, 0, 5, 2, 1, 0, 0, 3, 2], [0, 1, 0, 4, 0, 0, 0, 0, 0, 1, 0, 0, 1, 0, 0, 1, 0, 0, 0, 1, 0, 0, 0, 0, 0, 0, 0, 0, 0, 0, 0, 0, 0, 0, 0]]
H123-compact:
([1, 1, 76, 4, 2, 1, 2, 1, 2, 1, 2, 1, 1, 2, 4, 1, 2, 1, 1, 1, 2, 1, 3, 20, 2, 2, 7, 1, 2, 2, 1, 3, 2, 2, 2], ['h1', 'h3', 'h2', 'h3', 'h2', 'h2', 'h2', 'h2', 'h2', 'h3', 'h2', 'h2', 'h3', 'h1', 'h2', 'h3', 'h2', 'h3', 'h2', 'h2', 'h2', 'h2', 'h2', 'h2', 'h2', 'h2', 'h2', 'h2', 'h1', 'h2', 'h2', 'h2', 'h1', 'h1', 'h2'])
H123:
[[1, 0, 0, 0, 0, 0, 0, 0, 0, 0, 0, 0, 0, 2, 0, 0, 0, 0, 0, 0, 0, 0, 0, 0, 0, 0, 0, 0, 2, 0, 0, 0, 2, 2, 0], [0, 0, 76, 0, 2, 1, 2, 1, 2, 0, 2, 1, 0, 0, 4, 0, 2, 0, 1, 1, 2, 1, 3, 20, 2, 2, 7, 1, 0, 2, 1, 3, 0, 0, 2], [0, 1, 0, 4, 0, 0, 0, 0, 0, 1, 0, 0, 1, 0, 0, 1, 0, 1, 0, 0, 0, 0, 0, 0, 0, 0, 0, 0, 0, 0, 0, 0, 0, 0, 0]]
H123-compact:
([1, 1, 72, 4, 2, 2, 1, 1, 2, 1, 1, 2, 1, 2, 4, 1, 2, 1, 2, 16, 1, 1, 2, 1, 3, 2, 1, 6, 1, 2, 1, 1, 2, 2, 3, 2], ['h1', 'h3', 'h2', 'h3', 'h2', 'h2', 'h2', 'h2', 'h2', 'h3', 'h2', 'h2', 'h3', 'h1', 'h2', 'h3', 'h2', 'h3', 'h2', 'h2', 'h2', 'h2', 'h2', 'h2', 'h2', 'h2', 'h2', 'h2', 'h1', 'h2', 'h2', 'h1', 'h1', 'h1', 'h2', 'h2'])
H123:
[[1, 0, 0, 0, 0, 0, 0, 0, 0, 0, 0, 0, 0, 2, 0, 0, 0, 0, 0, 0, 0, 0, 0, 0, 0, 0, 0, 0, 1, 0, 0, 1, 2, 2, 0, 0], [0, 0, 72, 0, 2, 2, 1, 1, 2, 0, 1, 2, 0, 0, 4, 0, 2, 0, 2, 16, 1, 1, 2, 1, 3, 2, 1, 6, 0, 2, 1, 0, 0, 0, 3, 2], [0, 1, 0, 4, 0, 0, 0, 0, 0, 1, 0, 0, 1, 0, 0, 1, 0, 1, 0, 0, 0, 0, 0, 0, 0, 0, 0, 0, 0, 0, 0, 0, 0, 0, 0, 0]]

