H123-compact:
([1, 1, 1, 42, 56, 45, 1, 37, 2, 1, 6], ['h1', 'h3', 'h3', 'h3', 'h3', 'h3', 'h2', 'h3', 'h2', 'h2', 'h2'])
H123:
[[1, 0, 0, 0, 0, 0, 0, 0, 0, 0, 0], [0, 0, 0, 0, 0, 0, 1, 0, 2, 1, 6], [0, 1, 1, 42, 56, 45, 0, 37, 0, 0, 0]]
H123-compact:
([1, 1, 1, 40, 56, 44, 1, 37, 1, 2, 7], ['h1', 'h3', 'h3', 'h3', 'h3', 'h3', 'h2', 'h3', 'h2', 'h2', 'h2'])
H123:
[[1, 0, 0, 0, 0, 0, 0, 0, 0, 0, 0], [0, 0, 0, 0, 0, 0, 1, 0, 1, 2, 7], [0, 1, 1, 40, 56, 44, 0, 37, 0, 0, 0]]
H123-compact:
([1, 1, 1, 40, 56, 45, 1, 37, 1, 2, 6], ['h1', 'h3', 'h3', 'h3', 'h3', 'h3', 'h2', 'h3', 'h2', 'h2', 'h2'])
H123:
[[1, 0, 0, 0, 0, 0, 0, 0, 0, 0, 0], [0, 0, 0, 0, 0, 0, 1, 0, 1, 2, 6], [0, 1, 1, 40, 56, 45, 0, 37, 0, 0, 0]]
H123-compact:
([1, 1, 1, 40, 57, 46, 1, 37, 1, 2, 7, 2], ['h1', 'h3', 'h3', 'h3', 'h3', 'h3', 'h2', 'h3', 'h2', 'h2', 'h2', 'h2'])
H123:
[[1, 0, 0, 0, 0, 0, 0, 0, 0, 0, 0, 0], [0, 0, 0, 0, 0, 0, 1, 0, 1, 2, 7, 2], [0, 1, 1, 40, 57, 46, 0, 37, 0, 0, 0, 0]]
H123-compact:
([1, 1, 1, 42, 56, 45, 1, 37, 1, 2, 5, 2], ['h1', 'h3', 'h3', 'h3', 'h3', 'h3', 'h2', 'h3', 'h2', 'h2', 'h2', 'h2'])
H123:
[[1, 0, 0, 0, 0, 0, 0, 0, 0, 0, 0, 0], [0, 0, 0, 0, 0, 0, 1, 0, 1, 2, 5, 2], [0, 1, 1, 42, 56, 45, 0, 37, 0, 0, 0, 0]]
H123-compact:
([1, 1, 1, 7, 33, 56, 44, 1, 37, 1, 2, 6], ['h1', 'h3', 'h3', 'h2', 'h3', 'h3', 'h3', 'h2', 'h3', 'h2', 'h2', 'h2'])
H123:
[[1, 0, 0, 0, 0, 0, 0, 0, 0, 0, 0, 0], [0, 0, 0, 7, 0, 0, 0, 1, 0, 1, 2, 6], [0, 1, 1, 0, 33, 56, 44, 0, 37, 0, 0, 0]]
H123-compact:
([1, 1, 1, 40, 56, 46, 1, 37, 2, 1, 7], ['h1', 'h3', 'h3', 'h3', 'h3', 'h3', 'h2', 'h3', 'h2', 'h2', 'h2'])
H123:
[[1, 0, 0, 0, 0, 0, 0, 0, 0, 0, 0], [0, 0, 0, 0, 0, 0, 1, 0, 2, 1, 7], [0, 1, 1, 40, 56, 46, 0, 37, 0, 0, 0]]
H123-compact:
([1, 1, 1, 40, 56, 1, 2, 44, 37, 1, 2, 5, 2], ['h1', 'h3', 'h3', 'h3', 'h3', 'h2', 'h2', 'h3', 'h3', 'h2', 'h2', 'h2', 'h2'])
H123:
[[1, 0, 0, 0, 0, 0, 0, 0, 0, 0, 0, 0, 0], [0, 0, 0, 0, 0, 1, 2, 0, 0, 1, 2, 5, 2], [0, 1, 1, 40, 56, 0, 0, 44, 37, 0, 0, 0, 0]]
H123-compact:
([1, 1, 1, 40, 56, 46, 1, 37, 1, 2, 8, 2], ['h1', 'h3', 'h3', 'h3', 'h3', 'h3', 'h2', 'h3', 'h2', 'h2', 'h2', 'h2'])
H123:
[[1, 0, 0, 0, 0, 0, 0, 0, 0, 0, 0, 0], [0, 0, 0, 0, 0, 0, 1, 0, 1, 2, 8, 2], [0, 1, 1, 40, 56, 46, 0, 37, 0, 0, 0, 0]]
H123-compact:
([1, 1, 1, 40, 56, 46, 1, 37, 1, 2, 5], ['h1', 'h3', 'h3', 'h3', 'h3', 'h3', 'h2', 'h3', 'h2', 'h2', 'h2'])
H123:
[[1, 0, 0, 0, 0, 0, 0, 0, 0, 0, 0], [0, 0, 0, 0, 0, 0, 1, 0, 1, 2, 5], [0, 1, 1, 40, 56, 46, 0, 37, 0, 0, 0]]
H123-compact:
([1, 1, 1, 40, 56, 44, 1, 4, 33, 1, 2, 8], ['h1', 'h3', 'h3', 'h3', 'h3', 'h3', 'h2', 'h3', 'h3', 'h2', 'h2', 'h2'])
H123:
[[1, 0, 0, 0, 0, 0, 0, 0, 0, 0, 0, 0], [0, 0, 0, 0, 0, 0, 1, 0, 0, 1, 2, 8], [0, 1, 1, 40, 56, 44, 0, 4, 33, 0, 0, 0]]
H123-compact:
([1, 1, 1, 40, 56, 45, 1, 37, 1, 2, 7, 2], ['h1', 'h3', 'h2', 'h3', 'h3', 'h3', 'h2', 'h3', 'h2', 'h2', 'h2', 'h2'])
H123:
[[1, 0, 0, 0, 0, 0, 0, 0, 0, 0, 0, 0], [0, 0, 1, 0, 0, 0, 1, 0, 1, 2, 7, 2], [0, 1, 0, 40, 56, 45, 0, 37, 0, 0, 0, 0]]
H123-compact:
([1, 1, 1, 41, 56, 44, 1, 37, 1, 2, 8], ['h1', 'h3', 'h3', 'h3', 'h3', 'h3', 'h2', 'h3', 'h2', 'h2', 'h2'])
H123:
[[1, 0, 0, 0, 0, 0, 0, 0, 0, 0, 0], [0, 0, 0, 0, 0, 0, 1, 0, 1, 2, 8], [0, 1, 1, 41, 56, 44, 0, 37, 0, 0, 0]]
H123-compact:
([1, 1, 1, 40, 56, 1, 46, 37, 1, 2, 5, 2], ['h1', 'h3', 'h3', 'h3', 'h3', 'h2', 'h3', 'h3', 'h2', 'h2', 'h2', 'h2'])
H123:
[[1, 0, 0, 0, 0, 0, 0, 0, 0, 0, 0, 0], [0, 0, 0, 0, 0, 1, 0, 0, 1, 2, 5, 2], [0, 1, 1, 40, 56, 0, 46, 37, 0, 0, 0, 0]]
H123-compact:
([1, 1, 1, 40, 56, 45, 1, 37, 1, 2, 5], ['h1', 'h3', 'h3', 'h3', 'h3', 'h3', 'h2', 'h3', 'h2', 'h2', 'h2'])
H123:
[[1, 0, 0, 0, 0, 0, 0, 0, 0, 0, 0], [0, 0, 0, 0, 0, 0, 1, 0, 1, 2, 5], [0, 1, 1, 40, 56, 45, 0, 37, 0, 0, 0]]
H123-compact:
([1, 1, 1, 40, 56, 44, 1, 37, 2, 1, 5], ['h1', 'h3', 'h3', 'h3', 'h3', 'h3', 'h2', 'h3', 'h2', 'h2', 'h2'])
H123:
[[1, 0, 0, 0, 0, 0, 0, 0, 0, 0, 0], [0, 0, 0, 0, 0, 0, 1, 0, 2, 1, 5], [0, 1, 1, 40, 56, 44, 0, 37, 0, 0, 0]]
H123-compact:
([1, 1, 1, 40, 56, 46, 1, 37, 2, 1, 6, 2], ['h1', 'h3', 'h3', 'h3', 'h3', 'h3', 'h2', 'h3', 'h2', 'h2', 'h2', 'h2'])
H123:
[[1, 0, 0, 0, 0, 0, 0, 0, 0, 0, 0, 0], [0, 0, 0, 0, 0, 0, 1, 0, 2, 1, 6, 2], [0, 1, 1, 40, 56, 46, 0, 37, 0, 0, 0, 0]]
H123-compact:
([1, 1, 1, 41, 57, 45, 1, 37, 1, 2, 6, 2], ['h1', 'h3', 'h3', 'h3', 'h3', 'h3', 'h2', 'h3', 'h2', 'h2', 'h2', 'h2'])
H123:
[[1, 0, 0, 0, 0, 0, 0, 0, 0, 0, 0, 0], [0, 0, 0, 0, 0, 0, 1, 0, 1, 2, 6, 2], [0, 1, 1, 41, 57, 45, 0, 37, 0, 0, 0, 0]]
H123-compact:
([1, 1, 1, 40, 56, 47, 1, 37, 1, 2, 6, 2], ['h1', 'h3', 'h3', 'h3', 'h3', 'h3', 'h2', 'h3', 'h2', 'h2', 'h2', 'h2'])
H123:
[[1, 0, 0, 0, 0, 0, 0, 0, 0, 0, 0, 0], [0, 0, 0, 0, 0, 0, 1, 0, 1, 2, 6, 2], [0, 1, 1, 40, 56, 47, 0, 37, 0, 0, 0, 0]]
H123-compact:
([1, 1, 1, 40, 57, 45, 1, 37, 1, 2], ['h1', 'h3', 'h3', 'h3', 'h3', 'h3', 'h2', 'h3', 'h2', 'h2'])
H123:
[[1, 0, 0, 0, 0, 0, 0, 0, 0, 0], [0, 0, 0, 0, 0, 0, 1, 0, 1, 2], [0, 1, 1, 40, 57, 45, 0, 37, 0, 0]]

