H123-compact:
([1, 1, 1, 62, 12, 11, 28, 9, 5, 2, 2, 2, 2, 2, 6, 2, 4, 2, 1, 1, 2, 2, 4, 2, 2, 2], ['h1', 'h3', 'h2', 'h2', 'h2', 'h2', 'h2', 'h2', 'h2', 'h3', 'h2', 'h2', 'h2', 'h2', 'h2', 'h2', 'h2', 'h1', 'h2', 'h1', 'h2', 'h2', 'h2', 'h1', 'h2', 'h2'])
H123:
[[1, 0, 0, 0, 0, 0, 0, 0, 0, 0, 0, 0, 0, 0, 0, 0, 0, 2, 0, 1, 0, 0, 0, 2, 0, 0], [0, 0, 1, 62, 12, 11, 28, 9, 5, 0, 2, 2, 2, 2, 6, 2, 4, 0, 1, 0, 2, 2, 4, 0, 2, 2], [0, 1, 0, 0, 0, 0, 0, 0, 0, 2, 0, 0, 0, 0, 0, 0, 0, 0, 0, 0, 0, 0, 0, 0, 0, 0]]
H123-compact:
([1, 1, 1, 60, 28, 11, 11, 9, 5, 1, 2, 2, 2, 2, 6, 2, 4, 3, 1, 2, 2, 4, 2, 3, 2], ['h1', 'h3', 'h2', 'h2', 'h2', 'h2', 'h2', 'h2', 'h2', 'h3', 'h2', 'h2', 'h2', 'h2', 'h2', 'h2', 'h2', 'h1', 'h2', 'h2', 'h2', 'h2', 'h1', 'h2', 'h2'])
H123:
[[1, 0, 0, 0, 0, 0, 0, 0, 0, 0, 0, 0, 0, 0, 0, 0, 0, 3, 0, 0, 0, 0, 2, 0, 0], [0, 0, 1, 60, 28, 11, 11, 9, 5, 0, 2, 2, 2, 2, 6, 2, 4, 0, 1, 2, 2, 4, 0, 3, 2], [0, 1, 0, 0, 0, 0, 0, 0, 0, 1, 0, 0, 0, 0, 0, 0, 0, 0, 0, 0, 0, 0, 0, 0, 0]]
H123-compact:
([1, 1, 1, 58, 9, 11, 25, 9, 5, 3, 2, 2, 2, 2, 6, 2, 4, 2, 3, 1, 2, 2, 2, 2, 2], ['h1', 'h3', 'h2', 'h2', 'h2', 'h2', 'h2', 'h2', 'h2', 'h3', 'h2', 'h2', 'h2', 'h2', 'h2', 'h2', 'h2', 'h2', 'h1', 'h2', 'h2', 'h2', 'h1', 'h2', 'h2'])
H123:
[[1, 0, 0, 0, 0, 0, 0, 0, 0, 0, 0, 0, 0, 0, 0, 0, 0, 0, 3, 0, 0, 0, 2, 0, 0], [0, 0, 1, 58, 9, 11, 25, 9, 5, 0, 2, 2, 2, 2, 6, 2, 4, 2, 0, 1, 2, 2, 0, 2, 2], [0, 1, 0, 0, 0, 0, 0, 0, 0, 3, 0, 0, 0, 0, 0, 0, 0, 0, 0, 0, 0, 0, 0, 0, 0]]
H123-compact:
([1, 1, 1, 60, 8, 10, 25, 9, 5, 3, 2, 2, 2, 6, 2, 2, 4, 2, 1, 3, 2, 2, 2, 2, 2], ['h1', 'h3', 'h2', 'h2', 'h2', 'h2', 'h2', 'h2', 'h2', 'h3', 'h2', 'h2', 'h2', 'h2', 'h2', 'h2', 'h2', 'h2', 'h2', 'h1', 'h2', 'h2', 'h1', 'h2', 'h2'])
H123:
[[1, 0, 0, 0, 0, 0, 0, 0, 0, 0, 0, 0, 0, 0, 0, 0, 0, 0, 0, 3, 0, 0, 2, 0, 0], [0, 0, 1, 60, 8, 10, 25, 9, 5, 0, 2, 2, 2, 6, 2, 2, 4, 2, 1, 0, 2, 2, 0, 2, 2], [0, 1, 0, 0, 0, 0, 0, 0, 0, 3, 0, 0, 0, 0, 0, 0, 0, 0, 0, 0, 0, 0, 0, 0, 0]]
H123-compact:
([1, 1, 1, 68, 9, 11, 25, 9, 6, 2, 2, 2, 2, 6, 2, 2, 4, 2, 1, 3, 2, 2, 2, 2, 2], ['h1', 'h3', 'h2', 'h2', 'h2', 'h2', 'h2', 'h2', 'h2', 'h3', 'h2', 'h2', 'h2', 'h2', 'h2', 'h2', 'h2', 'h2', 'h2', 'h1', 'h2', 'h1', 'h2', 'h2', 'h2'])
H123:
[[1, 0, 0, 0, 0, 0, 0, 0, 0, 0, 0, 0, 0, 0, 0, 0, 0, 0, 0, 3, 0, 2, 0, 0, 0], [0, 0, 1, 68, 9, 11, 25, 9, 6, 0, 2, 2, 2, 6, 2, 2, 4, 2, 1, 0, 2, 0, 2, 2, 2], [0, 1, 0, 0, 0, 0, 0, 0, 0, 2, 0, 0, 0, 0, 0, 0, 0, 0, 0, 0, 0, 0, 0, 0, 0]]
H123-compact:
([1, 1, 1, 64, 9, 11, 26, 9, 6, 3, 2, 2, 2, 2, 6, 2, 4, 2, 1, 3, 2, 2, 2, 2, 2], ['h1', 'h3', 'h2', 'h2', 'h2', 'h2', 'h2', 'h2', 'h2', 'h3', 'h2', 'h2', 'h2', 'h2', 'h2', 'h2', 'h2', 'h2', 'h2', 'h1', 'h2', 'h1', 'h2', 'h2', 'h2'])
H123:
[[1, 0, 0, 0, 0, 0, 0, 0, 0, 0, 0, 0, 0, 0, 0, 0, 0, 0, 0, 3, 0, 2, 0, 0, 0], [0, 0, 1, 64, 9, 11, 26, 9, 6, 0, 2, 2, 2, 2, 6, 2, 4, 2, 1, 0, 2, 0, 2, 2, 2], [0, 1, 0, 0, 0, 0, 0, 0, 0, 3, 0, 0, 0, 0, 0, 0, 0, 0, 0, 0, 0, 0, 0, 0, 0]]
H123-compact:
([1, 1, 1, 63, 12, 11, 28, 9, 6, 2, 2, 2, 2, 2, 6, 2, 4, 2, 2, 1, 1, 2, 4, 2, 2, 2], ['h1', 'h3', 'h2', 'h2', 'h2', 'h2', 'h2', 'h2', 'h2', 'h3', 'h2', 'h2', 'h2', 'h2', 'h2', 'h2', 'h2', 'h2', 'h1', 'h2', 'h1', 'h2', 'h2', 'h1', 'h2', 'h2'])
H123:
[[1, 0, 0, 0, 0, 0, 0, 0, 0, 0, 0, 0, 0, 0, 0, 0, 0, 0, 2, 0, 1, 0, 0, 2, 0, 0], [0, 0, 1, 63, 12, 11, 28, 9, 6, 0, 2, 2, 2, 2, 6, 2, 4, 2, 0, 1, 0, 2, 4, 0, 2, 2], [0, 1, 0, 0, 0, 0, 0, 0, 0, 2, 0, 0, 0, 0, 0, 0, 0, 0, 0, 0, 0, 0, 0, 0, 0, 0]]
H123-compact:
([1, 1, 1, 63, 8, 11, 26, 9, 6, 2, 2, 2, 2, 6, 2, 4, 1, 3, 2, 2, 2, 2, 2, 2, 1], ['h1', 'h2', 'h3', 'h2', 'h2', 'h2', 'h2', 'h2', 'h2', 'h2', 'h2', 'h2', 'h2', 'h2', 'h2', 'h2', 'h2', 'h1', 'h2', 'h2', 'h1', 'h2', 'h2', 'h2', 'h3'])
H123:
[[1, 0, 0, 0, 0, 0, 0, 0, 0, 0, 0, 0, 0, 0, 0, 0, 0, 3, 0, 0, 2, 0, 0, 0, 0], [0, 1, 0, 63, 8, 11, 26, 9, 6, 2, 2, 2, 2, 6, 2, 4, 1, 0, 2, 2, 0, 2, 2, 2, 0], [0, 0, 1, 0, 0, 0, 0, 0, 0, 0, 0, 0, 0, 0, 0, 0, 0, 0, 0, 0, 0, 0, 0, 0, 1]]
H123-compact:
([1, 1, 1, 60, 12, 11, 25, 9, 6, 3, 2, 2, 2, 6, 2, 4, 2, 2, 1, 3, 2, 2, 2, 2, 2], ['h1', 'h3', 'h2', 'h2', 'h2', 'h2', 'h2', 'h2', 'h2', 'h3', 'h2', 'h2', 'h2', 'h2', 'h2', 'h2', 'h2', 'h2', 'h2', 'h1', 'h2', 'h1', 'h2', 'h2', 'h2'])
H123:
[[1, 0, 0, 0, 0, 0, 0, 0, 0, 0, 0, 0, 0, 0, 0, 0, 0, 0, 0, 3, 0, 2, 0, 0, 0], [0, 0, 1, 60, 12, 11, 25, 9, 6, 0, 2, 2, 2, 6, 2, 4, 2, 2, 1, 0, 2, 0, 2, 2, 2], [0, 1, 0, 0, 0, 0, 0, 0, 0, 3, 0, 0, 0, 0, 0, 0, 0, 0, 0, 0, 0, 0, 0, 0, 0]]
H123-compact:
([1, 1, 1, 57, 8, 11, 26, 9, 5, 3, 2, 2, 2, 2, 2, 6, 4, 2, 1, 3, 2, 4, 2, 2, 2], ['h1', 'h3', 'h2', 'h2', 'h2', 'h2', 'h2', 'h2', 'h2', 'h3', 'h2', 'h2', 'h2', 'h2', 'h2', 'h2', 'h2', 'h2', 'h2', 'h1', 'h2', 'h2', 'h1', 'h2', 'h2'])
H123:
[[1, 0, 0, 0, 0, 0, 0, 0, 0, 0, 0, 0, 0, 0, 0, 0, 0, 0, 0, 3, 0, 0, 2, 0, 0], [0, 0, 1, 57, 8, 11, 26, 9, 5, 0, 2, 2, 2, 2, 2, 6, 4, 2, 1, 0, 2, 4, 0, 2, 2], [0, 1, 0, 0, 0, 0, 0, 0, 0, 3, 0, 0, 0, 0, 0, 0, 0, 0, 0, 0, 0, 0, 0, 0, 0]]
H123-compact:
([1, 1, 1, 66, 10, 11, 25, 9, 5, 2, 2, 2, 2, 2, 6, 2, 4, 2, 1, 1, 2, 2, 1, 2, 2, 1, 2], ['h1', 'h3', 'h2', 'h2', 'h2', 'h2', 'h2', 'h2', 'h2', 'h3', 'h2', 'h2', 'h2', 'h2', 'h2', 'h2', 'h2', 'h2', 'h2', 'h1', 'h1', 'h2', 'h1', 'h2', 'h2', 'h1', 'h2'])
H123:
[[1, 0, 0, 0, 0, 0, 0, 0, 0, 0, 0, 0, 0, 0, 0, 0, 0, 0, 0, 1, 2, 0, 1, 0, 0, 1, 0], [0, 0, 1, 66, 10, 11, 25, 9, 5, 0, 2, 2, 2, 2, 6, 2, 4, 2, 1, 0, 0, 2, 0, 2, 2, 0, 2], [0, 1, 0, 0, 0, 0, 0, 0, 0, 2, 0, 0, 0, 0, 0, 0, 0, 0, 0, 0, 0, 0, 0, 0, 0, 0, 0]]
H123-compact:
([1, 1, 1, 1, 65, 9, 11, 26, 9, 6, 2, 2, 2, 2, 2, 6, 2, 4, 2, 1, 3, 2, 2, 2, 2, 2], ['h1', 'h1', 'h3', 'h2', 'h2', 'h2', 'h2', 'h2', 'h2', 'h2', 'h3', 'h2', 'h2', 'h2', 'h2', 'h2', 'h2', 'h2', 'h2', 'h2', 'h1', 'h2', 'h1', 'h2', 'h2', 'h2'])
H123:
[[1, 1, 0, 0, 0, 0, 0, 0, 0, 0, 0, 0, 0, 0, 0, 0, 0, 0, 0, 0, 3, 0, 2, 0, 0, 0], [0, 0, 0, 1, 65, 9, 11, 26, 9, 6, 0, 2, 2, 2, 2, 6, 2, 4, 2, 1, 0, 2, 0, 2, 2, 2], [0, 0, 1, 0, 0, 0, 0, 0, 0, 0, 2, 0, 0, 0, 0, 0, 0, 0, 0, 0, 0, 0, 0, 0, 0, 0]]
H123-compact:
([1, 1, 1, 62, 12, 11, 26, 9, 6, 1, 2, 2, 2, 2, 6, 2, 4, 3, 1, 2, 1, 2, 2, 2, 1, 2], ['h1', 'h3', 'h2', 'h2', 'h2', 'h2', 'h2', 'h2', 'h2', 'h3', 'h2', 'h2', 'h2', 'h2', 'h2', 'h2', 'h2', 'h1', 'h2', 'h2', 'h1', 'h2', 'h2', 'h2', 'h1', 'h2'])
H123:
[[1, 0, 0, 0, 0, 0, 0, 0, 0, 0, 0, 0, 0, 0, 0, 0, 0, 3, 0, 0, 1, 0, 0, 0, 1, 0], [0, 0, 1, 62, 12, 11, 26, 9, 6, 0, 2, 2, 2, 2, 6, 2, 4, 0, 1, 2, 0, 2, 2, 2, 0, 2], [0, 1, 0, 0, 0, 0, 0, 0, 0, 1, 0, 0, 0, 0, 0, 0, 0, 0, 0, 0, 0, 0, 0, 0, 0, 0]]
H123-compact:
([1, 1, 1, 62, 12, 11, 28, 9, 6, 3, 2, 2, 2, 2, 6, 2, 4, 3, 3, 1, 2, 4, 2, 2, 2], ['h1', 'h3', 'h2', 'h2', 'h2', 'h2', 'h2', 'h2', 'h2', 'h3', 'h2', 'h2', 'h2', 'h2', 'h2', 'h2', 'h2', 'h2', 'h1', 'h2', 'h2', 'h2', 'h1', 'h2', 'h2'])
H123:
[[1, 0, 0, 0, 0, 0, 0, 0, 0, 0, 0, 0, 0, 0, 0, 0, 0, 0, 3, 0, 0, 0, 2, 0, 0], [0, 0, 1, 62, 12, 11, 28, 9, 6, 0, 2, 2, 2, 2, 6, 2, 4, 3, 0, 1, 2, 4, 0, 2, 2], [0, 1, 0, 0, 0, 0, 0, 0, 0, 3, 0, 0, 0, 0, 0, 0, 0, 0, 0, 0, 0, 0, 0, 0, 0]]
H123-compact:
([1, 1, 1, 55, 12, 26, 11, 9, 6, 2, 2, 2, 2, 2, 6, 2, 5, 3, 1, 2, 2, 2, 2, 2, 2], ['h1', 'h2', 'h2', 'h2', 'h2', 'h2', 'h2', 'h2', 'h2', 'h3', 'h2', 'h2', 'h2', 'h2', 'h2', 'h2', 'h2', 'h1', 'h2', 'h2', 'h2', 'h1', 'h2', 'h2', 'h2'])
H123:
[[1, 0, 0, 0, 0, 0, 0, 0, 0, 0, 0, 0, 0, 0, 0, 0, 0, 3, 0, 0, 0, 2, 0, 0, 0], [0, 1, 1, 55, 12, 26, 11, 9, 6, 0, 2, 2, 2, 2, 6, 2, 5, 0, 1, 2, 2, 0, 2, 2, 2], [0, 0, 0, 0, 0, 0, 0, 0, 0, 2, 0, 0, 0, 0, 0, 0, 0, 0, 0, 0, 0, 0, 0, 0, 0]]
H123-compact:
([1, 1, 1, 57, 10, 11, 25, 9, 6, 1, 2, 2, 2, 2, 6, 2, 4, 1, 3, 2, 2, 2, 2, 2, 2], ['h1', 'h2', 'h3', 'h2', 'h2', 'h2', 'h2', 'h2', 'h2', 'h3', 'h2', 'h2', 'h2', 'h2', 'h2', 'h2', 'h2', 'h2', 'h1', 'h2', 'h2', 'h1', 'h2', 'h2', 'h2'])
H123:
[[1, 0, 0, 0, 0, 0, 0, 0, 0, 0, 0, 0, 0, 0, 0, 0, 0, 0, 3, 0, 0, 2, 0, 0, 0], [0, 1, 0, 57, 10, 11, 25, 9, 6, 0, 2, 2, 2, 2, 6, 2, 4, 1, 0, 2, 2, 0, 2, 2, 2], [0, 0, 1, 0, 0, 0, 0, 0, 0, 1, 0, 0, 0, 0, 0, 0, 0, 0, 0, 0, 0, 0, 0, 0, 0]]
H123-compact:
([1, 1, 1, 66, 9, 11, 25, 9, 2, 2, 2, 2, 6, 2, 4, 3, 1, 2, 2, 2, 2, 2, 6, 2, 1], ['h1', 'h3', 'h2', 'h2', 'h2', 'h2', 'h2', 'h2', 'h2', 'h2', 'h2', 'h2', 'h2', 'h2', 'h2', 'h1', 'h2', 'h2', 'h2', 'h1', 'h2', 'h2', 'h2', 'h2', 'h3'])
H123:
[[1, 0, 0, 0, 0, 0, 0, 0, 0, 0, 0, 0, 0, 0, 0, 3, 0, 0, 0, 2, 0, 0, 0, 0, 0], [0, 0, 1, 66, 9, 11, 25, 9, 2, 2, 2, 2, 6, 2, 4, 0, 1, 2, 2, 0, 2, 2, 6, 2, 0], [0, 1, 0, 0, 0, 0, 0, 0, 0, 0, 0, 0, 0, 0, 0, 0, 0, 0, 0, 0, 0, 0, 0, 0, 1]]
H123-compact:
([1, 1, 1, 65, 12, 11, 25, 9, 5, 2, 2, 2, 2, 2, 6, 2, 4, 2, 1, 3, 2, 2, 2, 2, 2], ['h1', 'h3', 'h2', 'h2', 'h2', 'h2', 'h2', 'h2', 'h2', 'h3', 'h2', 'h2', 'h2', 'h2', 'h2', 'h2', 'h2', 'h2', 'h2', 'h1', 'h2', 'h2', 'h1', 'h2', 'h2'])
H123:
[[1, 0, 0, 0, 0, 0, 0, 0, 0, 0, 0, 0, 0, 0, 0, 0, 0, 0, 0, 3, 0, 0, 2, 0, 0], [0, 0, 1, 65, 12, 11, 25, 9, 5, 0, 2, 2, 2, 2, 6, 2, 4, 2, 1, 0, 2, 2, 0, 2, 2], [0, 1, 0, 0, 0, 0, 0, 0, 0, 2, 0, 0, 0, 0, 0, 0, 0, 0, 0, 0, 0, 0, 0, 0, 0]]
H123-compact:
([1, 1, 1, 66, 10, 11, 26, 9, 6, 2, 2, 2, 2, 2, 6, 2, 4, 1, 3, 2, 2, 1, 2, 2, 1, 1, 2], ['h1', 'h3', 'h2', 'h2', 'h2', 'h2', 'h2', 'h2', 'h2', 'h3', 'h2', 'h2', 'h2', 'h2', 'h2', 'h2', 'h2', 'h2', 'h1', 'h2', 'h2', 'h1', 'h2', 'h2', 'h1', 'h1', 'h2'])
H123:
[[1, 0, 0, 0, 0, 0, 0, 0, 0, 0, 0, 0, 0, 0, 0, 0, 0, 0, 3, 0, 0, 1, 0, 0, 1, 1, 0], [0, 0, 1, 66, 10, 11, 26, 9, 6, 0, 2, 2, 2, 2, 6, 2, 4, 1, 0, 2, 2, 0, 2, 2, 0, 0, 2], [0, 1, 0, 0, 0, 0, 0, 0, 0, 2, 0, 0, 0, 0, 0, 0, 0, 0, 0, 0, 0, 0, 0, 0, 0, 0, 0]]
H123-compact:
([1, 1, 1, 61, 11, 11, 26, 9, 5, 1, 2, 2, 2, 2, 6, 2, 4, 2, 1, 3, 2, 2, 2, 2, 2], ['h1', 'h3', 'h2', 'h2', 'h2', 'h2', 'h2', 'h2', 'h2', 'h3', 'h2', 'h2', 'h2', 'h2', 'h2', 'h2', 'h2', 'h2', 'h2', 'h1', 'h2', 'h1', 'h2', 'h2', 'h2'])
H123:
[[1, 0, 0, 0, 0, 0, 0, 0, 0, 0, 0, 0, 0, 0, 0, 0, 0, 0, 0, 3, 0, 2, 0, 0, 0], [0, 0, 1, 61, 11, 11, 26, 9, 5, 0, 2, 2, 2, 2, 6, 2, 4, 2, 1, 0, 2, 0, 2, 2, 2], [0, 1, 0, 0, 0, 0, 0, 0, 0, 1, 0, 0, 0, 0, 0, 0, 0, 0, 0, 0, 0, 0, 0, 0, 0]]

