H123-compact:
([1, 1, 3, 6, 2], ['h1', 'h3', 'h2', 'h2', 'h3'])
H123:
[[1, 0, 0, 0, 0], [0, 0, 3, 6, 0], [0, 1, 0, 0, 2]]
H123-compact:
([1, 1, 3, 6, 2], ['h1', 'h3', 'h2', 'h2', 'h3'])
H123:
[[1, 0, 0, 0, 0], [0, 0, 3, 6, 0], [0, 1, 0, 0, 2]]
H123-compact:
([1, 1, 3, 6, 2], ['h1', 'h3', 'h2', 'h2', 'h3'])
H123:
[[1, 0, 0, 0, 0], [0, 0, 3, 6, 0], [0, 1, 0, 0, 2]]
H123-compact:
([1, 1, 3, 6, 2], ['h1', 'h3', 'h2', 'h2', 'h3'])
H123:
[[1, 0, 0, 0, 0], [0, 0, 3, 6, 0], [0, 1, 0, 0, 2]]
H123-compact:
([1, 1, 3, 6, 2], ['h1', 'h3', 'h2', 'h2', 'h3'])
H123:
[[1, 0, 0, 0, 0], [0, 0, 3, 6, 0], [0, 1, 0, 0, 2]]
H123-compact:
([1, 1, 1, 3, 2, 6], ['h1', 'h1', 'h3', 'h2', 'h3', 'h2'])
H123:
[[1, 1, 0, 0, 0, 0], [0, 0, 0, 3, 0, 6], [0, 0, 1, 0, 2, 0]]
H123-compact:
([1, 1, 3, 2, 6], ['h1', 'h3', 'h2', 'h3', 'h2'])
H123:
[[1, 0, 0, 0, 0], [0, 0, 3, 0, 6], [0, 1, 0, 2, 0]]
H123-compact:
([1, 1, 3, 6, 2], ['h1', 'h3', 'h2', 'h2', 'h3'])
H123:
[[1, 0, 0, 0, 0], [0, 0, 3, 6, 0], [0, 1, 0, 0, 2]]
H123-compact:
([1, 1, 3, 6, 2], ['h1', 'h3', 'h2', 'h2', 'h3'])
H123:
[[1, 0, 0, 0, 0], [0, 0, 3, 6, 0], [0, 1, 0, 0, 2]]
H123-compact:
([1, 1, 3, 2, 6], ['h1', 'h3', 'h2', 'h3', 'h2'])
H123:
[[1, 0, 0, 0, 0], [0, 0, 3, 0, 6], [0, 1, 0, 2, 0]]
H123-compact:
([1, 1, 3, 6, 2], ['h1', 'h3', 'h2', 'h2', 'h3'])
H123:
[[1, 0, 0, 0, 0], [0, 0, 3, 6, 0], [0, 1, 0, 0, 2]]
H123-compact:
([1, 1, 3, 2, 6], ['h1', 'h3', 'h2', 'h3', 'h2'])
H123:
[[1, 0, 0, 0, 0], [0, 0, 3, 0, 6], [0, 1, 0, 2, 0]]
H123-compact:
([1, 1, 3, 6, 2], ['h1', 'h3', 'h2', 'h2', 'h3'])
H123:
[[1, 0, 0, 0, 0], [0, 0, 3, 6, 0], [0, 1, 0, 0, 2]]
H123-compact:
([1, 1, 3, 2, 6], ['h1', 'h3', 'h2', 'h3', 'h2'])
H123:
[[1, 0, 0, 0, 0], [0, 0, 3, 0, 6], [0, 1, 0, 2, 0]]
H123-compact:
([1, 1, 3, 2, 6], ['h1', 'h3', 'h2', 'h3', 'h2'])
H123:
[[1, 0, 0, 0, 0], [0, 0, 3, 0, 6], [0, 1, 0, 2, 0]]
H123-compact:
([1, 1, 3, 6, 2], ['h1', 'h3', 'h2', 'h2', 'h3'])
H123:
[[1, 0, 0, 0, 0], [0, 0, 3, 6, 0], [0, 1, 0, 0, 2]]
H123-compact:
([1, 1, 3, 6, 2], ['h1', 'h3', 'h2', 'h2', 'h3'])
H123:
[[1, 0, 0, 0, 0], [0, 0, 3, 6, 0], [0, 1, 0, 0, 2]]
H123-compact:
([1, 1, 3, 2, 6], ['h1', 'h3', 'h2', 'h3', 'h2'])
H123:
[[1, 0, 0, 0, 0], [0, 0, 3, 0, 6], [0, 1, 0, 2, 0]]
H123-compact:
([1, 1, 3, 2, 6], ['h1', 'h3', 'h2', 'h3', 'h2'])
H123:
[[1, 0, 0, 0, 0], [0, 0, 3, 0, 6], [0, 1, 0, 2, 0]]
H123-compact:
([1, 1, 3, 6, 2], ['h1', 'h3', 'h2', 'h2', 'h3'])
H123:
[[1, 0, 0, 0, 0], [0, 0, 3, 6, 0], [0, 1, 0, 0, 2]]

