H123-compact:
([1, 1, 22, 6], ['h1', 'h3', 'h3', 'h2'])
H123:
[[1, 0, 0, 0], [0, 0, 0, 6], [0, 1, 22, 0]]
H123-compact:
([1, 1, 22, 6], ['h1', 'h3', 'h3', 'h2'])
H123:
[[1, 0, 0, 0], [0, 0, 0, 6], [0, 1, 22, 0]]
H123-compact:
([1, 1, 22, 6], ['h1', 'h3', 'h3', 'h2'])
H123:
[[1, 0, 0, 0], [0, 0, 0, 6], [0, 1, 22, 0]]
H123-compact:
([1, 1, 22, 6], ['h1', 'h3', 'h3', 'h2'])
H123:
[[1, 0, 0, 0], [0, 0, 0, 6], [0, 1, 22, 0]]
H123-compact:
([1, 1, 22, 6], ['h1', 'h3', 'h3', 'h2'])
H123:
[[1, 0, 0, 0], [0, 0, 0, 6], [0, 1, 22, 0]]
H123-compact:
([1, 1, 22, 6], ['h1', 'h3', 'h3', 'h2'])
H123:
[[1, 0, 0, 0], [0, 0, 0, 6], [0, 1, 22, 0]]
H123-compact:
([1, 1, 22, 6], ['h1', 'h3', 'h3', 'h2'])
H123:
[[1, 0, 0, 0], [0, 0, 0, 6], [0, 1, 22, 0]]
H123-compact:
([1, 1, 1, 5, 16, 6], ['h1', 'h3', 'h3', 'h2', 'h3', 'h2'])
H123:
[[1, 0, 0, 0, 0, 0], [0, 0, 0, 5, 0, 6], [0, 1, 1, 0, 16, 0]]
H123-compact:
([1, 1, 22, 6], ['h1', 'h3', 'h3', 'h2'])
H123:
[[1, 0, 0, 0], [0, 0, 0, 6], [0, 1, 22, 0]]
H123-compact:
([1, 1, 22, 6], ['h1', 'h3', 'h3', 'h2'])
H123:
[[1, 0, 0, 0], [0, 0, 0, 6], [0, 1, 22, 0]]
H123-compact:
([1, 1, 22, 6], ['h1', 'h3', 'h3', 'h2'])
H123:
[[1, 0, 0, 0], [0, 0, 0, 6], [0, 1, 22, 0]]
H123-compact:
([1, 1, 22, 6], ['h1', 'h3', 'h3', 'h2'])
H123:
[[1, 0, 0, 0], [0, 0, 0, 6], [0, 1, 22, 0]]
H123-compact:
([1, 1, 22, 6], ['h1', 'h3', 'h3', 'h2'])
H123:
[[1, 0, 0, 0], [0, 0, 0, 6], [0, 1, 22, 0]]
H123-compact:
([1, 1, 22, 6, 2], ['h1', 'h3', 'h3', 'h2', 'h2'])
H123:
[[1, 0, 0, 0, 0], [0, 0, 0, 6, 2], [0, 1, 22, 0, 0]]
H123-compact:
([1, 1, 22, 6], ['h1', 'h3', 'h3', 'h2'])
H123:
[[1, 0, 0, 0], [0, 0, 0, 6], [0, 1, 22, 0]]
H123-compact:
([1, 1, 22, 6], ['h1', 'h3', 'h3', 'h2'])
H123:
[[1, 0, 0, 0], [0, 0, 0, 6], [0, 1, 22, 0]]
H123-compact:
([1, 1, 22, 6], ['h1', 'h3', 'h3', 'h2'])
H123:
[[1, 0, 0, 0], [0, 0, 0, 6], [0, 1, 22, 0]]
H123-compact:
([1, 22, 1, 6], ['h1', 'h3', 'h3', 'h2'])
H123:
[[1, 0, 0, 0], [0, 0, 0, 6], [0, 22, 1, 0]]
H123-compact:
([1, 1, 22, 6], ['h1', 'h3', 'h3', 'h2'])
H123:
[[1, 0, 0, 0], [0, 0, 0, 6], [0, 1, 22, 0]]
H123-compact:
([1, 1, 22, 5], ['h1', 'h3', 'h3', 'h2'])
H123:
[[1, 0, 0, 0], [0, 0, 0, 5], [0, 1, 22, 0]]

