H123-compact:
([1, 1, 1, 1, 8, 1, 43, 5, 5, 4, 5, 1, 3, 1, 6, 1, 1, 3, 1, 2, 1, 1, 7, 2, 4, 1, 2, 3, 6, 2, 3], ['h1', 'h3', 'h2', 'h2', 'h2', 'h2', 'h3', 'h3', 'h2', 'h2', 'h2', 'h2', 'h2', 'h2', 'h2', 'h3', 'h3', 'h3', 'h2', 'h2', 'h3', 'h2', 'h2', 'h2', 'h2', 'h2', 'h3', 'h2', 'h2', 'h2', 'h2'])
H123:
[[1, 0, 0, 0, 0, 0, 0, 0, 0, 0, 0, 0, 0, 0, 0, 0, 0, 0, 0, 0, 0, 0, 0, 0, 0, 0, 0, 0, 0, 0, 0], [0, 0, 1, 1, 8, 1, 0, 0, 5, 4, 5, 1, 3, 1, 6, 0, 0, 0, 1, 2, 0, 1, 7, 2, 4, 1, 0, 3, 6, 2, 3], [0, 1, 0, 0, 0, 0, 43, 5, 0, 0, 0, 0, 0, 0, 0, 1, 1, 3, 0, 0, 1, 0, 0, 0, 0, 0, 2, 0, 0, 0, 0]]
H123-compact:
([1, 1, 1, 1, 1, 10, 41, 5, 5, 4, 5, 3, 1, 1, 1, 6, 1, 3, 1, 2, 1, 7, 1, 2, 1, 3, 2, 3, 6, 2, 3], ['h1', 'h3', 'h2', 'h2', 'h2', 'h2', 'h3', 'h2', 'h2', 'h2', 'h3', 'h2', 'h2', 'h3', 'h2', 'h2', 'h3', 'h3', 'h2', 'h2', 'h3', 'h2', 'h2', 'h2', 'h2', 'h2', 'h3', 'h2', 'h2', 'h2', 'h2'])
H123:
[[1, 0, 0, 0, 0, 0, 0, 0, 0, 0, 0, 0, 0, 0, 0, 0, 0, 0, 0, 0, 0, 0, 0, 0, 0, 0, 0, 0, 0, 0, 0], [0, 0, 1, 1, 1, 10, 0, 5, 5, 4, 0, 3, 1, 0, 1, 6, 0, 0, 1, 2, 0, 7, 1, 2, 1, 3, 0, 3, 6, 2, 3], [0, 1, 0, 0, 0, 0, 41, 0, 0, 0, 5, 0, 0, 1, 0, 0, 1, 3, 0, 0, 1, 0, 0, 0, 0, 0, 2, 0, 0, 0, 0]]
H123-compact:
([1, 1, 1, 1, 1, 8, 44, 5, 5, 4, 5, 1, 3, 1, 6, 1, 1, 3, 1, 2, 1, 7, 1, 2, 4, 1, 3, 2, 6, 2, 3], ['h1', 'h3', 'h2', 'h2', 'h2', 'h2', 'h3', 'h2', 'h2', 'h2', 'h3', 'h2', 'h2', 'h2', 'h2', 'h3', 'h3', 'h3', 'h2', 'h2', 'h3', 'h2', 'h2', 'h2', 'h2', 'h2', 'h2', 'h3', 'h2', 'h2', 'h2'])
H123:
[[1, 0, 0, 0, 0, 0, 0, 0, 0, 0, 0, 0, 0, 0, 0, 0, 0, 0, 0, 0, 0, 0, 0, 0, 0, 0, 0, 0, 0, 0, 0], [0, 0, 1, 1, 1, 8, 0, 5, 5, 4, 0, 1, 3, 1, 6, 0, 0, 0, 1, 2, 0, 7, 1, 2, 4, 1, 3, 0, 6, 2, 3], [0, 1, 0, 0, 0, 0, 44, 0, 0, 0, 5, 0, 0, 0, 0, 1, 1, 3, 0, 0, 1, 0, 0, 0, 0, 0, 0, 2, 0, 0, 0]]
H123-compact:
([1, 1, 1, 1, 8, 1, 44, 5, 4, 5, 5, 3, 1, 1, 1, 6, 1, 3, 1, 2, 1, 1, 7, 2, 1, 4, 6, 2, 3, 2, 1, 3], ['h1', 'h3', 'h2', 'h2', 'h2', 'h2', 'h3', 'h2', 'h2', 'h2', 'h3', 'h2', 'h2', 'h3', 'h2', 'h2', 'h3', 'h3', 'h2', 'h2', 'h3', 'h2', 'h2', 'h2', 'h2', 'h2', 'h2', 'h3', 'h2', 'h2', 'h1', 'h2'])
H123:
[[1, 0, 0, 0, 0, 0, 0, 0, 0, 0, 0, 0, 0, 0, 0, 0, 0, 0, 0, 0, 0, 0, 0, 0, 0, 0, 0, 0, 0, 0, 1, 0], [0, 0, 1, 1, 8, 1, 0, 5, 4, 5, 0, 3, 1, 0, 1, 6, 0, 0, 1, 2, 0, 1, 7, 2, 1, 4, 6, 0, 3, 2, 0, 3], [0, 1, 0, 0, 0, 0, 44, 0, 0, 0, 5, 0, 0, 1, 0, 0, 1, 3, 0, 0, 1, 0, 0, 0, 0, 0, 0, 2, 0, 0, 0, 0]]
H123-compact:
([1, 1, 1, 1, 8, 1, 44, 5, 4, 5, 5, 1, 3, 1, 6, 1, 1, 3, 1, 2, 1, 6, 7, 1, 2, 1, 4, 2, 3, 2, 3], ['h1', 'h3', 'h2', 'h2', 'h2', 'h2', 'h3', 'h2', 'h2', 'h2', 'h3', 'h2', 'h2', 'h2', 'h2', 'h3', 'h3', 'h3', 'h2', 'h2', 'h3', 'h2', 'h2', 'h2', 'h2', 'h2', 'h2', 'h3', 'h2', 'h2', 'h2'])
H123:
[[1, 0, 0, 0, 0, 0, 0, 0, 0, 0, 0, 0, 0, 0, 0, 0, 0, 0, 0, 0, 0, 0, 0, 0, 0, 0, 0, 0, 0, 0, 0], [0, 0, 1, 1, 8, 1, 0, 5, 4, 5, 0, 1, 3, 1, 6, 0, 0, 0, 1, 2, 0, 6, 7, 1, 2, 1, 4, 0, 3, 2, 3], [0, 1, 0, 0, 0, 0, 44, 0, 0, 0, 5, 0, 0, 0, 0, 1, 1, 3, 0, 0, 1, 0, 0, 0, 0, 0, 0, 2, 0, 0, 0]]
('10.6.56.13', 55712, '150.171.28.10', 443, True) h1
H123-compact:
([1, 1, 1, 1, 1, 9, 41, 5, 4, 5, 5, 1, 3, 1, 6, 1, 1, 3, 1, 2, 1, 1, 7, 2, 1, 4, 2, 3, 6, 2, 3], ['h1', 'h3', 'h2', 'h2', 'h2', 'h2', 'h3', 'h2', 'h2', 'h2', 'h3', 'h2', 'h2', 'h2', 'h2', 'h3', 'h3', 'h3', 'h2', 'h2', 'h3', 'h2', 'h2', 'h2', 'h2', 'h2', 'h3', 'h2', 'h2', 'h2', 'h2'])
H123:
[[1, 0, 0, 0, 0, 0, 0, 0, 0, 0, 0, 0, 0, 0, 0, 0, 0, 0, 0, 0, 0, 0, 0, 0, 0, 0, 0, 0, 0, 0, 0], [0, 0, 1, 1, 1, 9, 0, 5, 4, 5, 0, 1, 3, 1, 6, 0, 0, 0, 1, 2, 0, 1, 7, 2, 1, 4, 0, 3, 6, 2, 3], [0, 1, 0, 0, 0, 0, 41, 0, 0, 0, 5, 0, 0, 0, 0, 1, 1, 3, 0, 0, 1, 0, 0, 0, 0, 0, 2, 0, 0, 0, 0]]
H123-compact:
([1, 1, 1, 1, 1, 9, 42, 5, 4, 5, 5, 1, 3, 1, 6, 1, 1, 3, 1, 2, 1, 7, 1, 5, 2, 4, 1, 3, 2, 2, 3], ['h1', 'h3', 'h2', 'h2', 'h2', 'h2', 'h3', 'h2', 'h2', 'h3', 'h2', 'h2', 'h2', 'h2', 'h2', 'h3', 'h3', 'h3', 'h2', 'h2', 'h3', 'h2', 'h2', 'h2', 'h2', 'h2', 'h2', 'h2', 'h3', 'h2', 'h2'])
H123:
[[1, 0, 0, 0, 0, 0, 0, 0, 0, 0, 0, 0, 0, 0, 0, 0, 0, 0, 0, 0, 0, 0, 0, 0, 0, 0, 0, 0, 0, 0, 0], [0, 0, 1, 1, 1, 9, 0, 5, 4, 0, 5, 1, 3, 1, 6, 0, 0, 0, 1, 2, 0, 7, 1, 5, 2, 4, 1, 3, 0, 2, 3], [0, 1, 0, 0, 0, 0, 42, 0, 0, 5, 0, 0, 0, 0, 0, 1, 1, 3, 0, 0, 1, 0, 0, 0, 0, 0, 0, 0, 2, 0, 0]]
H123-compact:
([1, 1, 1, 1, 1, 8, 43, 5, 5, 4, 5, 1, 3, 1, 6, 1, 1, 3, 1, 2, 1, 2, 4, 6, 1, 7, 1, 3, 2, 2, 3], ['h1', 'h3', 'h2', 'h2', 'h2', 'h2', 'h3', 'h2', 'h2', 'h2', 'h3', 'h2', 'h2', 'h2', 'h2', 'h3', 'h3', 'h3', 'h2', 'h2', 'h3', 'h2', 'h2', 'h2', 'h2', 'h2', 'h2', 'h2', 'h3', 'h2', 'h2'])
H123:
[[1, 0, 0, 0, 0, 0, 0, 0, 0, 0, 0, 0, 0, 0, 0, 0, 0, 0, 0, 0, 0, 0, 0, 0, 0, 0, 0, 0, 0, 0, 0], [0, 0, 1, 1, 1, 8, 0, 5, 5, 4, 0, 1, 3, 1, 6, 0, 0, 0, 1, 2, 0, 2, 4, 6, 1, 7, 1, 3, 0, 2, 3], [0, 1, 0, 0, 0, 0, 43, 0, 0, 0, 5, 0, 0, 0, 0, 1, 1, 3, 0, 0, 1, 0, 0, 0, 0, 0, 0, 0, 2, 0, 0]]
H123-compact:
([1, 1, 1, 1, 1, 9, 40, 5, 6, 4, 5, 1, 3, 1, 6, 1, 1, 3, 1, 2, 1, 7, 1, 2, 4, 1, 2, 3, 6, 2, 3], ['h1', 'h3', 'h2', 'h2', 'h2', 'h2', 'h3', 'h2', 'h2', 'h2', 'h3', 'h2', 'h2', 'h2', 'h2', 'h3', 'h3', 'h3', 'h2', 'h2', 'h3', 'h2', 'h2', 'h2', 'h2', 'h2', 'h3', 'h2', 'h2', 'h2', 'h2'])
H123:
[[1, 0, 0, 0, 0, 0, 0, 0, 0, 0, 0, 0, 0, 0, 0, 0, 0, 0, 0, 0, 0, 0, 0, 0, 0, 0, 0, 0, 0, 0, 0], [0, 0, 1, 1, 1, 9, 0, 5, 6, 4, 0, 1, 3, 1, 6, 0, 0, 0, 1, 2, 0, 7, 1, 2, 4, 1, 0, 3, 6, 2, 3], [0, 1, 0, 0, 0, 0, 40, 0, 0, 0, 5, 0, 0, 0, 0, 1, 1, 3, 0, 0, 1, 0, 0, 0, 0, 0, 2, 0, 0, 0, 0]]
H123-compact:
([1, 1, 1, 1, 9, 1, 40, 5, 4, 5, 5, 1, 3, 1, 6, 1, 1, 3, 1, 2, 1, 1, 7, 5, 2, 1, 4, 2, 3, 2, 3], ['h1', 'h3', 'h2', 'h2', 'h2', 'h2', 'h3', 'h2', 'h2', 'h3', 'h2', 'h2', 'h2', 'h2', 'h2', 'h3', 'h3', 'h3', 'h2', 'h2', 'h3', 'h2', 'h2', 'h2', 'h2', 'h2', 'h2', 'h3', 'h2', 'h2', 'h2'])
H123:
[[1, 0, 0, 0, 0, 0, 0, 0, 0, 0, 0, 0, 0, 0, 0, 0, 0, 0, 0, 0, 0, 0, 0, 0, 0, 0, 0, 0, 0, 0, 0], [0, 0, 1, 1, 9, 1, 0, 5, 4, 0, 5, 1, 3, 1, 6, 0, 0, 0, 1, 2, 0, 1, 7, 5, 2, 1, 4, 0, 3, 2, 3], [0, 1, 0, 0, 0, 0, 40, 0, 0, 5, 0, 0, 0, 0, 0, 1, 1, 3, 0, 0, 1, 0, 0, 0, 0, 0, 0, 2, 0, 0, 0]]
H123-compact:
([1, 1, 1, 1, 1, 8, 43, 5, 5, 4, 5, 3, 1, 1, 1, 6, 1, 3, 1, 2, 1, 1, 7, 2, 1, 4, 2, 3, 6, 2, 3], ['h1', 'h3', 'h2', 'h2', 'h2', 'h2', 'h3', 'h2', 'h2', 'h2', 'h3', 'h2', 'h2', 'h3', 'h2', 'h2', 'h3', 'h3', 'h2', 'h2', 'h3', 'h2', 'h2', 'h2', 'h2', 'h2', 'h3', 'h2', 'h2', 'h2', 'h2'])
H123:
[[1, 0, 0, 0, 0, 0, 0, 0, 0, 0, 0, 0, 0, 0, 0, 0, 0, 0, 0, 0, 0, 0, 0, 0, 0, 0, 0, 0, 0, 0, 0], [0, 0, 1, 1, 1, 8, 0, 5, 5, 4, 0, 3, 1, 0, 1, 6, 0, 0, 1, 2, 0, 1, 7, 2, 1, 4, 0, 3, 6, 2, 3], [0, 1, 0, 0, 0, 0, 43, 0, 0, 0, 5, 0, 0, 1, 0, 0, 1, 3, 0, 0, 1, 0, 0, 0, 0, 0, 2, 0, 0, 0, 0]]
H123-compact:
([1, 1, 1, 1, 10, 1, 40, 5, 5, 4, 5, 1, 3, 1, 6, 1, 1, 3, 1, 2, 1, 7, 1, 2, 6, 1, 4, 2, 3, 2, 3], ['h1', 'h3', 'h2', 'h2', 'h2', 'h2', 'h3', 'h2', 'h2', 'h2', 'h3', 'h2', 'h2', 'h2', 'h2', 'h3', 'h3', 'h3', 'h2', 'h2', 'h3', 'h2', 'h2', 'h2', 'h2', 'h2', 'h2', 'h3', 'h2', 'h2', 'h2'])
H123:
[[1, 0, 0, 0, 0, 0, 0, 0, 0, 0, 0, 0, 0, 0, 0, 0, 0, 0, 0, 0, 0, 0, 0, 0, 0, 0, 0, 0, 0, 0, 0], [0, 0, 1, 1, 10, 1, 0, 5, 5, 4, 0, 1, 3, 1, 6, 0, 0, 0, 1, 2, 0, 7, 1, 2, 6, 1, 4, 0, 3, 2, 3], [0, 1, 0, 0, 0, 0, 40, 0, 0, 0, 5, 0, 0, 0, 0, 1, 1, 3, 0, 0, 1, 0, 0, 0, 0, 0, 0, 2, 0, 0, 0]]
H123-compact:
([1, 1, 1, 1, 1, 7, 42, 5, 4, 5, 5, 1, 3, 1, 6, 1, 1, 3, 1, 2, 1, 7, 1, 2, 1, 4, 2, 3, 6, 2, 3], ['h1', 'h3', 'h2', 'h2', 'h2', 'h2', 'h3', 'h2', 'h2', 'h3', 'h2', 'h2', 'h2', 'h2', 'h2', 'h3', 'h3', 'h3', 'h2', 'h2', 'h3', 'h2', 'h2', 'h2', 'h2', 'h2', 'h3', 'h2', 'h2', 'h2', 'h2'])
H123:
[[1, 0, 0, 0, 0, 0, 0, 0, 0, 0, 0, 0, 0, 0, 0, 0, 0, 0, 0, 0, 0, 0, 0, 0, 0, 0, 0, 0, 0, 0, 0], [0, 0, 1, 1, 1, 7, 0, 5, 4, 0, 5, 1, 3, 1, 6, 0, 0, 0, 1, 2, 0, 7, 1, 2, 1, 4, 0, 3, 6, 2, 3], [0, 1, 0, 0, 0, 0, 42, 0, 0, 5, 0, 0, 0, 0, 0, 1, 1, 3, 0, 0, 1, 0, 0, 0, 0, 0, 2, 0, 0, 0, 0]]
H123-compact:
([1, 1, 1, 1, 9, 1, 39, 5, 5, 4, 5, 5, 1, 3, 1, 6, 1, 1, 3, 1, 2, 1, 7, 1, 4, 2, 1, 3, 2, 2, 3], ['h1', 'h3', 'h2', 'h2', 'h2', 'h2', 'h3', 'h2', 'h2', 'h2', 'h3', 'h2', 'h2', 'h2', 'h2', 'h2', 'h3', 'h3', 'h3', 'h2', 'h2', 'h3', 'h2', 'h2', 'h2', 'h2', 'h2', 'h2', 'h3', 'h2', 'h2'])
H123:
[[1, 0, 0, 0, 0, 0, 0, 0, 0, 0, 0, 0, 0, 0, 0, 0, 0, 0, 0, 0, 0, 0, 0, 0, 0, 0, 0, 0, 0, 0, 0], [0, 0, 1, 1, 9, 1, 0, 5, 5, 4, 0, 5, 1, 3, 1, 6, 0, 0, 0, 1, 2, 0, 7, 1, 4, 2, 1, 3, 0, 2, 3], [0, 1, 0, 0, 0, 0, 39, 0, 0, 0, 5, 0, 0, 0, 0, 0, 1, 1, 3, 0, 0, 1, 0, 0, 0, 0, 0, 0, 2, 0, 0]]
H123-compact:
([1, 1, 1, 1, 1, 7, 43, 5, 5, 4, 5, 2, 2, 1, 2, 6, 1, 3, 1, 2, 1, 2, 7, 1, 4, 1, 2, 3, 5, 2, 3], ['h1', 'h3', 'h2', 'h2', 'h2', 'h2', 'h3', 'h2', 'h2', 'h2', 'h3', 'h2', 'h3', 'h2', 'h2', 'h2', 'h3', 'h3', 'h2', 'h2', 'h3', 'h2', 'h2', 'h2', 'h2', 'h2', 'h3', 'h2', 'h2', 'h2', 'h2'])
H123:
[[1, 0, 0, 0, 0, 0, 0, 0, 0, 0, 0, 0, 0, 0, 0, 0, 0, 0, 0, 0, 0, 0, 0, 0, 0, 0, 0, 0, 0, 0, 0], [0, 0, 1, 1, 1, 7, 0, 5, 5, 4, 0, 2, 0, 1, 2, 6, 0, 0, 1, 2, 0, 2, 7, 1, 4, 1, 0, 3, 5, 2, 3], [0, 1, 0, 0, 0, 0, 43, 0, 0, 0, 5, 0, 2, 0, 0, 0, 1, 3, 0, 0, 1, 0, 0, 0, 0, 0, 2, 0, 0, 0, 0]]
H123-compact:
([1, 1, 1, 1, 1, 8, 42, 5, 4, 5, 5, 3, 1, 1, 1, 6, 1, 1, 3, 2, 1, 7, 1, 2, 4, 1, 2, 3, 6, 2, 3], ['h1', 'h3', 'h2', 'h2', 'h2', 'h2', 'h3', 'h2', 'h2', 'h3', 'h2', 'h2', 'h2', 'h2', 'h3', 'h2', 'h3', 'h2', 'h3', 'h2', 'h3', 'h2', 'h2', 'h2', 'h2', 'h2', 'h3', 'h2', 'h2', 'h2', 'h2'])
H123:
[[1, 0, 0, 0, 0, 0, 0, 0, 0, 0, 0, 0, 0, 0, 0, 0, 0, 0, 0, 0, 0, 0, 0, 0, 0, 0, 0, 0, 0, 0, 0], [0, 0, 1, 1, 1, 8, 0, 5, 4, 0, 5, 3, 1, 1, 0, 6, 0, 1, 0, 2, 0, 7, 1, 2, 4, 1, 0, 3, 6, 2, 3], [0, 1, 0, 0, 0, 0, 42, 0, 0, 5, 0, 0, 0, 0, 1, 0, 1, 0, 3, 0, 1, 0, 0, 0, 0, 0, 2, 0, 0, 0, 0]]
H123-compact:
([1, 1, 1, 1, 1, 7, 42, 5, 5, 4, 5, 1, 3, 3, 6, 1, 1, 1, 1, 2, 1, 7, 1, 2, 1, 4, 2, 3, 5, 2, 3], ['h1', 'h3', 'h2', 'h2', 'h2', 'h2', 'h3', 'h2', 'h2', 'h2', 'h3', 'h2', 'h2', 'h3', 'h2', 'h2', 'h3', 'h3', 'h2', 'h2', 'h3', 'h2', 'h2', 'h2', 'h2', 'h2', 'h3', 'h2', 'h2', 'h2', 'h2'])
H123:
[[1, 0, 0, 0, 0, 0, 0, 0, 0, 0, 0, 0, 0, 0, 0, 0, 0, 0, 0, 0, 0, 0, 0, 0, 0, 0, 0, 0, 0, 0, 0], [0, 0, 1, 1, 1, 7, 0, 5, 5, 4, 0, 1, 3, 0, 6, 1, 0, 0, 1, 2, 0, 7, 1, 2, 1, 4, 0, 3, 5, 2, 3], [0, 1, 0, 0, 0, 0, 42, 0, 0, 0, 5, 0, 0, 3, 0, 0, 1, 1, 0, 0, 1, 0, 0, 0, 0, 0, 2, 0, 0, 0, 0]]
H123-compact:
([1, 1, 1, 1, 1, 9, 40, 5, 5, 4, 5, 1, 3, 2, 6, 1, 1, 3, 1, 2, 1, 7, 1, 7, 2, 1, 4, 2, 3, 2, 3], ['h1', 'h3', 'h2', 'h2', 'h2', 'h2', 'h3', 'h2', 'h2', 'h2', 'h3', 'h2', 'h2', 'h2', 'h2', 'h3', 'h3', 'h3', 'h2', 'h2', 'h3', 'h2', 'h2', 'h2', 'h2', 'h2', 'h2', 'h3', 'h2', 'h2', 'h2'])
H123:
[[1, 0, 0, 0, 0, 0, 0, 0, 0, 0, 0, 0, 0, 0, 0, 0, 0, 0, 0, 0, 0, 0, 0, 0, 0, 0, 0, 0, 0, 0, 0], [0, 0, 1, 1, 1, 9, 0, 5, 5, 4, 0, 1, 3, 2, 6, 0, 0, 0, 1, 2, 0, 7, 1, 7, 2, 1, 4, 0, 3, 2, 3], [0, 1, 0, 0, 0, 0, 40, 0, 0, 0, 5, 0, 0, 0, 0, 1, 1, 3, 0, 0, 1, 0, 0, 0, 0, 0, 0, 2, 0, 0, 0]]
H123-compact:
([1, 1, 1, 1, 8, 1, 40, 5, 5, 5, 5, 1, 3, 1, 6, 1, 1, 3, 1, 2, 1, 7, 1, 2, 1, 4, 6, 2, 3, 1, 2, 3], ['h1', 'h3', 'h2', 'h2', 'h2', 'h2', 'h3', 'h2', 'h2', 'h3', 'h2', 'h2', 'h2', 'h2', 'h2', 'h3', 'h3', 'h3', 'h2', 'h2', 'h3', 'h2', 'h2', 'h2', 'h2', 'h2', 'h2', 'h3', 'h2', 'h1', 'h2', 'h2'])
H123:
[[1, 0, 0, 0, 0, 0, 0, 0, 0, 0, 0, 0, 0, 0, 0, 0, 0, 0, 0, 0, 0, 0, 0, 0, 0, 0, 0, 0, 0, 1, 0, 0], [0, 0, 1, 1, 8, 1, 0, 5, 5, 0, 5, 1, 3, 1, 6, 0, 0, 0, 1, 2, 0, 7, 1, 2, 1, 4, 6, 0, 3, 0, 2, 3], [0, 1, 0, 0, 0, 0, 40, 0, 0, 5, 0, 0, 0, 0, 0, 1, 1, 3, 0, 0, 1, 0, 0, 0, 0, 0, 0, 2, 0, 0, 0, 0]]
H123-compact:
([1, 1, 1, 1, 1, 10, 41, 5, 4, 5, 5, 1, 3, 1, 6, 1, 6, 3, 1, 2, 1, 7, 1, 2, 1, 4, 3, 2, 6, 2, 3], ['h1', 'h3', 'h2', 'h2', 'h2', 'h2', 'h3', 'h2', 'h2', 'h2', 'h3', 'h2', 'h2', 'h2', 'h2', 'h3', 'h3', 'h3', 'h2', 'h2', 'h3', 'h2', 'h2', 'h2', 'h2', 'h2', 'h2', 'h3', 'h2', 'h2', 'h2'])
H123:
[[1, 0, 0, 0, 0, 0, 0, 0, 0, 0, 0, 0, 0, 0, 0, 0, 0, 0, 0, 0, 0, 0, 0, 0, 0, 0, 0, 0, 0, 0, 0], [0, 0, 1, 1, 1, 10, 0, 5, 4, 5, 0, 1, 3, 1, 6, 0, 0, 0, 1, 2, 0, 7, 1, 2, 1, 4, 3, 0, 6, 2, 3], [0, 1, 0, 0, 0, 0, 41, 0, 0, 0, 5, 0, 0, 0, 0, 1, 6, 3, 0, 0, 1, 0, 0, 0, 0, 0, 0, 2, 0, 0, 0]]

