H123-compact:
([1, 2, 1, 3, 1, 1, 2, 7, 3, 2, 2, 7, 2, 1, 6], ['h1', 'h3', 'h2', 'h2', 'h3', 'h2', 'h2', 'h2', 'h2', 'h3', 'h2', 'h2', 'h2', 'h2', 'h2'])
H123:
[[1, 0, 0, 0, 0, 0, 0, 0, 0, 0, 0, 0, 0, 0, 0], [0, 0, 1, 3, 0, 1, 2, 7, 3, 0, 2, 7, 2, 1, 6], [0, 2, 0, 0, 1, 0, 0, 0, 0, 2, 0, 0, 0, 0, 0]]
H123-compact:
([1, 2, 1, 3, 1, 1, 2, 9, 2, 2, 2, 7, 2, 1, 6], ['h1', 'h3', 'h2', 'h2', 'h3', 'h2', 'h2', 'h2', 'h3', 'h3', 'h2', 'h2', 'h2', 'h2', 'h2'])
H123:
[[1, 0, 0, 0, 0, 0, 0, 0, 0, 0, 0, 0, 0, 0, 0], [0, 0, 1, 3, 0, 1, 2, 9, 0, 0, 2, 7, 2, 1, 6], [0, 2, 0, 0, 1, 0, 0, 0, 2, 2, 0, 0, 0, 0, 0]]
H123-compact:
([1, 2, 1, 3, 1, 1, 2, 10, 3, 2, 2, 8, 2, 1, 6], ['h1', 'h3', 'h2', 'h2', 'h3', 'h2', 'h2', 'h2', 'h3', 'h3', 'h2', 'h2', 'h2', 'h2', 'h2'])
H123:
[[1, 0, 0, 0, 0, 0, 0, 0, 0, 0, 0, 0, 0, 0, 0], [0, 0, 1, 3, 0, 1, 2, 10, 0, 0, 2, 8, 2, 1, 6], [0, 2, 0, 0, 1, 0, 0, 0, 3, 2, 0, 0, 0, 0, 0]]
H123-compact:
([1, 2, 1, 3, 1, 1, 2, 9, 3, 2, 2, 7, 2, 1, 6], ['h1', 'h3', 'h2', 'h2', 'h3', 'h2', 'h2', 'h2', 'h3', 'h3', 'h2', 'h2', 'h2', 'h2', 'h2'])
H123:
[[1, 0, 0, 0, 0, 0, 0, 0, 0, 0, 0, 0, 0, 0, 0], [0, 0, 1, 3, 0, 1, 2, 9, 0, 0, 2, 7, 2, 1, 6], [0, 2, 0, 0, 1, 0, 0, 0, 3, 2, 0, 0, 0, 0, 0]]
H123-compact:
([1, 2, 1, 3, 1, 1, 2, 10, 3, 2, 2, 7, 2, 1, 6], ['h1', 'h3', 'h2', 'h2', 'h3', 'h2', 'h2', 'h2', 'h3', 'h3', 'h2', 'h2', 'h2', 'h2', 'h2'])
H123:
[[1, 0, 0, 0, 0, 0, 0, 0, 0, 0, 0, 0, 0, 0, 0], [0, 0, 1, 3, 0, 1, 2, 10, 0, 0, 2, 7, 2, 1, 6], [0, 2, 0, 0, 1, 0, 0, 0, 3, 2, 0, 0, 0, 0, 0]]
H123-compact:
([1, 2, 1, 3, 1, 1, 2, 9, 3, 2, 2, 7, 2, 1, 6], ['h1', 'h3', 'h2', 'h2', 'h3', 'h2', 'h2', 'h2', 'h3', 'h3', 'h2', 'h2', 'h2', 'h2', 'h2'])
H123:
[[1, 0, 0, 0, 0, 0, 0, 0, 0, 0, 0, 0, 0, 0, 0], [0, 0, 1, 3, 0, 1, 2, 9, 0, 0, 2, 7, 2, 1, 6], [0, 2, 0, 0, 1, 0, 0, 0, 3, 2, 0, 0, 0, 0, 0]]
H123-compact:
([1, 2, 1, 3, 1, 1, 2, 9, 2, 2, 2, 7, 2, 1, 6], ['h1', 'h3', 'h2', 'h2', 'h3', 'h2', 'h2', 'h2', 'h3', 'h3', 'h2', 'h2', 'h2', 'h2', 'h2'])
H123:
[[1, 0, 0, 0, 0, 0, 0, 0, 0, 0, 0, 0, 0, 0, 0], [0, 0, 1, 3, 0, 1, 2, 9, 0, 0, 2, 7, 2, 1, 6], [0, 2, 0, 0, 1, 0, 0, 0, 2, 2, 0, 0, 0, 0, 0]]
H123-compact:
([1, 2, 1, 3, 1, 1, 2, 8, 3, 2, 2, 7, 2, 1, 6], ['h1', 'h3', 'h2', 'h2', 'h3', 'h2', 'h2', 'h2', 'h3', 'h3', 'h2', 'h2', 'h2', 'h2', 'h2'])
H123:
[[1, 0, 0, 0, 0, 0, 0, 0, 0, 0, 0, 0, 0, 0, 0], [0, 0, 1, 3, 0, 1, 2, 8, 0, 0, 2, 7, 2, 1, 6], [0, 2, 0, 0, 1, 0, 0, 0, 3, 2, 0, 0, 0, 0, 0]]
H123-compact:
([1, 2, 1, 3, 1, 1, 2, 4, 2, 6, 2, 2, 7, 2, 1, 6], ['h1', 'h3', 'h2', 'h2', 'h3', 'h2', 'h2', 'h2', 'h3', 'h3', 'h3', 'h2', 'h2', 'h2', 'h2', 'h2'])
H123:
[[1, 0, 0, 0, 0, 0, 0, 0, 0, 0, 0, 0, 0, 0, 0, 0], [0, 0, 1, 3, 0, 1, 2, 4, 0, 0, 0, 2, 7, 2, 1, 6], [0, 2, 0, 0, 1, 0, 0, 0, 2, 6, 2, 0, 0, 0, 0, 0]]
H123-compact:
([1, 2, 1, 3, 1, 1, 2, 9, 3, 2, 2, 7, 2, 1, 1, 6], ['h1', 'h3', 'h2', 'h2', 'h3', 'h2', 'h2', 'h2', 'h3', 'h3', 'h2', 'h2', 'h2', 'h3', 'h2', 'h2'])
H123:
[[1, 0, 0, 0, 0, 0, 0, 0, 0, 0, 0, 0, 0, 0, 0, 0], [0, 0, 1, 3, 0, 1, 2, 9, 0, 0, 2, 7, 2, 0, 1, 6], [0, 2, 0, 0, 1, 0, 0, 0, 3, 2, 0, 0, 0, 1, 0, 0]]
H123-compact:
([1, 2, 2, 3, 1, 1, 2, 8, 2, 2, 3, 7, 2, 1, 6], ['h1', 'h3', 'h2', 'h2', 'h3', 'h2', 'h2', 'h2', 'h3', 'h3', 'h2', 'h2', 'h2', 'h2', 'h2'])
H123:
[[1, 0, 0, 0, 0, 0, 0, 0, 0, 0, 0, 0, 0, 0, 0], [0, 0, 2, 3, 0, 1, 2, 8, 0, 0, 3, 7, 2, 1, 6], [0, 2, 0, 0, 1, 0, 0, 0, 2, 2, 0, 0, 0, 0, 0]]
H123-compact:
([1, 2, 1, 3, 1, 1, 2, 9, 3, 2, 2, 7, 2, 1, 6], ['h1', 'h3', 'h2', 'h2', 'h3', 'h2', 'h2', 'h2', 'h3', 'h3', 'h2', 'h2', 'h2', 'h2', 'h2'])
H123:
[[1, 0, 0, 0, 0, 0, 0, 0, 0, 0, 0, 0, 0, 0, 0], [0, 0, 1, 3, 0, 1, 2, 9, 0, 0, 2, 7, 2, 1, 6], [0, 2, 0, 0, 1, 0, 0, 0, 3, 2, 0, 0, 0, 0, 0]]
H123-compact:
([1, 2, 1, 3, 1, 1, 2, 9, 3, 2, 2, 7, 2, 6, 1], ['h1', 'h3', 'h2', 'h2', 'h3', 'h2', 'h2', 'h2', 'h3', 'h3', 'h2', 'h2', 'h2', 'h2', 'h2'])
H123:
[[1, 0, 0, 0, 0, 0, 0, 0, 0, 0, 0, 0, 0, 0, 0], [0, 0, 1, 3, 0, 1, 2, 9, 0, 0, 2, 7, 2, 6, 1], [0, 2, 0, 0, 1, 0, 0, 0, 3, 2, 0, 0, 0, 0, 0]]
H123-compact:
([1, 2, 1, 3, 1, 1, 2, 9, 3, 2, 2, 5, 2, 1, 6], ['h1', 'h3', 'h2', 'h2', 'h3', 'h2', 'h2', 'h2', 'h3', 'h3', 'h2', 'h2', 'h2', 'h2', 'h2'])
H123:
[[1, 0, 0, 0, 0, 0, 0, 0, 0, 0, 0, 0, 0, 0, 0], [0, 0, 1, 3, 0, 1, 2, 9, 0, 0, 2, 5, 2, 1, 6], [0, 2, 0, 0, 1, 0, 0, 0, 3, 2, 0, 0, 0, 0, 0]]
H123-compact:
([1, 2, 1, 3, 1, 1, 2, 9, 3, 2, 2, 7, 2, 1, 6], ['h1', 'h3', 'h2', 'h2', 'h3', 'h2', 'h2', 'h2', 'h3', 'h3', 'h2', 'h2', 'h2', 'h2', 'h2'])
H123:
[[1, 0, 0, 0, 0, 0, 0, 0, 0, 0, 0, 0, 0, 0, 0], [0, 0, 1, 3, 0, 1, 2, 9, 0, 0, 2, 7, 2, 1, 6], [0, 2, 0, 0, 1, 0, 0, 0, 3, 2, 0, 0, 0, 0, 0]]
H123-compact:
([1, 2, 1, 3, 1, 2, 8, 1, 3, 2, 2, 7, 2, 6, 1], ['h1', 'h3', 'h2', 'h2', 'h3', 'h2', 'h2', 'h2', 'h3', 'h3', 'h2', 'h2', 'h2', 'h2', 'h2'])
H123:
[[1, 0, 0, 0, 0, 0, 0, 0, 0, 0, 0, 0, 0, 0, 0], [0, 0, 1, 3, 0, 2, 8, 1, 0, 0, 2, 7, 2, 6, 1], [0, 2, 0, 0, 1, 0, 0, 0, 3, 2, 0, 0, 0, 0, 0]]
H123-compact:
([1, 2, 1, 3, 1, 1, 2, 9, 3, 2, 2, 7, 2, 1, 6], ['h1', 'h3', 'h2', 'h2', 'h3', 'h2', 'h2', 'h2', 'h3', 'h3', 'h2', 'h2', 'h2', 'h2', 'h2'])
H123:
[[1, 0, 0, 0, 0, 0, 0, 0, 0, 0, 0, 0, 0, 0, 0], [0, 0, 1, 3, 0, 1, 2, 9, 0, 0, 2, 7, 2, 1, 6], [0, 2, 0, 0, 1, 0, 0, 0, 3, 2, 0, 0, 0, 0, 0]]
H123-compact:
([1, 2, 1, 3, 1, 1, 2, 8, 3, 2, 2, 8, 1, 2, 1, 6], ['h1', 'h3', 'h2', 'h2', 'h3', 'h2', 'h2', 'h2', 'h3', 'h3', 'h2', 'h2', 'h3', 'h2', 'h2', 'h2'])
H123:
[[1, 0, 0, 0, 0, 0, 0, 0, 0, 0, 0, 0, 0, 0, 0, 0], [0, 0, 1, 3, 0, 1, 2, 8, 0, 0, 2, 8, 0, 2, 1, 6], [0, 2, 0, 0, 1, 0, 0, 0, 3, 2, 0, 0, 1, 0, 0, 0]]
H123-compact:
([1, 2, 1, 3, 1, 1, 2, 9, 3, 2, 2, 7, 2, 1, 6], ['h1', 'h3', 'h2', 'h2', 'h3', 'h2', 'h2', 'h2', 'h3', 'h3', 'h2', 'h2', 'h2', 'h2', 'h2'])
H123:
[[1, 0, 0, 0, 0, 0, 0, 0, 0, 0, 0, 0, 0, 0, 0], [0, 0, 1, 3, 0, 1, 2, 9, 0, 0, 2, 7, 2, 1, 6], [0, 2, 0, 0, 1, 0, 0, 0, 3, 2, 0, 0, 0, 0, 0]]
H123-compact:
([1, 2, 1, 3, 1, 1, 2, 8, 3, 2, 2, 9, 2, 1, 6], ['h1', 'h3', 'h2', 'h2', 'h3', 'h2', 'h2', 'h2', 'h3', 'h3', 'h2', 'h2', 'h2', 'h2', 'h2'])
H123:
[[1, 0, 0, 0, 0, 0, 0, 0, 0, 0, 0, 0, 0, 0, 0], [0, 0, 1, 3, 0, 1, 2, 8, 0, 0, 2, 9, 2, 1, 6], [0, 2, 0, 0, 1, 0, 0, 0, 3, 2, 0, 0, 0, 0, 0]]

