H123-compact:
([1, 1, 4, 72, 6, 6, 1, 1, 1, 1, 1, 1, 1, 2, 1, 1, 1, 3, 2, 6, 2], ['h1', 'h3', 'h2', 'h3', 'h2', 'h2', 'h2', 'h2', 'h2', 'h2', 'h2', 'h2', 'h2', 'h2', 'h2', 'h2', 'h2', 'h2', 'h3', 'h2', 'h2'])
H123:
[[1, 0, 0, 0, 0, 0, 0, 0, 0, 0, 0, 0, 0, 0, 0, 0, 0, 0, 0, 0, 0], [0, 0, 4, 0, 6, 6, 1, 1, 1, 1, 1, 1, 1, 2, 1, 1, 1, 3, 0, 6, 2], [0, 1, 0, 72, 0, 0, 0, 0, 0, 0, 0, 0, 0, 0, 0, 0, 0, 0, 2, 0, 0]]
H123-compact:
([1, 1, 4, 6, 70, 6, 1, 1, 1, 1, 1, 1, 1, 2, 1, 1, 1, 3, 2, 8], ['h1', 'h3', 'h2', 'h2', 'h3', 'h2', 'h2', 'h2', 'h2', 'h2', 'h2', 'h2', 'h2', 'h2', 'h2', 'h2', 'h2', 'h2', 'h3', 'h2'])
H123:
[[1, 0, 0, 0, 0, 0, 0, 0, 0, 0, 0, 0, 0, 0, 0, 0, 0, 0, 0, 0], [0, 0, 4, 6, 0, 6, 1, 1, 1, 1, 1, 1, 1, 2, 1, 1, 1, 3, 0, 8], [0, 1, 0, 0, 70, 0, 0, 0, 0, 0, 0, 0, 0, 0, 0, 0, 0, 0, 2, 0]]
H123-compact:
([1, 1, 4, 70, 6, 6, 1, 1, 1, 1, 1, 2, 1, 2, 1, 1, 1, 4, 6, 2, 2], ['h1', 'h3', 'h2', 'h3', 'h2', 'h2', 'h2', 'h2', 'h2', 'h2', 'h2', 'h2', 'h2', 'h2', 'h2', 'h2', 'h2', 'h2', 'h2', 'h2', 'h2'])
H123:
[[1, 0, 0, 0, 0, 0, 0, 0, 0, 0, 0, 0, 0, 0, 0, 0, 0, 0, 0, 0, 0], [0, 0, 4, 0, 6, 6, 1, 1, 1, 1, 1, 2, 1, 2, 1, 1, 1, 4, 6, 2, 2], [0, 1, 0, 70, 0, 0, 0, 0, 0, 0, 0, 0, 0, 0, 0, 0, 0, 0, 0, 0, 0]]
H123-compact:
([1, 1, 4, 73, 6, 6, 1, 1, 1, 1, 2, 1, 1, 2, 2, 1, 1, 3, 6, 2, 2], ['h1', 'h3', 'h2', 'h3', 'h2', 'h2', 'h2', 'h2', 'h2', 'h2', 'h2', 'h2', 'h2', 'h2', 'h2', 'h2', 'h2', 'h2', 'h2', 'h2', 'h2'])
H123:
[[1, 0, 0, 0, 0, 0, 0, 0, 0, 0, 0, 0, 0, 0, 0, 0, 0, 0, 0, 0, 0], [0, 0, 4, 0, 6, 6, 1, 1, 1, 1, 2, 1, 1, 2, 2, 1, 1, 3, 6, 2, 2], [0, 1, 0, 73, 0, 0, 0, 0, 0, 0, 0, 0, 0, 0, 0, 0, 0, 0, 0, 0, 0]]
H123-compact:
([1, 1, 4, 77, 6, 6, 1, 1, 1, 1, 1, 1, 1, 2, 1, 1, 2, 4, 5, 2], ['h1', 'h3', 'h2', 'h3', 'h2', 'h2', 'h2', 'h2', 'h2', 'h2', 'h2', 'h2', 'h2', 'h2', 'h2', 'h2', 'h2', 'h2', 'h2', 'h2'])
H123:
[[1, 0, 0, 0, 0, 0, 0, 0, 0, 0, 0, 0, 0, 0, 0, 0, 0, 0, 0, 0], [0, 0, 4, 0, 6, 6, 1, 1, 1, 1, 1, 1, 1, 2, 1, 1, 2, 4, 5, 2], [0, 1, 0, 77, 0, 0, 0, 0, 0, 0, 0, 0, 0, 0, 0, 0, 0, 0, 0, 0]]
H123-compact:
([1, 1, 4, 70, 6, 5, 1, 1, 1, 1, 1, 1, 1, 2, 1, 1, 1, 4, 6, 3, 2], ['h1', 'h3', 'h2', 'h3', 'h2', 'h2', 'h2', 'h2', 'h2', 'h2', 'h2', 'h2', 'h2', 'h2', 'h2', 'h2', 'h2', 'h2', 'h2', 'h2', 'h2'])
H123:
[[1, 0, 0, 0, 0, 0, 0, 0, 0, 0, 0, 0, 0, 0, 0, 0, 0, 0, 0, 0, 0], [0, 0, 4, 0, 6, 5, 1, 1, 1, 1, 1, 1, 1, 2, 1, 1, 1, 4, 6, 3, 2], [0, 1, 0, 70, 0, 0, 0, 0, 0, 0, 0, 0, 0, 0, 0, 0, 0, 0, 0, 0, 0]]
H123-compact:
([1, 1, 4, 70, 6, 6, 1, 1, 1, 1, 1, 1, 1, 2, 1, 1, 1, 5, 6, 2, 2], ['h1', 'h3', 'h2', 'h3', 'h2', 'h2', 'h2', 'h2', 'h2', 'h2', 'h2', 'h2', 'h2', 'h2', 'h2', 'h2', 'h2', 'h2', 'h2', 'h3', 'h2'])
H123:
[[1, 0, 0, 0, 0, 0, 0, 0, 0, 0, 0, 0, 0, 0, 0, 0, 0, 0, 0, 0, 0], [0, 0, 4, 0, 6, 6, 1, 1, 1, 1, 1, 1, 1, 2, 1, 1, 1, 5, 6, 0, 2], [0, 1, 0, 70, 0, 0, 0, 0, 0, 0, 0, 0, 0, 0, 0, 0, 0, 0, 0, 2, 0]]
H123-compact:
([1, 1, 4, 71, 6, 1, 6, 1, 1, 1, 1, 1, 1, 2, 1, 1, 1, 5, 6], ['h1', 'h3', 'h2', 'h3', 'h2', 'h2', 'h2', 'h2', 'h2', 'h2', 'h2', 'h2', 'h2', 'h2', 'h2', 'h2', 'h2', 'h2', 'h2'])
H123:
[[1, 0, 0, 0, 0, 0, 0, 0, 0, 0, 0, 0, 0, 0, 0, 0, 0, 0, 0], [0, 0, 4, 0, 6, 1, 6, 1, 1, 1, 1, 1, 1, 2, 1, 1, 1, 5, 6], [0, 1, 0, 71, 0, 0, 0, 0, 0, 0, 0, 0, 0, 0, 0, 0, 0, 0, 0]]
H123-compact:
([1, 1, 4, 74, 6, 6, 1, 1, 1, 1, 1, 1, 1, 2, 1, 1, 1, 3, 6, 2], ['h1', 'h3', 'h2', 'h3', 'h2', 'h2', 'h2', 'h2', 'h2', 'h2', 'h2', 'h2', 'h2', 'h2', 'h2', 'h2', 'h2', 'h2', 'h2', 'h2'])
H123:
[[1, 0, 0, 0, 0, 0, 0, 0, 0, 0, 0, 0, 0, 0, 0, 0, 0, 0, 0, 0], [0, 0, 4, 0, 6, 6, 1, 1, 1, 1, 1, 1, 1, 2, 1, 1, 1, 3, 6, 2], [0, 1, 0, 74, 0, 0, 0, 0, 0, 0, 0, 0, 0, 0, 0, 0, 0, 0, 0, 0]]
H123-compact:
([1, 1, 4, 70, 6, 6, 1, 1, 1, 1, 1, 1, 1, 2, 1, 1, 1, 3, 6, 2], ['h1', 'h3', 'h2', 'h3', 'h2', 'h2', 'h2', 'h2', 'h2', 'h2', 'h2', 'h2', 'h2', 'h2', 'h2', 'h2', 'h2', 'h2', 'h2', 'h2'])
H123:
[[1, 0, 0, 0, 0, 0, 0, 0, 0, 0, 0, 0, 0, 0, 0, 0, 0, 0, 0, 0], [0, 0, 4, 0, 6, 6, 1, 1, 1, 1, 1, 1, 1, 2, 1, 1, 1, 3, 6, 2], [0, 1, 0, 70, 0, 0, 0, 0, 0, 0, 0, 0, 0, 0, 0, 0, 0, 0, 0, 0]]
H123-compact:
([1, 1, 4, 70, 6, 6, 1, 1, 1, 1, 1, 1, 1, 2, 1, 1, 1, 5, 6, 2, 2], ['h1', 'h3', 'h2', 'h3', 'h2', 'h2', 'h2', 'h2', 'h2', 'h2', 'h2', 'h2', 'h2', 'h2', 'h2', 'h2', 'h2', 'h2', 'h2', 'h2', 'h2'])
H123:
[[1, 0, 0, 0, 0, 0, 0, 0, 0, 0, 0, 0, 0, 0, 0, 0, 0, 0, 0, 0, 0], [0, 0, 4, 0, 6, 6, 1, 1, 1, 1, 1, 1, 1, 2, 1, 1, 1, 5, 6, 2, 2], [0, 1, 0, 70, 0, 0, 0, 0, 0, 0, 0, 0, 0, 0, 0, 0, 0, 0, 0, 0, 0]]
H123-compact:
([1, 1, 4, 71, 6, 6, 1, 1, 1, 1, 1, 1, 1, 2, 1, 1, 1, 3, 6, 1, 2], ['h1', 'h3', 'h2', 'h3', 'h2', 'h2', 'h2', 'h2', 'h2', 'h2', 'h2', 'h2', 'h2', 'h2', 'h2', 'h2', 'h2', 'h2', 'h2', 'h1', 'h2'])
H123:
[[1, 0, 0, 0, 0, 0, 0, 0, 0, 0, 0, 0, 0, 0, 0, 0, 0, 0, 0, 1, 0], [0, 0, 4, 0, 6, 6, 1, 1, 1, 1, 1, 1, 1, 2, 1, 1, 1, 3, 6, 0, 2], [0, 1, 0, 71, 0, 0, 0, 0, 0, 0, 0, 0, 0, 0, 0, 0, 0, 0, 0, 0, 0]]
H123-compact:
([1, 1, 4, 74, 6, 1, 6, 1, 1, 1, 1, 1, 1, 1, 2, 1, 1, 1, 3, 6, 2], ['h1', 'h3', 'h2', 'h3', 'h2', 'h3', 'h2', 'h2', 'h2', 'h2', 'h2', 'h2', 'h2', 'h2', 'h2', 'h2', 'h2', 'h2', 'h2', 'h2', 'h2'])
H123:
[[1, 0, 0, 0, 0, 0, 0, 0, 0, 0, 0, 0, 0, 0, 0, 0, 0, 0, 0, 0, 0], [0, 0, 4, 0, 6, 0, 6, 1, 1, 1, 1, 1, 1, 1, 2, 1, 1, 1, 3, 6, 2], [0, 1, 0, 74, 0, 1, 0, 0, 0, 0, 0, 0, 0, 0, 0, 0, 0, 0, 0, 0, 0]]
H123-compact:
([1, 1, 4, 70, 6, 1, 6, 1, 1, 1, 1, 1, 1, 1, 2, 1, 1, 1, 3, 6, 2, 2], ['h1', 'h3', 'h2', 'h3', 'h2', 'h3', 'h2', 'h2', 'h2', 'h2', 'h2', 'h2', 'h2', 'h2', 'h2', 'h2', 'h2', 'h2', 'h2', 'h2', 'h2', 'h2'])
H123:
[[1, 0, 0, 0, 0, 0, 0, 0, 0, 0, 0, 0, 0, 0, 0, 0, 0, 0, 0, 0, 0, 0], [0, 0, 4, 0, 6, 0, 6, 1, 1, 1, 1, 1, 1, 1, 2, 1, 1, 1, 3, 6, 2, 2], [0, 1, 0, 70, 0, 1, 0, 0, 0, 0, 0, 0, 0, 0, 0, 0, 0, 0, 0, 0, 0, 0]]
H123-compact:
([1, 1, 4, 70, 6, 6, 1, 1, 1, 1, 1, 1, 1, 2, 1, 1, 1, 3, 2, 6, 2, 2], ['h1', 'h3', 'h2', 'h3', 'h2', 'h2', 'h2', 'h2', 'h2', 'h2', 'h2', 'h2', 'h2', 'h2', 'h2', 'h2', 'h2', 'h2', 'h3', 'h2', 'h2', 'h2'])
H123:
[[1, 0, 0, 0, 0, 0, 0, 0, 0, 0, 0, 0, 0, 0, 0, 0, 0, 0, 0, 0, 0, 0], [0, 0, 4, 0, 6, 6, 1, 1, 1, 1, 1, 1, 1, 2, 1, 1, 1, 3, 0, 6, 2, 2], [0, 1, 0, 70, 0, 0, 0, 0, 0, 0, 0, 0, 0, 0, 0, 0, 0, 0, 2, 0, 0, 0]]
H123-compact:
([1, 1, 4, 70, 6, 6, 1, 1, 1, 1, 1, 1, 1, 2, 1, 1, 1, 3, 6], ['h1', 'h3', 'h2', 'h3', 'h2', 'h2', 'h2', 'h2', 'h2', 'h2', 'h2', 'h2', 'h2', 'h2', 'h2', 'h2', 'h2', 'h2', 'h2'])
H123:
[[1, 0, 0, 0, 0, 0, 0, 0, 0, 0, 0, 0, 0, 0, 0, 0, 0, 0, 0], [0, 0, 4, 0, 6, 6, 1, 1, 1, 1, 1, 1, 1, 2, 1, 1, 1, 3, 6], [0, 1, 0, 70, 0, 0, 0, 0, 0, 0, 0, 0, 0, 0, 0, 0, 0, 0, 0]]
H123-compact:
([1, 1, 4, 71, 6, 1, 6, 1, 1, 1, 1, 1, 1, 2, 1, 1, 1, 3, 2, 5], ['h1', 'h3', 'h2', 'h3', 'h2', 'h2', 'h2', 'h2', 'h2', 'h2', 'h2', 'h2', 'h2', 'h2', 'h2', 'h2', 'h2', 'h2', 'h3', 'h2'])
H123:
[[1, 0, 0, 0, 0, 0, 0, 0, 0, 0, 0, 0, 0, 0, 0, 0, 0, 0, 0, 0], [0, 0, 4, 0, 6, 1, 6, 1, 1, 1, 1, 1, 1, 2, 1, 1, 1, 3, 0, 5], [0, 1, 0, 71, 0, 0, 0, 0, 0, 0, 0, 0, 0, 0, 0, 0, 0, 0, 2, 0]]
H123-compact:
([1, 1, 4, 70, 6, 6, 1, 1, 1, 1, 1, 1, 1, 2, 1, 1, 1, 3, 6, 2], ['h1', 'h3', 'h2', 'h3', 'h2', 'h2', 'h2', 'h2', 'h2', 'h2', 'h2', 'h2', 'h2', 'h2', 'h2', 'h2', 'h2', 'h2', 'h2', 'h2'])
H123:
[[1, 0, 0, 0, 0, 0, 0, 0, 0, 0, 0, 0, 0, 0, 0, 0, 0, 0, 0, 0], [0, 0, 4, 0, 6, 6, 1, 1, 1, 1, 1, 1, 1, 2, 1, 1, 1, 3, 6, 2], [0, 1, 0, 70, 0, 0, 0, 0, 0, 0, 0, 0, 0, 0, 0, 0, 0, 0, 0, 0]]
H123-compact:
([1, 1, 4, 71, 6, 6, 1, 1, 1, 1, 1, 1, 1, 2, 1, 1, 1, 3, 6, 2, 2], ['h1', 'h3', 'h2', 'h3', 'h2', 'h2', 'h2', 'h2', 'h2', 'h2', 'h2', 'h2', 'h2', 'h2', 'h2', 'h2', 'h2', 'h2', 'h2', 'h2', 'h2'])
H123:
[[1, 0, 0, 0, 0, 0, 0, 0, 0, 0, 0, 0, 0, 0, 0, 0, 0, 0, 0, 0, 0], [0, 0, 4, 0, 6, 6, 1, 1, 1, 1, 1, 1, 1, 2, 1, 1, 1, 3, 6, 2, 2], [0, 1, 0, 71, 0, 0, 0, 0, 0, 0, 0, 0, 0, 0, 0, 0, 0, 0, 0, 0, 0]]
H123-compact:
([1, 1, 4, 70, 6, 5, 1, 1, 1, 1, 1, 2, 1, 1, 1, 1, 1, 3, 6, 2], ['h1', 'h3', 'h2', 'h3', 'h2', 'h2', 'h2', 'h2', 'h2', 'h2', 'h2', 'h2', 'h2', 'h2', 'h2', 'h2', 'h2', 'h2', 'h2', 'h2'])
H123:
[[1, 0, 0, 0, 0, 0, 0, 0, 0, 0, 0, 0, 0, 0, 0, 0, 0, 0, 0, 0], [0, 0, 4, 0, 6, 5, 1, 1, 1, 1, 1, 2, 1, 1, 1, 1, 1, 3, 6, 2], [0, 1, 0, 70, 0, 0, 0, 0, 0, 0, 0, 0, 0, 0, 0, 0, 0, 0, 0, 0]]

