H123-compact:
([1, 1, 373, 9, 18, 24, 10, 2, 1, 1, 2, 1, 1, 51, 1, 1, 1, 6, 1, 2, 2, 1, 1, 1, 2, 1, 2, 2, 3, 4, 1, 1, 3, 1, 8, 2], ['h1', 'h3', 'h2', 'h2', 'h2', 'h2', 'h2', 'h2', 'h2', 'h2', 'h2', 'h2', 'h3', 'h3', 'h2', 'h2', 'h2', 'h2', 'h2', 'h3', 'h2', 'h2', 'h2', 'h2', 'h2', 'h3', 'h2', 'h2', 'h2', 'h3', 'h3', 'h3', 'h2', 'h2', 'h3', 'h2'])
H123:
[[1, 0, 0, 0, 0, 0, 0, 0, 0, 0, 0, 0, 0, 0, 0, 0, 0, 0, 0, 0, 0, 0, 0, 0, 0, 0, 0, 0, 0, 0, 0, 0, 0, 0, 0, 0], [0, 0, 373, 9, 18, 24, 10, 2, 1, 1, 2, 1, 0, 0, 1, 1, 1, 6, 1, 0, 2, 1, 1, 1, 2, 0, 2, 2, 3, 0, 0, 0, 3, 1, 0, 2], [0, 1, 0, 0, 0, 0, 0, 0, 0, 0, 0, 0, 1, 51, 0, 0, 0, 0, 0, 2, 0, 0, 0, 0, 0, 1, 0, 0, 0, 4, 1, 1, 0, 0, 8, 0]]
H123-compact:
([1, 1, 374, 14, 24, 14, 2, 2, 10, 1, 1, 1, 1, 1, 2, 1, 51, 1, 5, 2, 1, 1, 1, 1, 1, 2, 1, 3, 1, 2, 1, 4, 3, 1, 8, 2], ['h1', 'h3', 'h2', 'h2', 'h2', 'h2', 'h2', 'h2', 'h2', 'h2', 'h2', 'h3', 'h2', 'h2', 'h2', 'h2', 'h3', 'h2', 'h2', 'h3', 'h2', 'h2', 'h2', 'h2', 'h3', 'h2', 'h3', 'h2', 'h3', 'h2', 'h3', 'h3', 'h2', 'h2', 'h3', 'h2'])
H123:
[[1, 0, 0, 0, 0, 0, 0, 0, 0, 0, 0, 0, 0, 0, 0, 0, 0, 0, 0, 0, 0, 0, 0, 0, 0, 0, 0, 0, 0, 0, 0, 0, 0, 0, 0, 0], [0, 0, 374, 14, 24, 14, 2, 2, 10, 1, 1, 0, 1, 1, 2, 1, 0, 1, 5, 0, 1, 1, 1, 1, 0, 2, 0, 3, 0, 2, 0, 0, 3, 1, 0, 2], [0, 1, 0, 0, 0, 0, 0, 0, 0, 0, 0, 1, 0, 0, 0, 0, 51, 0, 0, 2, 0, 0, 0, 0, 1, 0, 1, 0, 1, 0, 1, 4, 0, 0, 8, 0]]
H123-compact:
([1, 1, 373, 18, 11, 24, 13, 2, 2, 1, 1, 1, 1, 2, 51, 1, 1, 1, 5, 1, 2, 1, 1, 2, 1, 3, 1, 2, 1, 4, 3, 2, 8, 2], ['h1', 'h3', 'h2', 'h2', 'h2', 'h2', 'h2', 'h2', 'h2', 'h2', 'h3', 'h2', 'h2', 'h2', 'h3', 'h2', 'h2', 'h2', 'h2', 'h2', 'h3', 'h2', 'h3', 'h2', 'h3', 'h2', 'h3', 'h2', 'h3', 'h3', 'h2', 'h2', 'h3', 'h2'])
H123:
[[1, 0, 0, 0, 0, 0, 0, 0, 0, 0, 0, 0, 0, 0, 0, 0, 0, 0, 0, 0, 0, 0, 0, 0, 0, 0, 0, 0, 0, 0, 0, 0, 0, 0], [0, 0, 373, 18, 11, 24, 13, 2, 2, 1, 0, 1, 1, 2, 0, 1, 1, 1, 5, 1, 0, 1, 0, 2, 0, 3, 0, 2, 0, 0, 3, 2, 0, 2], [0, 1, 0, 0, 0, 0, 0, 0, 0, 0, 1, 0, 0, 0, 51, 0, 0, 0, 0, 0, 2, 0, 1, 0, 1, 0, 1, 0, 1, 4, 0, 0, 8, 0]]
H123-compact:
([1, 1, 371, 16, 13, 25, 10, 2, 1, 1, 1, 1, 52, 1, 1, 5, 2, 2, 1, 1, 1, 1, 1, 2, 2, 6, 1, 4, 3, 1, 8, 2, 2], ['h1', 'h3', 'h2', 'h2', 'h2', 'h2', 'h2', 'h2', 'h2', 'h2', 'h3', 'h2', 'h3', 'h2', 'h2', 'h2', 'h3', 'h2', 'h2', 'h2', 'h2', 'h3', 'h3', 'h2', 'h2', 'h2', 'h3', 'h3', 'h2', 'h2', 'h3', 'h2', 'h2'])
H123:
[[1, 0, 0, 0, 0, 0, 0, 0, 0, 0, 0, 0, 0, 0, 0, 0, 0, 0, 0, 0, 0, 0, 0, 0, 0, 0, 0, 0, 0, 0, 0, 0, 0], [0, 0, 371, 16, 13, 25, 10, 2, 1, 1, 0, 1, 0, 1, 1, 5, 0, 2, 1, 1, 1, 0, 0, 2, 2, 6, 0, 0, 3, 1, 0, 2, 2], [0, 1, 0, 0, 0, 0, 0, 0, 0, 0, 1, 0, 52, 0, 0, 0, 2, 0, 0, 0, 0, 1, 1, 0, 0, 0, 1, 4, 0, 0, 8, 0, 0]]
H123-compact:
([1, 1, 365, 9, 19, 24, 2, 11, 2, 1, 1, 1, 49, 1, 5, 1, 2, 1, 10, 2, 1, 1, 12, 4, 4, 4, 1, 1, 2, 1, 1, 1, 2, 4, 4, 1, 3, 8, 1, 1, 2], ['h1', 'h2', 'h2', 'h2', 'h2', 'h2', 'h2', 'h2', 'h2', 'h2', 'h2', 'h3', 'h3', 'h2', 'h2', 'h2', 'h3', 'h2', 'h1', 'h2', 'h2', 'h2', 'h1', 'h1', 'h1', 'h1', 'h2', 'h3', 'h2', 'h3', 'h3', 'h3', 'h2', 'h2', 'h3', 'h3', 'h2', 'h3', 'h2', 'h1', 'h2'])
H123:
[[1, 0, 0, 0, 0, 0, 0, 0, 0, 0, 0, 0, 0, 0, 0, 0, 0, 0, 10, 0, 0, 0, 12, 4, 4, 4, 0, 0, 0, 0, 0, 0, 0, 0, 0, 0, 0, 0, 0, 1, 0], [0, 1, 365, 9, 19, 24, 2, 11, 2, 1, 1, 0, 0, 1, 5, 1, 0, 1, 0, 2, 1, 1, 0, 0, 0, 0, 1, 0, 2, 0, 0, 0, 2, 4, 0, 0, 3, 0, 1, 0, 2], [0, 0, 0, 0, 0, 0, 0, 0, 0, 0, 0, 1, 49, 0, 0, 0, 2, 0, 0, 0, 0, 0, 0, 0, 0, 0, 0, 1, 0, 1, 1, 1, 0, 0, 4, 1, 0, 8, 0, 0, 0]]
H123-compact:
([1, 1, 369, 11, 24, 17, 11, 2, 1, 2, 1, 1, 1, 50, 1, 1, 5, 1, 2, 1, 1, 1, 1, 2, 1, 1, 3, 2, 1, 4, 4, 1, 8, 2], ['h1', 'h3', 'h2', 'h2', 'h2', 'h2', 'h2', 'h2', 'h2', 'h2', 'h2', 'h3', 'h2', 'h3', 'h2', 'h2', 'h2', 'h3', 'h2', 'h2', 'h2', 'h2', 'h3', 'h2', 'h3', 'h3', 'h2', 'h2', 'h3', 'h3', 'h2', 'h2', 'h3', 'h2'])
H123:
[[1, 0, 0, 0, 0, 0, 0, 0, 0, 0, 0, 0, 0, 0, 0, 0, 0, 0, 0, 0, 0, 0, 0, 0, 0, 0, 0, 0, 0, 0, 0, 0, 0, 0], [0, 0, 369, 11, 24, 17, 11, 2, 1, 2, 1, 0, 1, 0, 1, 1, 5, 0, 2, 1, 1, 1, 0, 2, 0, 0, 3, 2, 0, 0, 4, 1, 0, 2], [0, 1, 0, 0, 0, 0, 0, 0, 0, 0, 0, 1, 0, 50, 0, 0, 0, 1, 0, 0, 0, 0, 1, 0, 1, 1, 0, 0, 1, 4, 0, 0, 8, 0]]
H123-compact:
([1, 1, 370, 11, 15, 24, 10, 2, 1, 1, 2, 1, 1, 52, 1, 1, 5, 1, 1, 1, 2, 1, 1, 1, 1, 2, 1, 1, 2, 2, 1, 4, 3, 1, 8, 2], ['h1', 'h3', 'h2', 'h2', 'h2', 'h2', 'h2', 'h2', 'h2', 'h2', 'h2', 'h3', 'h2', 'h3', 'h2', 'h2', 'h2', 'h2', 'h2', 'h3', 'h2', 'h2', 'h2', 'h2', 'h3', 'h2', 'h3', 'h3', 'h2', 'h2', 'h3', 'h3', 'h2', 'h2', 'h3', 'h2'])
H123:
[[1, 0, 0, 0, 0, 0, 0, 0, 0, 0, 0, 0, 0, 0, 0, 0, 0, 0, 0, 0, 0, 0, 0, 0, 0, 0, 0, 0, 0, 0, 0, 0, 0, 0, 0, 0], [0, 0, 370, 11, 15, 24, 10, 2, 1, 1, 2, 0, 1, 0, 1, 1, 5, 1, 1, 0, 2, 1, 1, 1, 0, 2, 0, 0, 2, 2, 0, 0, 3, 1, 0, 2], [0, 1, 0, 0, 0, 0, 0, 0, 0, 0, 0, 1, 0, 52, 0, 0, 0, 0, 0, 1, 0, 0, 0, 0, 1, 0, 1, 1, 0, 0, 1, 4, 0, 0, 8, 0]]
H123-compact:
([1, 1, 371, 13, 23, 17, 9, 2, 1, 1, 1, 1, 2, 1, 52, 1, 5, 2, 1, 2, 1, 1, 1, 1, 1, 2, 1, 2, 2, 1, 1, 4, 3, 1, 8, 2], ['h1', 'h3', 'h2', 'h2', 'h2', 'h2', 'h2', 'h2', 'h2', 'h2', 'h2', 'h3', 'h2', 'h2', 'h3', 'h2', 'h2', 'h3', 'h2', 'h2', 'h2', 'h2', 'h2', 'h2', 'h3', 'h2', 'h3', 'h2', 'h2', 'h3', 'h3', 'h3', 'h2', 'h2', 'h3', 'h2'])
H123:
[[1, 0, 0, 0, 0, 0, 0, 0, 0, 0, 0, 0, 0, 0, 0, 0, 0, 0, 0, 0, 0, 0, 0, 0, 0, 0, 0, 0, 0, 0, 0, 0, 0, 0, 0, 0], [0, 0, 371, 13, 23, 17, 9, 2, 1, 1, 1, 0, 2, 1, 0, 1, 5, 0, 1, 2, 1, 1, 1, 1, 0, 2, 0, 2, 2, 0, 0, 0, 3, 1, 0, 2], [0, 1, 0, 0, 0, 0, 0, 0, 0, 0, 0, 1, 0, 0, 52, 0, 0, 2, 0, 0, 0, 0, 0, 0, 1, 0, 1, 0, 0, 1, 1, 4, 0, 0, 8, 0]]
H123-compact:
([1, 1, 369, 17, 9, 25, 8, 2, 1, 1, 1, 1, 52, 1, 1, 6, 1, 1, 1, 2, 1, 1, 1, 2, 1, 1, 1, 2, 3, 1, 4, 3, 1, 8, 2, 2], ['h1', 'h3', 'h2', 'h2', 'h2', 'h2', 'h2', 'h2', 'h2', 'h2', 'h2', 'h3', 'h3', 'h2', 'h2', 'h2', 'h3', 'h2', 'h2', 'h2', 'h2', 'h2', 'h2', 'h2', 'h3', 'h3', 'h3', 'h2', 'h2', 'h3', 'h3', 'h2', 'h2', 'h3', 'h2', 'h2'])
H123:
[[1, 0, 0, 0, 0, 0, 0, 0, 0, 0, 0, 0, 0, 0, 0, 0, 0, 0, 0, 0, 0, 0, 0, 0, 0, 0, 0, 0, 0, 0, 0, 0, 0, 0, 0, 0], [0, 0, 369, 17, 9, 25, 8, 2, 1, 1, 1, 0, 0, 1, 1, 6, 0, 1, 1, 2, 1, 1, 1, 2, 0, 0, 0, 2, 3, 0, 0, 3, 1, 0, 2, 2], [0, 1, 0, 0, 0, 0, 0, 0, 0, 0, 0, 1, 52, 0, 0, 0, 1, 0, 0, 0, 0, 0, 0, 0, 1, 1, 1, 0, 0, 1, 4, 0, 0, 8, 0, 0]]
H123-compact:
([1, 1, 372, 16, 11, 24, 2, 11, 2, 1, 1, 2, 1, 1, 1, 1, 1, 1, 2, 2, 1, 4, 3, 1, 9, 1, 2, 47, 1, 1, 2, 2, 6, 1], ['h1', 'h3', 'h2', 'h2', 'h2', 'h2', 'h2', 'h2', 'h2', 'h2', 'h2', 'h2', 'h2', 'h2', 'h2', 'h2', 'h3', 'h3', 'h2', 'h2', 'h3', 'h3', 'h2', 'h2', 'h3', 'h2', 'h2', 'h3', 'h2', 'h3', 'h2', 'h2', 'h2', 'h3'])
H123:
[[1, 0, 0, 0, 0, 0, 0, 0, 0, 0, 0, 0, 0, 0, 0, 0, 0, 0, 0, 0, 0, 0, 0, 0, 0, 0, 0, 0, 0, 0, 0, 0, 0, 0], [0, 0, 372, 16, 11, 24, 2, 11, 2, 1, 1, 2, 1, 1, 1, 1, 0, 0, 2, 2, 0, 0, 3, 1, 0, 1, 2, 0, 1, 0, 2, 2, 6, 0], [0, 1, 0, 0, 0, 0, 0, 0, 0, 0, 0, 0, 0, 0, 0, 0, 1, 1, 0, 0, 1, 4, 0, 0, 9, 0, 0, 47, 0, 1, 0, 0, 0, 1]]
H123-compact:
([1, 1, 365, 24, 18, 13, 11, 2, 2, 1, 1, 1, 1, 1, 49, 1, 2, 1, 1, 1, 2, 1, 2, 1, 2, 3, 1, 4, 3, 1, 9, 2, 6, 2], ['h1', 'h3', 'h2', 'h2', 'h2', 'h2', 'h2', 'h2', 'h2', 'h2', 'h2', 'h3', 'h2', 'h2', 'h3', 'h2', 'h2', 'h2', 'h2', 'h2', 'h2', 'h3', 'h2', 'h3', 'h2', 'h2', 'h3', 'h3', 'h2', 'h2', 'h3', 'h2', 'h2', 'h3'])
H123:
[[1, 0, 0, 0, 0, 0, 0, 0, 0, 0, 0, 0, 0, 0, 0, 0, 0, 0, 0, 0, 0, 0, 0, 0, 0, 0, 0, 0, 0, 0, 0, 0, 0, 0], [0, 0, 365, 24, 18, 13, 11, 2, 2, 1, 1, 0, 1, 1, 0, 1, 2, 1, 1, 1, 2, 0, 2, 0, 2, 3, 0, 0, 3, 1, 0, 2, 6, 0], [0, 1, 0, 0, 0, 0, 0, 0, 0, 0, 0, 1, 0, 0, 49, 0, 0, 0, 0, 0, 0, 1, 0, 1, 0, 0, 1, 4, 0, 0, 9, 0, 0, 2]]
H123-compact:
([1, 1, 369, 12, 18, 25, 8, 2, 2, 1, 1, 1, 53, 1, 1, 6, 2, 1, 2, 1, 1, 1, 1, 1, 2, 1, 2, 3, 1, 4, 3, 1, 8, 2, 1], ['h1', 'h3', 'h2', 'h2', 'h2', 'h2', 'h2', 'h2', 'h2', 'h2', 'h2', 'h3', 'h3', 'h2', 'h2', 'h2', 'h3', 'h2', 'h2', 'h2', 'h2', 'h2', 'h3', 'h3', 'h2', 'h3', 'h2', 'h2', 'h3', 'h3', 'h2', 'h2', 'h3', 'h2', 'h1'])
H123:
[[1, 0, 0, 0, 0, 0, 0, 0, 0, 0, 0, 0, 0, 0, 0, 0, 0, 0, 0, 0, 0, 0, 0, 0, 0, 0, 0, 0, 0, 0, 0, 0, 0, 0, 1], [0, 0, 369, 12, 18, 25, 8, 2, 2, 1, 1, 0, 0, 1, 1, 6, 0, 1, 2, 1, 1, 1, 0, 0, 2, 0, 2, 3, 0, 0, 3, 1, 0, 2, 0], [0, 1, 0, 0, 0, 0, 0, 0, 0, 0, 0, 1, 53, 0, 0, 0, 2, 0, 0, 0, 0, 0, 1, 1, 0, 1, 0, 0, 1, 4, 0, 0, 8, 0, 0]]
H123-compact:
([1, 6, 1, 370, 24, 19, 10, 11, 2, 2, 1, 1, 1, 2, 1, 1, 49, 1, 1, 1, 1, 2, 1, 1, 2, 2, 1, 4, 3, 1, 9, 1, 2, 6, 3], ['h1', 'h1', 'h3', 'h2', 'h2', 'h2', 'h2', 'h2', 'h2', 'h2', 'h2', 'h3', 'h2', 'h2', 'h2', 'h2', 'h3', 'h2', 'h2', 'h2', 'h3', 'h2', 'h3', 'h3', 'h2', 'h2', 'h3', 'h3', 'h2', 'h2', 'h3', 'h2', 'h2', 'h2', 'h3'])
H123:
[[1, 6, 0, 0, 0, 0, 0, 0, 0, 0, 0, 0, 0, 0, 0, 0, 0, 0, 0, 0, 0, 0, 0, 0, 0, 0, 0, 0, 0, 0, 0, 0, 0, 0, 0], [0, 0, 0, 370, 24, 19, 10, 11, 2, 2, 1, 0, 1, 2, 1, 1, 0, 1, 1, 1, 0, 2, 0, 0, 2, 2, 0, 0, 3, 1, 0, 1, 2, 6, 0], [0, 0, 1, 0, 0, 0, 0, 0, 0, 0, 0, 1, 0, 0, 0, 0, 49, 0, 0, 0, 1, 0, 1, 1, 0, 0, 1, 4, 0, 0, 9, 0, 0, 0, 3]]
H123-compact:
([1, 1, 368, 52, 1, 12, 2, 1, 1, 2, 1, 49, 1, 1, 2, 1, 1, 1, 1, 1, 2, 1, 2, 2, 1, 4, 3, 1, 8, 2, 6, 1], ['h1', 'h3', 'h2', 'h2', 'h2', 'h2', 'h2', 'h2', 'h3', 'h2', 'h2', 'h3', 'h2', 'h2', 'h2', 'h2', 'h2', 'h2', 'h3', 'h3', 'h2', 'h3', 'h2', 'h2', 'h3', 'h3', 'h2', 'h2', 'h3', 'h2', 'h2', 'h3'])
H123:
[[1, 0, 0, 0, 0, 0, 0, 0, 0, 0, 0, 0, 0, 0, 0, 0, 0, 0, 0, 0, 0, 0, 0, 0, 0, 0, 0, 0, 0, 0, 0, 0], [0, 0, 368, 52, 1, 12, 2, 1, 0, 2, 1, 0, 1, 1, 2, 1, 1, 1, 0, 0, 2, 0, 2, 2, 0, 0, 3, 1, 0, 2, 6, 0], [0, 1, 0, 0, 0, 0, 0, 0, 1, 0, 0, 49, 0, 0, 0, 0, 0, 0, 1, 1, 0, 1, 0, 0, 1, 4, 0, 0, 8, 0, 0, 1]]
H123-compact:
([1, 1, 370, 25, 16, 12, 8, 2, 2, 2, 1, 1, 1, 52, 1, 1, 2, 1, 1, 1, 1, 2, 1, 1, 2, 3, 1, 4, 4, 1, 8, 2, 6], ['h1', 'h3', 'h2', 'h2', 'h2', 'h2', 'h2', 'h2', 'h2', 'h2', 'h2', 'h3', 'h2', 'h3', 'h2', 'h2', 'h2', 'h2', 'h2', 'h2', 'h3', 'h2', 'h3', 'h3', 'h2', 'h2', 'h3', 'h3', 'h2', 'h2', 'h3', 'h2', 'h2'])
H123:
[[1, 0, 0, 0, 0, 0, 0, 0, 0, 0, 0, 0, 0, 0, 0, 0, 0, 0, 0, 0, 0, 0, 0, 0, 0, 0, 0, 0, 0, 0, 0, 0, 0], [0, 0, 370, 25, 16, 12, 8, 2, 2, 2, 1, 0, 1, 0, 1, 1, 2, 1, 1, 1, 0, 2, 0, 0, 2, 3, 0, 0, 4, 1, 0, 2, 6], [0, 1, 0, 0, 0, 0, 0, 0, 0, 0, 0, 1, 0, 52, 0, 0, 0, 0, 0, 0, 1, 0, 1, 1, 0, 0, 1, 4, 0, 0, 8, 0, 0]]
H123-compact:
([1, 1, 371, 16, 24, 14, 11, 2, 2, 1, 1, 1, 1, 2, 1, 49, 1, 1, 1, 1, 1, 2, 1, 1, 2, 3, 1, 4, 3, 1, 9, 2, 6, 1], ['h1', 'h3', 'h2', 'h2', 'h2', 'h2', 'h2', 'h2', 'h2', 'h3', 'h2', 'h2', 'h2', 'h2', 'h2', 'h3', 'h2', 'h2', 'h2', 'h2', 'h3', 'h2', 'h3', 'h3', 'h2', 'h2', 'h3', 'h3', 'h2', 'h2', 'h3', 'h2', 'h2', 'h3'])
H123:
[[1, 0, 0, 0, 0, 0, 0, 0, 0, 0, 0, 0, 0, 0, 0, 0, 0, 0, 0, 0, 0, 0, 0, 0, 0, 0, 0, 0, 0, 0, 0, 0, 0, 0], [0, 0, 371, 16, 24, 14, 11, 2, 2, 0, 1, 1, 1, 2, 1, 0, 1, 1, 1, 1, 0, 2, 0, 0, 2, 3, 0, 0, 3, 1, 0, 2, 6, 0], [0, 1, 0, 0, 0, 0, 0, 0, 0, 1, 0, 0, 0, 0, 0, 49, 0, 0, 0, 0, 1, 0, 1, 1, 0, 0, 1, 4, 0, 0, 9, 0, 0, 1]]
H123-compact:
([1, 1, 370, 12, 27, 19, 11, 1, 2, 2, 1, 1, 3, 1, 1, 6, 67, 1, 2, 1, 1, 1, 1, 1, 2, 1, 4, 2, 1, 4, 8, 2, 1, 1, 1, 2, 1, 2, 1], ['h1', 'h3', 'h2', 'h2', 'h2', 'h2', 'h2', 'h2', 'h2', 'h2', 'h2', 'h3', 'h3', 'h3', 'h2', 'h2', 'h3', 'h2', 'h2', 'h2', 'h2', 'h2', 'h2', 'h3', 'h2', 'h3', 'h3', 'h2', 'h3', 'h2', 'h3', 'h2', 'h2', 'h3', 'h2', 'h2', 'h3', 'h2', 'h3'])
H123:
[[1, 0, 0, 0, 0, 0, 0, 0, 0, 0, 0, 0, 0, 0, 0, 0, 0, 0, 0, 0, 0, 0, 0, 0, 0, 0, 0, 0, 0, 0, 0, 0, 0, 0, 0, 0, 0, 0, 0], [0, 0, 370, 12, 27, 19, 11, 1, 2, 2, 1, 0, 0, 0, 1, 6, 0, 1, 2, 1, 1, 1, 1, 0, 2, 0, 0, 2, 0, 4, 0, 2, 1, 0, 1, 2, 0, 2, 0], [0, 1, 0, 0, 0, 0, 0, 0, 0, 0, 0, 1, 3, 1, 0, 0, 67, 0, 0, 0, 0, 0, 0, 1, 0, 1, 4, 0, 1, 0, 8, 0, 0, 1, 0, 0, 1, 0, 1]]
H123-compact:
([1, 1, 372, 16, 13, 23, 5, 2, 2, 1, 1, 1, 1, 2, 1, 1, 1, 2, 1, 1, 3, 2, 1, 4, 3, 1, 8, 1, 58, 1, 2, 2, 6], ['h1', 'h3', 'h2', 'h2', 'h2', 'h2', 'h2', 'h2', 'h2', 'h2', 'h3', 'h2', 'h2', 'h2', 'h2', 'h2', 'h2', 'h2', 'h3', 'h3', 'h2', 'h2', 'h3', 'h3', 'h2', 'h2', 'h3', 'h2', 'h3', 'h2', 'h2', 'h2', 'h2'])
H123:
[[1, 0, 0, 0, 0, 0, 0, 0, 0, 0, 0, 0, 0, 0, 0, 0, 0, 0, 0, 0, 0, 0, 0, 0, 0, 0, 0, 0, 0, 0, 0, 0, 0], [0, 0, 372, 16, 13, 23, 5, 2, 2, 1, 0, 1, 1, 2, 1, 1, 1, 2, 0, 0, 3, 2, 0, 0, 3, 1, 0, 1, 0, 1, 2, 2, 6], [0, 1, 0, 0, 0, 0, 0, 0, 0, 0, 1, 0, 0, 0, 0, 0, 0, 0, 1, 1, 0, 0, 1, 4, 0, 0, 8, 0, 58, 0, 0, 0, 0]]
H123-compact:
([1, 1, 369, 14, 11, 25, 10, 1, 1, 2, 2, 1, 1, 2, 50, 1, 1, 5, 1, 1, 1, 1, 1, 2, 1, 1, 2, 3, 1, 4, 3, 1, 8, 2, 1], ['h1', 'h3', 'h2', 'h2', 'h2', 'h2', 'h2', 'h2', 'h2', 'h2', 'h2', 'h3', 'h2', 'h2', 'h3', 'h2', 'h2', 'h2', 'h3', 'h2', 'h2', 'h2', 'h3', 'h2', 'h3', 'h3', 'h2', 'h2', 'h3', 'h3', 'h2', 'h2', 'h3', 'h2', 'h1'])
H123:
[[1, 0, 0, 0, 0, 0, 0, 0, 0, 0, 0, 0, 0, 0, 0, 0, 0, 0, 0, 0, 0, 0, 0, 0, 0, 0, 0, 0, 0, 0, 0, 0, 0, 0, 1], [0, 0, 369, 14, 11, 25, 10, 1, 1, 2, 2, 0, 1, 2, 0, 1, 1, 5, 0, 1, 1, 1, 0, 2, 0, 0, 2, 3, 0, 0, 3, 1, 0, 2, 0], [0, 1, 0, 0, 0, 0, 0, 0, 0, 0, 0, 1, 0, 0, 50, 0, 0, 0, 1, 0, 0, 0, 1, 0, 1, 1, 0, 0, 1, 4, 0, 0, 8, 0, 0]]
H123-compact:
([1, 1, 369, 24, 17, 13, 11, 2, 2, 1, 1, 1, 1, 1, 2, 1, 1, 49, 1, 1, 1, 1, 1, 2, 1, 1, 2, 3, 1, 4, 4, 1, 8, 2, 6, 3], ['h1', 'h3', 'h2', 'h2', 'h2', 'h2', 'h2', 'h2', 'h2', 'h3', 'h2', 'h2', 'h2', 'h2', 'h2', 'h2', 'h2', 'h3', 'h2', 'h2', 'h2', 'h2', 'h3', 'h2', 'h3', 'h3', 'h2', 'h2', 'h3', 'h3', 'h2', 'h2', 'h3', 'h2', 'h2', 'h3'])
H123:
[[1, 0, 0, 0, 0, 0, 0, 0, 0, 0, 0, 0, 0, 0, 0, 0, 0, 0, 0, 0, 0, 0, 0, 0, 0, 0, 0, 0, 0, 0, 0, 0, 0, 0, 0, 0], [0, 0, 369, 24, 17, 13, 11, 2, 2, 0, 1, 1, 1, 1, 2, 1, 1, 0, 1, 1, 1, 1, 0, 2, 0, 0, 2, 3, 0, 0, 4, 1, 0, 2, 6, 0], [0, 1, 0, 0, 0, 0, 0, 0, 0, 1, 0, 0, 0, 0, 0, 0, 0, 49, 0, 0, 0, 0, 1, 0, 1, 1, 0, 0, 1, 4, 0, 0, 8, 0, 0, 3]]

