H123-compact:
([1, 1, 1, 1, 63, 5, 3, 6, 1, 2, 2, 2, 2, 2], ['h1', 'h3', 'h1', 'h2', 'h2', 'h2', 'h2', 'h2', 'h3', 'h2', 'h2', 'h2', 'h1', 'h2'])
H123:
[[1, 0, 1, 0, 0, 0, 0, 0, 0, 0, 0, 0, 2, 0], [0, 0, 0, 1, 63, 5, 3, 6, 0, 2, 2, 2, 0, 2], [0, 1, 0, 0, 0, 0, 0, 0, 1, 0, 0, 0, 0, 0]]
H123-compact:
([1, 1, 1, 1, 43, 5, 2, 1, 2, 2, 2, 2, 6, 2], ['h1', 'h3', 'h1', 'h2', 'h2', 'h2', 'h2', 'h3', 'h2', 'h2', 'h1', 'h2', 'h2', 'h2'])
H123:
[[1, 0, 1, 0, 0, 0, 0, 0, 0, 0, 2, 0, 0, 0], [0, 0, 0, 1, 43, 5, 2, 0, 2, 2, 0, 2, 6, 2], [0, 1, 0, 0, 0, 0, 0, 1, 0, 0, 0, 0, 0, 0]]
H123-compact:
([1, 1, 1, 1, 43, 5, 3, 1, 2, 2, 2, 2, 6, 2], ['h1', 'h3', 'h1', 'h2', 'h2', 'h2', 'h2', 'h3', 'h2', 'h2', 'h1', 'h2', 'h2', 'h2'])
H123:
[[1, 0, 1, 0, 0, 0, 0, 0, 0, 0, 2, 0, 0, 0], [0, 0, 0, 1, 43, 5, 3, 0, 2, 2, 0, 2, 6, 2], [0, 1, 0, 0, 0, 0, 0, 1, 0, 0, 0, 0, 0, 0]]
H123-compact:
([1, 1, 1, 1, 62, 5, 3, 1, 2, 2, 2, 2, 6, 2], ['h1', 'h3', 'h1', 'h2', 'h2', 'h2', 'h2', 'h3', 'h2', 'h2', 'h1', 'h2', 'h2', 'h2'])
H123:
[[1, 0, 1, 0, 0, 0, 0, 0, 0, 0, 2, 0, 0, 0], [0, 0, 0, 1, 62, 5, 3, 0, 2, 2, 0, 2, 6, 2], [0, 1, 0, 0, 0, 0, 0, 1, 0, 0, 0, 0, 0, 0]]
H123-compact:
([1, 1, 1, 1, 41, 5, 2, 1, 2, 2, 2, 2, 6, 2], ['h1', 'h3', 'h1', 'h2', 'h2', 'h2', 'h2', 'h3', 'h2', 'h2', 'h1', 'h2', 'h2', 'h2'])
H123:
[[1, 0, 1, 0, 0, 0, 0, 0, 0, 0, 2, 0, 0, 0], [0, 0, 0, 1, 41, 5, 2, 0, 2, 2, 0, 2, 6, 2], [0, 1, 0, 0, 0, 0, 0, 1, 0, 0, 0, 0, 0, 0]]
H123-compact:
([1, 1, 1, 1, 62, 5, 2, 1, 2, 2, 2, 2, 6, 2], ['h1', 'h3', 'h1', 'h2', 'h2', 'h2', 'h2', 'h3', 'h2', 'h2', 'h1', 'h2', 'h2', 'h2'])
H123:
[[1, 0, 1, 0, 0, 0, 0, 0, 0, 0, 2, 0, 0, 0], [0, 0, 0, 1, 62, 5, 2, 0, 2, 2, 0, 2, 6, 2], [0, 1, 0, 0, 0, 0, 0, 1, 0, 0, 0, 0, 0, 0]]
H123-compact:
([1, 1, 1, 1, 43, 5, 2, 1, 2, 2, 2, 2, 6, 2], ['h1', 'h3', 'h1', 'h2', 'h2', 'h2', 'h2', 'h3', 'h2', 'h2', 'h1', 'h2', 'h2', 'h2'])
H123:
[[1, 0, 1, 0, 0, 0, 0, 0, 0, 0, 2, 0, 0, 0], [0, 0, 0, 1, 43, 5, 2, 0, 2, 2, 0, 2, 6, 2], [0, 1, 0, 0, 0, 0, 0, 1, 0, 0, 0, 0, 0, 0]]
H123-compact:
([1, 1, 1, 1, 56, 5, 2, 1, 2, 2, 6, 2, 2, 2], ['h1', 'h3', 'h1', 'h2', 'h2', 'h2', 'h2', 'h3', 'h2', 'h2', 'h2', 'h1', 'h2', 'h2'])
H123:
[[1, 0, 1, 0, 0, 0, 0, 0, 0, 0, 0, 2, 0, 0], [0, 0, 0, 1, 56, 5, 2, 0, 2, 2, 6, 0, 2, 2], [0, 1, 0, 0, 0, 0, 0, 1, 0, 0, 0, 0, 0, 0]]
H123-compact:
([1, 1, 1, 1, 63, 6, 3, 1, 2, 2, 2, 2, 6, 2], ['h1', 'h3', 'h1', 'h2', 'h2', 'h2', 'h2', 'h3', 'h2', 'h2', 'h1', 'h2', 'h2', 'h2'])
H123:
[[1, 0, 1, 0, 0, 0, 0, 0, 0, 0, 2, 0, 0, 0], [0, 0, 0, 1, 63, 6, 3, 0, 2, 2, 0, 2, 6, 2], [0, 1, 0, 0, 0, 0, 0, 1, 0, 0, 0, 0, 0, 0]]
H123-compact:
([1, 1, 1, 1, 63, 5, 2, 2, 1, 2, 2, 2, 6, 2], ['h1', 'h3', 'h1', 'h2', 'h2', 'h2', 'h2', 'h2', 'h2', 'h2', 'h1', 'h2', 'h2', 'h2'])
H123:
[[1, 0, 1, 0, 0, 0, 0, 0, 0, 0, 2, 0, 0, 0], [0, 0, 0, 1, 63, 5, 2, 2, 1, 2, 0, 2, 6, 2], [0, 1, 0, 0, 0, 0, 0, 0, 0, 0, 0, 0, 0, 0]]
H123-compact:
([1, 1, 1, 1, 63, 5, 2, 1, 2, 2, 2, 2, 6, 2], ['h1', 'h3', 'h1', 'h2', 'h2', 'h2', 'h2', 'h3', 'h2', 'h2', 'h1', 'h2', 'h2', 'h2'])
H123:
[[1, 0, 1, 0, 0, 0, 0, 0, 0, 0, 2, 0, 0, 0], [0, 0, 0, 1, 63, 5, 2, 0, 2, 2, 0, 2, 6, 2], [0, 1, 0, 0, 0, 0, 0, 1, 0, 0, 0, 0, 0, 0]]
H123-compact:
([1, 1, 1, 1, 39, 5, 3, 1, 2, 2, 2, 2, 6, 2], ['h1', 'h3', 'h1', 'h2', 'h2', 'h2', 'h2', 'h3', 'h2', 'h2', 'h1', 'h2', 'h2', 'h2'])
H123:
[[1, 0, 1, 0, 0, 0, 0, 0, 0, 0, 2, 0, 0, 0], [0, 0, 0, 1, 39, 5, 3, 0, 2, 2, 0, 2, 6, 2], [0, 1, 0, 0, 0, 0, 0, 1, 0, 0, 0, 0, 0, 0]]
H123-compact:
([1, 1, 1, 1, 35, 5, 1, 2, 2, 2, 2, 6, 3, 2], ['h1', 'h3', 'h1', 'h2', 'h2', 'h2', 'h3', 'h2', 'h2', 'h1', 'h2', 'h2', 'h2', 'h2'])
H123:
[[1, 0, 1, 0, 0, 0, 0, 0, 0, 2, 0, 0, 0, 0], [0, 0, 0, 1, 35, 5, 0, 2, 2, 0, 2, 6, 3, 2], [0, 1, 0, 0, 0, 0, 1, 0, 0, 0, 0, 0, 0, 0]]
H123-compact:
([1, 1, 1, 1, 51, 5, 2, 2, 1, 2, 2, 2, 6, 2], ['h1', 'h3', 'h1', 'h2', 'h2', 'h2', 'h2', 'h2', 'h2', 'h2', 'h1', 'h2', 'h2', 'h2'])
H123:
[[1, 0, 1, 0, 0, 0, 0, 0, 0, 0, 2, 0, 0, 0], [0, 0, 0, 1, 51, 5, 2, 2, 1, 2, 0, 2, 6, 2], [0, 1, 0, 0, 0, 0, 0, 0, 0, 0, 0, 0, 0, 0]]
H123-compact:
([1, 1, 1, 1, 57, 5, 3, 1, 2, 2, 2, 2, 6, 2], ['h1', 'h3', 'h1', 'h2', 'h2', 'h2', 'h2', 'h3', 'h2', 'h2', 'h1', 'h2', 'h2', 'h2'])
H123:
[[1, 0, 1, 0, 0, 0, 0, 0, 0, 0, 2, 0, 0, 0], [0, 0, 0, 1, 57, 5, 3, 0, 2, 2, 0, 2, 6, 2], [0, 1, 0, 0, 0, 0, 0, 1, 0, 0, 0, 0, 0, 0]]
H123-compact:
([1, 1, 1, 1, 58, 5, 3, 1, 2, 2, 2, 2, 1, 6, 2], ['h1', 'h3', 'h1', 'h2', 'h2', 'h2', 'h2', 'h3', 'h2', 'h2', 'h1', 'h2', 'h1', 'h2', 'h2'])
H123:
[[1, 0, 1, 0, 0, 0, 0, 0, 0, 0, 2, 0, 1, 0, 0], [0, 0, 0, 1, 58, 5, 3, 0, 2, 2, 0, 2, 0, 6, 2], [0, 1, 0, 0, 0, 0, 0, 1, 0, 0, 0, 0, 0, 0, 0]]
H123-compact:
([1, 1, 1, 1, 58, 5, 2, 1, 2, 2, 2, 2, 6, 2], ['h1', 'h3', 'h1', 'h2', 'h2', 'h2', 'h2', 'h3', 'h2', 'h2', 'h1', 'h2', 'h2', 'h2'])
H123:
[[1, 0, 1, 0, 0, 0, 0, 0, 0, 0, 2, 0, 0, 0], [0, 0, 0, 1, 58, 5, 2, 0, 2, 2, 0, 2, 6, 2], [0, 1, 0, 0, 0, 0, 0, 1, 0, 0, 0, 0, 0, 0]]
H123-compact:
([1, 1, 1, 1, 59, 5, 3, 1, 2, 2, 2, 2, 6, 2], ['h1', 'h3', 'h1', 'h2', 'h2', 'h2', 'h2', 'h3', 'h2', 'h2', 'h1', 'h2', 'h2', 'h2'])
H123:
[[1, 0, 1, 0, 0, 0, 0, 0, 0, 0, 2, 0, 0, 0], [0, 0, 0, 1, 59, 5, 3, 0, 2, 2, 0, 2, 6, 2], [0, 1, 0, 0, 0, 0, 0, 1, 0, 0, 0, 0, 0, 0]]
H123-compact:
([1, 1, 1, 1, 53, 5, 3, 1, 2, 2, 2, 2, 6, 2], ['h1', 'h3', 'h1', 'h2', 'h2', 'h2', 'h2', 'h3', 'h2', 'h2', 'h1', 'h2', 'h2', 'h2'])
H123:
[[1, 0, 1, 0, 0, 0, 0, 0, 0, 0, 2, 0, 0, 0], [0, 0, 0, 1, 53, 5, 3, 0, 2, 2, 0, 2, 6, 2], [0, 1, 0, 0, 0, 0, 0, 1, 0, 0, 0, 0, 0, 0]]
H123-compact:
([1, 1, 1, 1, 64, 5, 3, 1, 2, 2, 2, 2, 6, 2], ['h1', 'h3', 'h1', 'h2', 'h2', 'h2', 'h2', 'h3', 'h2', 'h2', 'h1', 'h2', 'h2', 'h2'])
H123:
[[1, 0, 1, 0, 0, 0, 0, 0, 0, 0, 2, 0, 0, 0], [0, 0, 0, 1, 64, 5, 3, 0, 2, 2, 0, 2, 6, 2], [0, 1, 0, 0, 0, 0, 0, 1, 0, 0, 0, 0, 0, 0]]

